tree
version=v3
num_class=1
num_tree_per_iteration=1
label_index=0
max_feature_idx=6
objective=binary sigmoid:1
feature_names=Column_0 Column_1 Column_2 Column_3 Column_4 Column_5 Column_6
feature_infos=[-6847:81204] [0:1] [0:1] [0:11] [1:31] [1:63] [3:3881]
tree_sizes=967 974 967 973 969 977 981 977

Tree=0
num_leaves=8
num_cat=0
split_feature=6 6 1 3 6 6 6
split_gain=1638.24 442.546 354.184 321.102 158.992 61.9717 52.8565
threshold=205.50000000000003 437.50000000000006 1.0000000180025095e-35 3.5000000000000004 87.500000000000014 153.50000000000003 651.50000000000011
decision_type=2 2 2 2 2 2 2
left_child=3 2 -2 5 -5 -1 -3
right_child=1 6 -4 4 -6 -7 -8
leaf_value=0.28609642017442244 0.18847850492670326 0.02019882043252777 0.042241937715854092 0.26814966343124785 0.099880797672990074 0.21228426686652496 -0.038412525157962354
leaf_weight=423.77729585766792 281.77079460024834 270.06148660182953 401.10608249902725 73.494592756032944 235.43183103203773 156.95455402135849 363.23768216371536
leaf_count=1701 1131 1084 1610 295 945 630 1458
internal_value=0.117833 0.046734 0.102586 0.222388 0.139994 0.266192 -0.013463
internal_weight=0 1316.18 682.877 889.658 308.926 580.732 633.299
internal_count=8854 5283 2741 3571 1240 2331 2542
is_linear=0
shrinkage=1


Tree=1
num_leaves=8
num_cat=0
split_feature=6 3 6 1 6 6 6
split_gain=1339.86 384.699 236.564 190.635 174.983 102.563 29.5598
threshold=257.50000000000006 3.5000000000000004 477.50000000000006 1.0000000180025095e-35 130.50000000000003 153.50000000000003 651.50000000000011
decision_type=2 2 2 2 2 2 2
left_child=1 5 3 -2 -3 -1 -4
right_child=2 4 6 -5 -6 -7 -8
leaf_value=0.15415402753751015 0.044480206048161788 0.082959927844278039 -0.092705760343174681 -0.078999440086231859 -0.05147842825246917 0.075741276071430372 -0.14015555772602026
leaf_weight=416.66554565727711 207.6251258701086 157.47772890329361 208.72871093451977 313.62272064387798 250.52543948590755 279.40739645063877 364.36558189988136
leaf_count=1701 837 636 835 1255 1005 1127 1458
internal_value=0 0.0775338 -0.0785882 -0.0298167 0.000428462 0.122714 -0.122918
internal_weight=0 1104.08 1094.34 521.248 408.003 696.073 573.094
internal_count=8854 4469 4385 2092 1641 2828 2293
is_linear=0
shrinkage=0.1


Tree=2
num_leaves=8
num_cat=0
split_feature=6 6 1 3 6 6 6
split_gain=1102.59 293.632 242.626 226.331 118.598 48.9331 42.3918
threshold=205.50000000000003 410.50000000000006 1.0000000180025095e-35 3.5000000000000004 78.500000000000014 136.50000000000003 651.50000000000011
decision_type=2 2 2 2 2 2 2
left_child=3 2 -2 5 -5 -1 -3
right_child=1 6 -4 4 -6 -7 -8
leaf_value=0.1478771174221741 0.064697491992021641 -0.076828342083810675 -0.060678979853388104 0.14468409371949462 -0.012162038144143079 0.086381006833071927 -0.1271515732253703
leaf_weight=353.35005605220795 261.76253268122673 314.67314769327641 375.450593739748 59.642875671386719 247.33313404023647 206.22035989165306 361.60971754789352
leaf_count=1483 1061 1261 1503 246 994 848 1458
internal_value=0 -0.0578869 -0.00917048 0.0874175 0.0183972 0.125258 -0.10377
internal_weight=0 1313.5 637.213 866.546 306.976 559.57 676.283
internal_count=8854 5283 2564 3571 1240 2331 2719
is_linear=0
shrinkage=0.1


Tree=3
num_leaves=8
num_cat=0
split_feature=6 6 1 3 6 6 6
split_gain=920.129 287.106 268.426 151.522 56.7688 52.6524 29.8858
threshold=177.50000000000003 437.50000000000006 1.0000000180025095e-35 7.5000000000000009 76.500000000000014 127.50000000000001 801.50000000000011
decision_type=2 2 2 2 2 2 2
left_child=3 2 -2 5 -5 -1 -3
right_child=1 6 -4 4 -6 -7 -8
leaf_value=0.13565197857458675 0.062542512986999699 -0.080278712470410366 -0.055162403851896386 0.12941764448849088 -0.032961459427011043 0.07256259810777356 -0.12547007470375485
leaf_weight=383.25414890050888 327.43460538983345 388.61995214223862 473.8285466581583 26.347435474395752 113.15374805033207 203.46090580523014 237.16507112979889
leaf_count=1654 1338 1571 1904 112 455 849 971
internal_value=0 -0.0467039 -0.00705839 0.0915456 -0.00213086 0.113811 -0.0974454
internal_weight=0 1427.05 801.263 726.216 139.501 586.715 625.785
internal_count=8854 5784 3242 3070 567 2503 2542
is_linear=0
shrinkage=0.1


Tree=4
num_leaves=8
num_cat=0
split_feature=6 6 3 3 6 6 4
split_gain=763.6 243.175 231.857 138.385 72.2748 32.7406 19.0284
threshold=175.50000000000003 410.50000000000006 3.5000000000000004 3.5000000000000004 87.500000000000014 651.50000000000011 4.5000000000000009
decision_type=2 2 2 2 2 2 2
left_child=3 2 -2 6 -5 -3 -1
right_child=1 5 -4 4 -6 -7 -8
leaf_value=0.043438507074060974 0.044241052556128202 -0.062789978105109875 -0.067090092244249638 0.11426335185223978 -0.0065584848905006297 -0.10748172528676091 0.12459909360318995
leaf_weight=31.381685763597488 435.36414435505867 311.64609251916409 327.63178990781307 67.62280099093914 183.06975136697292 349.13260628283024 416.09052434563637
leaf_count=140 1780 1261 1324 295 737 1458 1859
internal_value=0 -0.0420349 -0.00357054 0.0856209 0.0261072 -0.0864327 0.118932
internal_weight=0 1423.77 762.996 698.165 250.693 660.779 447.472
internal_count=8854 5823 3104 3031 1032 2719 1999
is_linear=0
shrinkage=0.1


Tree=5
num_leaves=8
num_cat=0
split_feature=6 1 6 6 1 6 6
split_gain=638.557 231.512 169.471 109.454 101.587 18.7207 17.7662
threshold=257.50000000000006 1.0000000180025095e-35 123.50000000000001 477.50000000000006 1.0000000180025095e-35 801.50000000000011 143.50000000000003
decision_type=2 2 2 2 2 2 2
left_child=1 6 -3 4 -2 -5 -1
right_child=3 2 -4 5 -6 -7 -8
leaf_value=0.12381648200449005 0.033531636294598842 0.085465797795913456 -0.03107800866177712 -0.070017145490662222 -0.057329362212597504 -0.10779102094280327 0.085357265338474778
leaf_weight=260.78184731304646 203.38911533355713 194.95044405758381 345.66892606019974 318.97935280203819 310.83385662734509 225.95837524533272 228.32728323340416
leaf_count=1198 837 889 1424 1322 1255 971 958
internal_value=0 0.0560779 0.0109668 -0.0544998 -0.0213924 -0.0857189 0.105911
internal_weight=0 1029.73 540.619 1059.16 514.223 544.938 489.109
internal_count=8854 4469 2313 4385 2092 2293 2156
is_linear=0
shrinkage=0.1


Tree=6
num_leaves=8
num_cat=0
split_feature=3 1 1 2 4 3 5
split_gain=218.702 124.167 94.0554 78.3581 44.244 36.2474 7.80022
threshold=8.5000000000000018 1.0000000180025095e-35 1.0000000180025095e-35 1.0000000180025095e-35 20.500000000000004 1.0000000180025095e-35 5.5000000000000009
decision_type=2 2 2 2 2 2 2
left_child=1 5 4 -3 -2 -1 -4
right_child=2 3 6 -5 -6 -7 -8
leaf_value=0.062174935229699781 0.019052560845571262 -0.02265961843423276 -0.12889251951474887 0.067013141703923723 -0.13737890230307781 0.020536770073225824 -0.0029936429250419267
leaf_weight=417.33226937055588 96.290999487042427 810.92710545659065 172.86791428923607 110.52595752477646 22.019714936614037 419.40084853768349 5.0764854401350012
leaf_count=1862 404 3451 709 480 91 1836 21
internal_value=0 0.0134333 -0.0794121 -0.0118896 -0.0102718 0.0413157 -0.125309
internal_weight=0 1758.19 296.255 921.453 118.311 836.733 177.944
internal_count=8854 7629 1225 3931 495 3698 730
is_linear=0
shrinkage=0.1


Tree=7
num_leaves=8
num_cat=0
split_feature=6 3 6 4 6 1 6
split_gain=534.963 281.109 108.276 94.4805 43.6421 45.6264 6.11189
threshold=348.50000000000006 3.5000000000000004 130.50000000000003 4.5000000000000009 613.50000000000011 1.0000000180025095e-35 923.50000000000011
decision_type=2 2 2 2 2 2 2
left_child=1 3 -3 -1 5 -2 -6
right_child=4 2 -4 -5 6 -7 -8
leaf_value=-0.032663120023457531 -0.0048837266912831372 0.054924046157716767 -0.046824023702731525 0.089093987237278821 -0.079343984337574711 -0.073252851985911235 -0.10565411806303054
leaf_weight=70.032146945595741 176.43498481810093 146.26070296764374 365.49051438271999 696.53454692661762 216.26259241998196 218.35076463222504 156.77561734616756
leaf_count=305 726 636 1487 3174 933 900 693
internal_value=0 0.0396574 -0.0177324 0.077964 -0.0659329 -0.0427184 -0.0904594
internal_weight=0 1278.32 511.751 766.567 767.824 394.786 373.038
internal_count=8854 5602 2123 3479 3252 1626 1626
is_linear=0
shrinkage=0.1


end of trees

feature_importances:
Column_6=33
Column_1=9
Column_3=9
Column_4=3
Column_2=1
Column_5=1

parameters:
[boosting: gbdt]
[objective: binary]
[metric: auc,l2]
[tree_learner: serial]
[device_type: cpu]
[linear_tree: 0]
[data: ]
[valid: ]
[num_iterations: 200]
[learning_rate: 0.1]
[num_leaves: 8]
[num_threads: -1]
[deterministic: 0]
[force_col_wise: 0]
[force_row_wise: 0]
[histogram_pool_size: -1]
[max_depth: 3]
[min_data_in_leaf: 20]
[min_sum_hessian_in_leaf: 0.001]
[bagging_fraction: 0.930467]
[pos_bagging_fraction: 1]
[neg_bagging_fraction: 1]
[bagging_freq: 10]
[bagging_seed: 3]
[feature_fraction: 0.730548]
[feature_fraction_bynode: 1]
[feature_fraction_seed: 2]
[extra_trees: 0]
[extra_seed: 6]
[early_stopping_round: 2]
[first_metric_only: 0]
[max_delta_step: 0]
[lambda_l1: 0]
[lambda_l2: 0.229561]
[linear_lambda: 0]
[min_gain_to_split: 0]
[drop_rate: 0.1]
[max_drop: 50]
[skip_drop: 0.5]
[xgboost_dart_mode: 0]
[uniform_drop: 0]
[drop_seed: 4]
[top_rate: 0.2]
[other_rate: 0.1]
[min_data_per_group: 100]
[max_cat_threshold: 32]
[cat_l2: 10]
[cat_smooth: 10]
[max_cat_to_onehot: 4]
[top_k: 20]
[monotone_constraints: ]
[monotone_constraints_method: basic]
[monotone_penalty: 0]
[feature_contri: ]
[forcedsplits_filename: ]
[refit_decay_rate: 0.9]
[cegb_tradeoff: 1]
[cegb_penalty_split: 0]
[cegb_penalty_feature_lazy: ]
[cegb_penalty_feature_coupled: ]
[path_smooth: 0]
[interaction_constraints: ]
[verbosity: -1]
[saved_feature_importance_type: 0]
[max_bin: 255]
[max_bin_by_feature: ]
[min_data_in_bin: 3]
[bin_construct_sample_cnt: 200000]
[data_random_seed: 1]
[is_enable_sparse: 1]
[enable_bundle: 1]
[use_missing: 1]
[zero_as_missing: 0]
[feature_pre_filter: 1]
[pre_partition: 0]
[two_round: 0]
[header: 0]
[label_column: ]
[weight_column: ]
[group_column: ]
[ignore_column: ]
[categorical_feature: ]
[forcedbins_filename: ]
[objective_seed: 5]
[num_class: 1]
[is_unbalance: 0]
[scale_pos_weight: 1]
[sigmoid: 1]
[boost_from_average: 1]
[reg_sqrt: 0]
[alpha: 0.9]
[fair_c: 1]
[poisson_max_delta_step: 0.7]
[tweedie_variance_power: 1.5]
[lambdarank_truncation_level: 30]
[lambdarank_norm: 1]
[label_gain: ]
[eval_at: ]
[multi_error_top_k: 1]
[auc_mu_weights: ]
[num_machines: 1]
[local_listen_port: 12400]
[time_out: 120]
[machine_list_filename: ]
[machines: ]
[gpu_platform_id: -1]
[gpu_device_id: -1]
[gpu_use_dp: 0]
[num_gpu: 1]

end of parameters

pandas_categorical:null
