tree
version=v3
num_class=1
num_tree_per_iteration=1
label_index=0
max_feature_idx=8
objective=binary sigmoid:1
feature_names=Column_0 Column_1 Column_2 Column_3 Column_4 Column_5 Column_6 Column_7 Column_8
feature_infos=[18:95] [-6847:81204] [0:11] [0:1] [0:1] [0:11] [1:31] [1:63] [3:3881]
tree_sizes=6241 6391 6408 6392 6416 6397 6388 6403

Tree=0
num_leaves=60
num_cat=0
split_feature=8 8 3 8 3 1 7 8 0 0 7 8 7 3 1 1 8 0 1 0 4 1 7 1 0 8 7 1 7 0 0 6 0 1 8 8 4 1 0 8 6 6 6 6 7 8 8 7 7 0 7 6 1 0 7 1 8 8 6
split_gain=1261.41 346.381 264.307 166.416 129.791 62.7961 49.9159 45.1987 34.1357 34.6635 22.9212 21.7378 21.6898 20.9051 20.451 20.4452 15.4257 14.1245 13.4317 13.044 12.3608 11.0405 12.2532 10.9842 10.6247 10.6213 9.70134 8.45286 11.8585 8.08412 7.95944 7.32289 6.26632 6.11506 6.05028 5.98994 5.09646 9.32543 5.90215 4.91067 5.06432 4.69774 4.59036 4.1941 5.69176 3.8951 3.86113 3.76783 3.72737 3.6128 3.38801 3.32312 3.15999 2.92587 2.90875 2.88105 2.87029 2.7123 5.23619
threshold=205.50000000000003 447.50000000000006 1.0000000180025095e-35 119.50000000000001 1.0000000180025095e-35 90.500000000000014 1.5000000000000002 651.50000000000011 60.500000000000007 29.500000000000004 3.5000000000000004 78.500000000000014 3.5000000000000004 1.0000000180025095e-35 223.50000000000003 974.50000000000011 406.50000000000006 60.500000000000007 103.50000000000001 25.500000000000004 1.0000000180025095e-35 686.50000000000011 1.5000000000000002 -50.499999999999993 44.500000000000007 477.50000000000006 1.5000000000000002 589.50000000000011 1.5000000000000002 60.500000000000007 45.500000000000007 4.5000000000000009 27.500000000000004 5048.5000000000009 300.50000000000006 163.50000000000003 1.0000000180025095e-35 473.50000000000006 35.500000000000007 954.50000000000011 10.500000000000002 4.5000000000000009 21.500000000000004 21.500000000000004 2.5000000000000004 323.50000000000006 177.50000000000003 3.5000000000000004 1.5000000000000002 37.500000000000007 3.5000000000000004 16.500000000000004 4169.0000000000009 37.500000000000007 1.5000000000000002 405.50000000000006 593.50000000000011 151.50000000000003 8.5000000000000018
decision_type=2 2 2 2 2 2 2 2 2 2 2 2 2 2 2 2 2 2 2 2 2 2 2 2 2 2 2 2 2 2 2 2 2 2 2 2 2 2 2 2 2 2 2 2 2 2 2 2 2 2 2 2 2 2 2 2 2 2 2
left_child=3 2 15 11 21 23 18 13 9 45 -11 -1 14 25 -8 16 34 19 -6 -13 47 41 57 -4 31 53 30 -21 -29 -16 -25 -17 -9 35 42 -20 38 -38 -27 40 -34 -5 -2 -43 -45 -7 55 56 -36 -33 -42 -28 54 -3 -26 -14 -15 -23 -59
right_child=1 7 5 4 6 8 12 32 -10 10 -12 17 46 20 29 24 -18 -19 33 27 -22 22 -24 26 52 36 51 28 -30 -31 -32 49 39 -35 48 -37 37 -39 -40 -41 50 43 -44 44 -46 -47 -48 -49 -50 -51 -52 -53 -54 -55 -56 -57 -58 58 -60
leaf_value=0.20704657467223248 0.18343852434628966 0.14522770645703567 0.20148980377185699 0.1478372546198698 0.13502527131133499 0.027291151200360686 0.16730931365473328 0.013841310975378177 0.022434763656494827 0.080207227289375724 0.13324858147663551 0.11197128443171439 0.17189350725500935 0.047238204877635859 0.11568585235346789 0.090327340559740482 0.10760442486650167 0.1029265246411132 0.10099052647042869 0.19773246876980505 0.10498010329569098 0.15360522922008432 0.18187149777287789 0.11783027227174156 0.073536041896916066 0.057729492006486791 0.12394723089726352 0.14939946772030072 0.19107235135607847 0.050383803823853532 0.047035672227449241 0.14112966118236844 0.03174598417852903 0.03443356061301063 0.1415134163986681 0.070239367486388413 0.068131231650365012 0.1572187896441597 0.087555315806745068 0.033008459559076678 0.047995081491825922 0.19967418968473977 0.15400845130720264 0.15713198330350453 0.21167371158496612 0.057607456951913348 0.15191361694689176 0.023260179028445543 0.16779410665222427 0.17272990191944509 0.069938644722100429 0.15932989103515116 0.13566737043853977 0.10089032134563305 0.11540276059468491 0.21179335279306993 0.070234606408887096 0.16170765529612302 0.097695331256583348
leaf_weight=172.89914363622665 60.788747906684875 8.2214290201663953 4.9826842546463004 6.2283553183078757 12.954979062080382 28.899568676948547 21.17640808224678 24.166018635034561 32.636581867933273 155.21061453223228 23.418615996837616 5.9792211055755606 9.9653685092926079 61.785284757614136 46.588097780942917 5.7300868928432456 11.460173785686491 5.4809526801109305 29.646971315145493 86.200437605381012 10.712771147489546 11.958442211151125 34.629655569791794 12.70584484934807 9.7162342965602928 30.394373953342438 12.456710636615755 28.650434464216232 42.601950377225876 5.2318184673786154 5.7300868928432456 31.640045017004013 39.86147403717041 6.7266237437725058 26.159092336893082 34.131387144327164 6.2283553183078748 5.4809526801109314 36.871863484382629 116.84394577145576 79.72294807434082 63.778358459472656 17.190260678529739 15.446321189403536 6.9757579565048209 17.439394891262054 9.9653685092926008 13.204113274812697 28.152166038751602 12.705844849348066 23.169481784105301 14.200650125741957 5.2318184673786154 6.7266237437725058 7.224892169237136 8.7196974456310254 17.937663316726685 4.9826842546463004 8.7196974456310254
leaf_count=694 244 33 20 25 52 116 85 97 131 623 94 24 40 248 187 23 46 22 119 346 43 48 139 51 39 122 50 115 171 21 23 127 160 27 105 137 25 22 148 469 320 256 69 62 28 70 40 53 113 51 93 57 21 27 29 35 72 20 35
internal_value=0.117833 0.08178 0.109923 0.16997 0.145077 0.080163 0.116925 0.0511642 0.0702051 0.0771529 0.0871632 0.194565 0.140448 0.0695469 0.125964 0.152314 0.163218 0.181769 0.0882793 0.184416 0.0540622 0.17919 0.162483 0.131386 0.130605 0.0866558 0.123564 0.187168 0.174346 0.10904 0.0957085 0.143357 0.0383753 0.0796844 0.168037 0.084512 0.0793442 0.109823 0.0740475 0.0406767 0.0469777 0.190061 0.176975 0.193095 0.174253 0.0386315 0.177279 0.0482013 0.155166 0.15023 0.0529134 0.142834 0.101812 0.125285 0.0913376 0.190693 0.0523828 0.136252 0.12104
internal_weight=0 1005.01 523.68 679.638 337.826 307.681 185.107 481.327 257.605 224.968 178.629 341.812 101.647 197.563 72.9963 215.999 143.75 168.913 83.46 163.432 103.64 152.719 60.2905 50.076 72.2489 93.9236 45.0933 157.453 71.2524 51.8199 18.4359 50.076 283.764 70.505 132.29 63.7784 78.9755 11.7093 67.2662 259.598 142.754 92.4288 77.979 86.2004 22.4221 46.339 28.6504 92.9271 54.3113 44.3459 102.892 26.6574 22.1729 14.9481 16.9411 18.6851 79.7229 25.6608 13.7024
internal_count=6762 4034 2102 2728 1356 1235 743 1932 1034 903 717 1372 408 793 293 867 577 678 335 656 416 613 242 201 290 377 181 632 286 208 74 201 1139 283 531 256 317 47 270 1042 573 371 313 346 90 186 115 373 218 178 413 107 89 60 68 75 320 103 55
is_linear=0
shrinkage=1


Tree=1
num_leaves=60
num_cat=0
split_feature=8 8 5 5 8 5 5 6 6 5 5 8 8 0 6 5 7 6 6 5 6 5 5 0 0 0 0 4 0 5 6 7 8 5 6 8 7 2 5 8 8 0 2 6 0 0 6 6 8 8 6 6 0 0 8 7 6 0 5
split_gain=1140.91 311.14 236.976 184.198 116.857 49.5614 66.8653 58.0556 57.9011 47.6399 45.4649 42.3765 40.5023 32.1268 27.8629 25.4332 23.2897 21.4776 58.8693 23.7862 20.9788 19.7301 63.2329 17.9627 18.2742 17.1978 16.8607 16.3084 15.9268 13.3126 13.5982 10.6714 9.23337 8.98239 7.47544 7.45102 7.06987 6.71454 6.17074 6.0982 6.08979 5.62446 5.5042 5.37389 5.26098 5.12995 4.69044 4.96564 4.5079 4.40039 4.54182 3.87969 3.55612 3.87145 3.52622 3.037 2.93934 2.81915 2.81431
threshold=205.50000000000003 447.50000000000006 3.5000000000000004 3.5000000000000004 87.500000000000014 8.5000000000000018 4.5000000000000009 16.500000000000004 6.5000000000000009 1.0000000180025095e-35 7.5000000000000009 134.50000000000003 651.50000000000011 60.500000000000007 16.500000000000004 1.0000000180025095e-35 3.5000000000000004 21.500000000000004 16.500000000000004 5.5000000000000009 7.5000000000000009 7.5000000000000009 6.5000000000000009 31.500000000000004 61.500000000000007 58.500000000000007 27.500000000000004 1.0000000180025095e-35 30.500000000000004 2.5000000000000004 5.5000000000000009 1.5000000000000002 365.50000000000006 1.0000000180025095e-35 11.500000000000002 282.50000000000006 2.5000000000000004 4.5000000000000009 9.5000000000000018 76.500000000000014 121.50000000000001 27.500000000000004 5.5000000000000009 4.5000000000000009 25.500000000000004 37.500000000000007 21.500000000000004 27.500000000000004 567.50000000000011 954.50000000000011 10.500000000000002 17.500000000000004 52.500000000000007 47.500000000000007 269.50000000000006 3.5000000000000004 25.500000000000004 35.500000000000007 7.5000000000000009
decision_type=2 2 2 2 2 2 2 2 2 2 2 2 2 2 2 2 2 2 2 2 2 2 2 2 2 2 2 2 2 2 2 2 2 2 2 2 2 2 2 2 2 2 2 2 2 2 2 2 2 2 2 2 2 2 2 2 2 2 2
left_child=2 3 11 9 39 6 -6 8 -8 28 -9 43 27 17 23 46 29 18 20 -20 -5 22 -19 42 -25 26 -16 33 32 30 -17 -31 51 34 45 -30 38 -37 -7 -4 -40 -14 -11 -1 -45 -3 -13 -48 -29 50 58 -2 53 -35 -23 -52 -36 -38 -43
right_child=1 12 4 13 5 36 7 10 -10 14 -12 15 41 -15 25 16 -18 21 19 -21 -22 54 -24 24 -26 -27 -28 48 35 31 -32 -33 -34 52 56 37 57 -39 40 -41 -42 49 -44 44 -46 -47 47 -49 -50 -51 55 -53 -54 -55 -56 -57 -58 -59 -60
leaf_value=0.055854487328408989 0.047689340671938002 -0.030951466364768806 0.080572610716750079 -0.019690107331739145 -0.080804152167475829 -0.088344646765624119 0.033056980249435819 0.077472965872430577 -0.076277099244291643 -0.038199480097167032 -0.066145704083171913 0.08278537184861845 -0.098453456419328927 -0.09251477593925081 -0.041944559705149181 -0.0030989233574461005 0.080468923419067029 -0.096709260210490755 0.05275440479747745 -0.019680676139978311 -0.06687243405559333 -0.066909204694251795 0.065562490360108042 0.0036158542773741167 -0.084924656809162197 -0.057735579482129144 0.042941093642192285 0.0092269207588749607 0.06698620027815165 -0.042820993582315114 0.054371677533299995 0.020348247396985472 -0.039084425609154844 -0.057132042104207074 -0.053736381120108118 0.024288390141434257 -0.03574525884997961 0.062016210670946974 -0.014910949860285801 0.037444476508330611 -0.058951110460443379 -0.090553704714378597 -0.094231847136039479 0.042002342547892438 0.086505521868355764 0.026584698092845895 0.032439039087970536 0.085033015181857935 -0.034999350617569432 -0.08031956776491915 -0.066150412578037318 0.000904194004583684 -0.073127969482223484 -0.026320564907729573 -0.10163406130557705 -0.045399182323012002 -0.01539031333458785 0.015473678895140765 -0.061383138913075098
leaf_weight=16.852513432502747 9.9397826492786461 8.2361204326152784 45.015835464000702 41.36857183277607 17.932351395487785 11.202053681015967 27.347102299332619 46.186708688735962 21.662116751074791 18.692358866333965 6.2217310965061179 50.816350027918816 24.248837888240814 27.233787134289742 6.4859356880187979 14.431024402379988 22.318253442645073 13.973372831940651 26.632982403039932 19.67266671359539 54.837263837456703 12.956954628229143 10.459401592612267 78.974971354007721 6.2470469176769248 5.4897958487272254 56.749709263443947 15.199591711163523 44.470995217561722 11.214879289269449 35.807407632470131 16.415791302919388 7.4721079468727103 83.656890660524368 25.958277091383934 30.86031611263752 5.4592058658599836 19.14942578971386 11.17164735496044 10.164098545908926 26.653701812028885 27.493073046207428 5.7408137321472159 6.9516538083553305 248.84433776140213 7.2360462397336951 11.442351520061495 7.4451391696929923 9.2212764322757703 117.21806888282299 79.953947067260742 7.9702041149139395 30.475642904639244 11.738359972834585 18.208041355013847 23.22159232199192 6.241876319050788 5.2112357169389725 12.496851384639738
leaf_count=68 40 33 182 166 72 45 110 186 87 75 25 205 97 109 26 58 90 56 107 79 220 52 42 317 25 22 228 61 179 45 144 66 30 335 104 124 22 77 45 41 107 110 23 28 1005 29 46 30 37 469 320 32 122 47 73 93 25 21 50
internal_value=0 -0.034207 0.0497507 -0.00751206 0.00907954 -0.0105299 0.00807677 0.0238211 -0.0152942 0.0182654 0.0603813 0.0712741 -0.063166 -0.0416256 0.00188217 0.0516481 0.0354856 -0.0346107 -0.0243147 0.0219915 -0.0466026 -0.0609612 -0.0272496 -0.0137605 -0.00291556 0.0268336 0.0342111 -0.0457784 0.0426372 0.0225541 0.0378751 -0.00531896 0.00745711 -0.0511607 -0.0326258 0.0520803 -0.0477072 0.0387774 -0.055729 0.0726652 -0.0459769 -0.0752501 -0.0515129 0.0834928 0.0853036 -0.0040438 0.0748412 0.0533225 -0.00750627 -0.0730727 -0.0671161 0.0269234 -0.0581665 -0.0533548 -0.0873136 -0.0615016 -0.0463348 -0.0107707 -0.0815166
internal_weight=0 1006.18 676.767 523.587 234.228 179.048 119.35 101.418 49.0092 298.243 52.4084 442.54 482.596 225.343 178.381 169.891 100.187 198.109 142.511 46.3056 96.2058 55.5978 24.4328 109.655 85.222 68.7254 63.2356 197.964 119.863 77.8691 50.2384 27.6307 25.3821 173.543 47.6723 94.4807 59.6978 50.0097 49.0274 55.1799 37.8253 284.632 24.4332 272.649 255.796 15.4722 69.7038 18.8875 24.4209 260.384 143.165 17.91 125.871 95.3953 31.165 103.176 32.2002 10.6704 39.9899
internal_count=6762 4034 2728 2102 943 720 480 408 197 1198 211 1785 1932 904 716 684 403 795 572 186 386 223 98 440 342 276 254 793 482 313 202 111 102 695 191 380 240 201 197 223 152 1139 98 1101 1033 62 281 76 98 1042 573 72 504 382 125 413 129 43 160
is_linear=0
shrinkage=0.05


Tree=2
num_leaves=60
num_cat=0
split_feature=8 8 3 8 3 7 0 0 8 4 7 2 8 3 3 0 4 7 7 0 4 8 8 7 0 2 7 2 6 0 6 0 2 4 6 6 6 4 0 8 6 6 0 7 7 0 0 4 7 2 8 2 8 6 2 6 6 0 2
split_gain=1034.02 280.516 226.772 141.343 111.558 41.6299 40.817 37.7959 36.6737 28.234 23.2981 22.2745 18.5606 18.0229 13.0935 18.8976 13.0395 12.2015 11.7205 10.3058 10.1059 9.43149 8.80442 8.29942 9.60795 7.50177 6.36965 5.74779 5.64548 5.52965 5.26446 5.24746 4.76609 4.72313 4.47965 4.36947 4.28832 4.10067 5.15037 4.09746 3.55104 4.7072 3.52456 3.50858 3.37613 3.21486 3.20881 4.0505 3.01274 2.91591 2.72392 2.63205 2.55615 2.41894 2.37829 2.37562 2.15611 2.12694 2.60827
threshold=205.50000000000003 447.50000000000006 1.0000000180025095e-35 119.50000000000001 1.0000000180025095e-35 3.5000000000000004 60.500000000000007 29.500000000000004 651.50000000000011 1.0000000180025095e-35 3.5000000000000004 4.5000000000000009 78.500000000000014 1.0000000180025095e-35 1.0000000180025095e-35 29.500000000000004 1.0000000180025095e-35 1.5000000000000002 1.5000000000000002 60.500000000000007 1.0000000180025095e-35 477.50000000000006 388.50000000000006 1.5000000000000002 31.500000000000004 1.0000000180025095e-35 1.5000000000000002 2.5000000000000004 12.500000000000002 25.500000000000004 25.500000000000004 29.500000000000004 4.5000000000000009 1.0000000180025095e-35 3.5000000000000004 9.5000000000000018 24.500000000000004 1.0000000180025095e-35 35.500000000000007 866.50000000000011 10.500000000000002 20.500000000000004 32.500000000000007 1.5000000000000002 3.5000000000000004 34.500000000000007 30.500000000000004 1.0000000180025095e-35 4.5000000000000009 3.5000000000000004 163.50000000000003 2.5000000000000004 593.50000000000011 7.5000000000000009 4.5000000000000009 6.5000000000000009 5.5000000000000009 32.500000000000007 1.5000000000000002
decision_type=2 2 2 2 2 2 2 2 2 2 2 2 2 2 2 2 2 2 2 2 2 2 2 2 2 2 2 2 2 2 2 2 2 2 2 2 2 2 2 2 2 2 2 2 2 2 2 2 2 2 2 2 2 2 2 2 2 2 2
left_child=3 2 11 12 26 9 7 29 13 17 16 22 -1 21 -14 -16 -9 25 33 -19 44 49 23 24 -2 -6 34 -25 -11 54 -31 -10 57 -17 -5 45 -12 38 -23 40 56 -42 -7 46 52 -36 -13 -48 -44 -3 -37 -39 -15 55 -4 -41 -33 58 -28
right_child=1 8 6 4 5 42 -8 10 31 28 36 43 14 20 15 18 -18 19 -20 -21 -22 37 -24 27 -26 -27 32 -29 -30 30 -32 39 -34 -35 35 50 -38 51 -40 53 41 -43 48 -45 -46 -47 47 -49 -50 -51 -52 -53 -54 -55 -56 -57 -58 -59 -60
leaf_value=0.082107710371733145 0.04895092991811141 -0.010502120840501165 -0.057905004004429383 0.0015930576462170121 -0.081559246886620737 0.027933753737086744 -0.084886246219156219 -0.029087649407123318 -0.08824045855692518 0.016473878877448916 0.032380230647579861 0.0096531593504757124 0.073245277472809858 -0.063993252143531631 -0.02064959774167871 0.016936928742521923 0.020709183123741707 0.0045973041893384494 0.067742065843462831 -0.059642200455067698 -0.01178842377368023 -0.054418658184865291 -0.0084168095950479162 0.05022154611117105 0.0014579231142939318 -0.027299815782301919 0.013729869765373236 0.018107229321616767 0.075357854175588615 -0.062558180476639136 -0.012902143368884908 -0.061835200328573994 0.080877357191715113 0.06983988540641127 0.044499293083493589 0.027654532012198016 -0.01174998366999703 0.017010192456758694 -0.026606724137003063 -0.067899542327047854 -0.044571926991343776 -0.070232086123756324 0.044292318680021127 0.06523902161739227 -0.086648407672767408 0.084737938988869985 0.041076467253530834 0.089953653454488247 0.084207952551951515 0.033909683613287098 0.053489765078082945 -0.030231584944434255 -0.042351023008699924 -0.077740238041523385 -0.095958265732470946 -0.030536950961893142 -0.090083769380180881 0.061987556841971797 0.059414274548129933
leaf_weight=169.90675818920135 13.887848287820814 8.4791109561920148 5.997395023703576 5.4669428914785376 6.9837844967842093 8.8784164339303988 35.709128931164742 173.5995526611805 40.699297711253166 7.1999096572399166 23.110213801264766 5.9639450013637534 79.687172338366508 61.994244888424873 9.6775151938199979 22.242214694619182 14.191663026809691 55.885891616344452 50.131832763552666 6.9832695126533499 10.723651438951491 30.498395025730133 21.904578253626823 39.656513005495071 45.198725000023842 69.816763907670975 5.9181561022996885 21.578030854463577 9.4146145880222303 26.225645929574966 6.7326174676418296 13.991930916905405 32.206228330731392 5.1772138476371756 8.8702811300754565 22.747405961155891 7.1961944550275794 5.7342564612627012 36.97261743247509 25.236200481653217 43.745868161320686 30.74697308242321 8.8725108057260531 38.137902766466141 13.245491638779638 11.817331299185751 23.548528313636783 5.1919936686754218 10.587844625115393 6.4858862012624732 18.768879041075706 5.9789704382419586 17.99711138010025 110.69836613535881 15.241667956113815 5.246529981493949 14.239298000931738 38.646780014038086 6.6562865674495697
leaf_count=694 56 34 24 22 28 36 143 696 163 29 93 24 324 248 39 90 57 225 204 28 43 122 88 160 182 280 24 87 38 105 27 56 131 21 36 92 29 23 148 101 175 123 36 154 53 48 95 21 43 26 76 24 72 443 61 21 57 157 27
internal_value=0 -0.0325099 -0.00714218 0.0475745 0.0246104 -0.00146605 -0.0346503 -0.0280495 -0.0599953 -0.01158 -0.0187556 0.0322519 0.0704573 -0.0434589 0.0585794 0.0451508 -0.0253204 -0.0189134 0.0533692 -0.00257548 -0.0578113 -0.0275909 0.0207254 0.0260319 0.0126494 -0.0322784 0.0564635 0.0389265 0.0499531 -0.0654029 -0.0524458 -0.0714975 0.0657317 0.0270232 0.0450014 0.0488125 0.0218997 -0.0344676 -0.039206 -0.068688 -0.0610021 -0.0551989 0.0542416 0.054731 -0.0630965 0.0676178 0.0431144 0.0500321 0.0661525 0.00878978 0.0393792 -0.00712744 -0.0591504 -0.0742593 -0.0853571 -0.061523 -0.0762031 0.0561463 0.0380377
internal_weight=0 1005.79 523.072 672.544 335.721 184.623 308.004 272.295 482.714 156.284 218.098 215.068 336.823 198.11 166.916 87.2288 187.791 139.67 77.5513 62.8692 103.96 94.1492 142.226 120.321 59.0866 76.8005 151.098 61.2345 16.6145 54.1973 32.9583 284.604 83.4275 27.4194 67.6708 62.2039 30.3064 79.1842 67.471 243.905 102.724 74.4928 28.3388 72.8424 93.2368 20.6876 34.7045 28.7405 19.4604 14.965 41.5163 11.7132 79.9914 141.181 21.2391 30.4827 28.2312 51.2212 12.5744
internal_count=6762 4034 2102 2728 1356 743 1235 1092 1932 628 875 867 1372 793 678 354 753 561 315 253 416 377 573 485 238 308 613 247 67 217 132 1139 339 111 274 252 122 317 270 976 411 298 115 294 373 84 140 116 79 60 168 47 320 565 85 122 113 208 51
is_linear=0
shrinkage=0.05


Tree=3
num_leaves=60
num_cat=0
split_feature=8 8 3 5 8 5 1 5 5 5 6 6 5 8 3 8 2 1 5 7 3 5 6 1 8 8 2 6 8 5 6 6 5 8 3 6 8 6 6 2 8 5 7 5 5 8 6 7 8 6 6 6 6 6 2 6 6 6 7
split_gain=938.48 253.776 220.052 210.419 99.9003 75.1543 48.0324 47.1852 43.9543 59.0323 51.3381 51.6148 40.8901 37.0457 36.4694 26.4582 19.9163 18.3631 18.3164 17.4941 16.4148 14.0127 26.5798 12.451 11.3702 10.662 9.5649 9.41602 9.19087 8.62149 8.3457 12.0511 8.34271 8.09959 8.08776 7.48454 7.35538 8.07664 6.53143 6.32233 5.40384 4.39636 10.3524 4.3792 3.57821 3.39033 3.57665 3.39591 3.24521 3.70144 3.11377 3.07336 3.94822 3.00695 2.96849 2.93844 2.51895 2.40987 2.37626
threshold=205.50000000000003 473.50000000000006 1.0000000180025095e-35 3.5000000000000004 87.500000000000014 3.5000000000000004 223.50000000000003 1.0000000180025095e-35 8.5000000000000018 4.5000000000000009 16.500000000000004 6.5000000000000009 7.5000000000000009 163.50000000000003 1.0000000180025095e-35 651.50000000000011 4.5000000000000009 30.500000000000004 8.5000000000000018 3.5000000000000004 1.0000000180025095e-35 4.5000000000000009 27.500000000000004 974.50000000000011 388.50000000000006 413.50000000000006 10.500000000000002 15.500000000000002 351.50000000000006 8.5000000000000018 13.500000000000002 26.500000000000004 2.5000000000000004 113.50000000000001 1.0000000180025095e-35 28.500000000000004 392.50000000000006 4.5000000000000009 4.5000000000000009 4.5000000000000009 76.500000000000014 2.5000000000000004 1.5000000000000002 1.0000000180025095e-35 2.5000000000000004 954.50000000000011 10.500000000000002 3.5000000000000004 297.50000000000006 22.500000000000004 21.500000000000004 18.500000000000004 11.500000000000002 23.500000000000004 4.5000000000000009 5.5000000000000009 5.5000000000000009 25.500000000000004 3.5000000000000004
decision_type=2 2 2 2 2 2 2 2 2 2 2 2 2 2 2 2 2 2 2 2 2 2 2 2 2 2 2 2 2 2 2 2 2 2 2 2 2 2 2 2 2 2 2 2 2 2 2 2 2 2 2 2 2 2 2 2 2 2 2
left_child=3 2 7 13 40 6 36 24 9 -6 11 -11 -12 33 43 34 23 -16 21 27 39 -7 -23 25 48 -9 28 -19 -8 -25 32 -32 -18 -1 -3 -22 37 -4 -35 -10 -5 -40 -43 -15 53 46 56 50 -2 -50 -48 52 -26 55 -45 -36 -17 -49 -46
right_child=1 15 5 4 8 18 26 16 20 10 12 -13 -14 14 17 45 30 19 -20 -21 35 22 -24 29 51 -27 -28 -29 -30 -31 31 -33 -34 38 44 -37 -38 -39 41 -41 -42 42 -44 54 58 -47 47 57 49 -51 -52 -53 -54 -55 -56 -57 -58 -59 -60
leaf_value=0.079842301555883663 0.072482939838749968 -0.03168268224458029 -0.015286658474539506 0.074238734311996388 -0.076673867681971042 -0.082190074522005871 -0.014481155108693701 0.020178641507424429 -0.027399708138870296 0.030733052792645751 0.072695931407193562 -0.07256015312590651 -0.063533290648521965 0.081149527862162396 0.082462237321565213 -0.062752384508904219 0.057785334121765279 -0.039828203184029527 -0.078923989574967102 0.062032146589552084 -0.072041038323350681 -0.045976967032879373 0.043223209006811786 -0.010839896871691639 0.04431205186191578 -0.051859612490421536 -0.082777585149906782 0.01449688413758185 -0.04621833179652992 -0.064735096106417242 0.078897950325833952 -0.0094979478535633273 -0.015660686023764477 0.024525887165801619 -0.063478166428603253 -0.011462996364757892 -0.012178730279830182 0.048593265019763937 0.072569634814183909 0.034517812079598406 0.033393983299133428 -0.010376540424821378 0.06513493606539808 0.033713368484785039 -0.057170613218969872 -0.074274009662170348 -0.056085558328518463 -0.0505914782773123 0.043009725960799668 0.089597942372048101 -0.076232431885562391 0.056032130344013553 -0.0058845793113266077 -0.071794239026743353 0.077924400412619707 -0.022664413133201267 -0.086781497972118357 -0.013868124669311879 -0.087484712358788325
leaf_weight=213.09470725059509 47.623633503913879 81.430573284626007 5.7387626171112052 43.979811877012253 17.966690137982368 19.959044799208641 73.054835021495819 46.082966506481171 12.140713870525362 27.203644663095474 45.570742726325989 21.704115182161331 6.2299792170524588 30.90761724114418 7.1497269719839087 22.169106096029282 6.1789572387933758 21.417966976761818 65.397670865058899 8.0690388828515989 35.400166526436806 69.567515552043915 9.4542578309774381 26.833418533205986 6.2109590470790925 5.7368448674678794 7.48189853131771 12.664090827107428 33.171022728085518 10.224875539541243 17.289903998374943 4.9471416473388663 10.172197312116621 9.8658576011657697 5.7442570626735749 5.9775574654340735 8.2215776294469816 35.054072499275208 87.503128573298454 6.1873511523008338 10.057679146528242 5.7146418839693096 21.809359446167946 11.035130828619005 46.190961226820946 126.48531018197536 58.646577075123787 17.98870719969273 24.655652865767482 5.1871754676103583 29.412099346518517 5.460974156856536 10.456414371728895 5.9907017052173606 5.8602122962474814 18.970672354102135 23.132217556238174 5.9946335554122916 7.7209783792495719
leaf_count=880 194 326 23 182 72 80 293 186 49 110 186 87 25 127 29 89 25 86 262 33 142 279 38 108 25 23 30 51 133 41 70 20 41 40 23 24 33 141 358 25 41 23 89 45 185 508 235 72 100 21 118 22 42 24 24 76 93 24 31
internal_value=0 -0.0309405 -0.00829024 0.0455531 0.0071415 -0.0345393 -0.0104462 0.029523 -0.010904 0.00670259 0.0216046 -0.0151304 0.0562712 0.0660691 0.0388214 -0.0588378 0.00936932 0.00863299 -0.0583802 -0.00396412 -0.0458788 -0.0447773 -0.0352866 -0.00365702 0.055301 0.0121656 -0.0282787 -0.0196497 -0.024407 -0.0257704 0.0393417 0.0592526 0.0121758 0.0738912 -0.0429627 -0.0633116 0.0309113 0.0395997 0.0637124 -0.00646392 0.0666704 0.0670626 0.0494655 0.0699186 -0.0537955 -0.0681169 -0.0631476 -0.0582887 0.0643296 0.0512294 -0.06285 0.0236278 0.0128893 -0.0400565 0.0492133 -0.0322478 -0.0750958 -0.0414554 -0.0615809
internal_weight=0 1004.04 554.162 667.51 232.418 327.101 162.722 227.061 178.381 118.675 100.708 48.9078 51.8007 435.091 97.1038 449.877 127.466 49.3008 164.378 42.1511 59.7058 98.9808 79.0218 88.8781 99.5948 51.8198 113.708 34.0821 106.226 37.0583 38.5882 22.237 16.3512 337.988 166.048 41.3777 49.0144 40.7928 124.893 18.3281 54.0375 115.027 27.524 47.803 84.6176 283.829 157.343 112.042 77.4665 29.8428 88.0587 22.1283 16.6674 30.7056 16.8953 24.7149 45.3013 23.9833 53.9119
internal_count=6762 4034 2230 2728 943 1312 653 918 720 480 408 197 211 1785 395 1804 514 199 659 170 240 397 317 358 404 209 456 137 426 149 156 90 66 1390 665 166 197 164 510 74 223 470 112 196 339 1139 631 449 315 121 353 89 67 123 69 99 182 96 216
is_linear=0
shrinkage=0.05


Tree=4
num_leaves=60
num_cat=0
split_feature=8 8 5 3 8 5 5 1 5 5 8 0 8 3 0 5 7 5 5 1 3 3 1 2 0 5 8 1 0 8 0 8 3 2 5 8 0 0 0 5 8 0 1 0 8 5 0 1 7 0 1 8 0 0 8 2 7 8 0
split_gain=853.529 230.578 193.533 185.282 91.3517 69.7602 46.3834 42.4811 39.6398 53.3908 34.8218 31.3174 30.6136 25.5386 24.7768 22.8011 18.2987 17.4605 16.2691 16.2039 15.0341 14.8004 13.5484 13.4459 13.0212 12.5785 10.9546 10.429 9.94736 7.86122 7.31116 7.18417 6.3221 5.71185 5.08821 5.07986 4.93252 4.85674 4.59943 4.01252 3.97326 5.73676 3.86448 3.69306 3.56796 3.52826 3.2489 5.27787 2.96702 2.89288 6.31576 5.33865 2.84378 2.78516 2.48254 2.16396 2.14447 2.07082 1.95615
threshold=205.50000000000003 447.50000000000006 3.5000000000000004 1.0000000180025095e-35 87.500000000000014 3.5000000000000004 1.0000000180025095e-35 223.50000000000003 8.5000000000000018 4.5000000000000009 147.50000000000003 33.500000000000007 651.50000000000011 1.0000000180025095e-35 60.500000000000007 2.5000000000000004 3.5000000000000004 10.500000000000002 8.5000000000000018 30.500000000000004 1.0000000180025095e-35 1.0000000180025095e-35 686.50000000000011 4.5000000000000009 29.500000000000004 4.5000000000000009 117.50000000000001 974.50000000000011 60.500000000000007 477.50000000000006 29.500000000000004 300.50000000000006 1.0000000180025095e-35 4.5000000000000009 9.5000000000000018 76.500000000000014 27.500000000000004 56.500000000000007 31.500000000000004 2.5000000000000004 113.50000000000001 28.500000000000004 718.50000000000011 58.500000000000007 866.50000000000011 9.5000000000000018 45.500000000000007 3116.0000000000005 3.5000000000000004 39.500000000000007 1616.5000000000002 520.50000000000011 37.500000000000007 29.500000000000004 134.50000000000003 5.5000000000000009 1.5000000000000002 132.50000000000003 32.500000000000007
decision_type=2 2 2 2 2 2 2 2 2 2 2 2 2 2 2 2 2 2 2 2 2 2 2 2 2 2 2 2 2 2 2 2 2 2 2 2 2 2 2 2 2 2 2 2 2 2 2 2 2 2 2 2 2 2 2 2 2 2 2
left_child=2 3 10 6 35 7 31 30 9 57 40 53 20 15 -13 58 19 23 25 -15 29 33 32 27 -21 -7 -24 -8 -27 52 -5 -2 -11 -10 42 -4 -14 -32 -33 -25 -1 -42 43 -22 45 48 47 -20 -38 51 -51 -31 -3 -9 56 -44 -23 -6 -12
right_child=1 12 4 5 8 18 17 11 21 22 13 14 36 16 -16 -17 -18 -19 46 24 34 54 26 39 -26 28 -28 -29 -30 49 37 38 -34 -35 -36 -37 44 -39 -40 -41 41 -43 55 -45 -46 -47 -48 -49 -50 50 -52 -53 -54 -55 -56 -57 -58 -59 -60
leaf_value=0.077075288361074121 0.069213042685902823 0.028006532183968716 0.071614983983234792 -0.016427619234211301 -0.047463405092191602 -0.077857431826355933 0.016640726058381704 -0.080078915557787733 -0.025975015840611446 0.066142662472538541 0.057900285411308511 0.0036730632862432043 -0.086918201390612154 0.079877100119868816 -0.082700989112953108 -0.030572908637909946 0.07040490996675372 -0.082251518793259579 -0.075111935369970406 -0.067635211457506603 -0.033454076092293783 -0.058967084553034933 0.042104834763799982 0.064019441431043086 0.0074780376217969072 -0.02421662968662772 -0.0092100593063890925 -0.019897995909193472 -0.074143853136981519 -0.0063182508717518314 0.047335959465040933 0.015643919624589608 0.027028483492050549 0.032924627909931357 -0.079854352448874205 0.031886005336771335 -0.063848455194168222 -0.0054830254344325679 0.051542855631803289 0.027373949345418976 0.023560107352571812 0.068294457985717497 -0.065763008838287826 -0.076183947550712172 -0.068060132971807782 -0.031358252970863844 -0.090921182624599403 -0.028314499714232395 -0.041866508113029381 -0.0036551079091394325 -0.054238574094609131 -0.046871077359206946 -0.015706459159346039 -0.049936180014748789 -0.068879173466681376 -0.037230533742093695 -0.018950136372910761 -0.084571526224788071 0.07744548455739779
leaf_weight=209.79215501248837 48.814746886491776 8.2199782133102399 43.32957461476326 6.4891341775655738 5.7409604638814953 19.134803995490074 47.502798736095428 17.179415017366413 12.167996108531954 15.953604504466055 18.612373501062393 66.122099041938782 23.891667991876602 6.6172828972339621 9.4497204422950727 5.8766841739416114 14.484231993556021 4.9833919405937186 32.636133193969727 6.7188561558723441 43.343997418880463 8.2365844398736936 13.913732528686522 10.766993656754492 39.22780804336071 61.586091756820679 40.760033205151558 33.095598891377449 11.885179638862608 10.233664110302923 34.692670300602913 12.600104331970213 29.507592335343361 6.1651414185762397 14.677875488996504 10.010006994009016 76.242642775177956 4.9655486047267905 30.953098177909851 24.64859901368618 8.0156444013118726 72.856454327702522 31.117963373661041 5.7255224436521521 149.6582075804472 12.929639086127279 21.352614000439644 7.4777602702379218 19.686330795288086 20.740089192986492 8.7443016618490201 39.455880492925644 6.7276699542999259 14.480360254645346 27.451933294534683 8.7185721993446332 5.7194573134183875 12.223087355494497 47.606578186154366
leaf_count=880 201 33 182 26 23 77 192 69 49 66 77 265 97 27 38 24 60 20 131 27 174 33 57 44 158 247 165 133 48 41 140 51 120 25 59 41 307 20 126 100 33 301 125 23 604 52 86 30 79 83 35 158 27 58 110 35 23 49 198
internal_value=0 -0.0294878 0.0437226 -0.00644536 0.00683016 -0.0312873 0.02935 -0.00741253 -0.0103862 0.00640504 0.063563 -0.0246725 -0.0544808 0.0429695 -0.0071699 0.0636203 0.0207365 0.00897492 -0.0550455 0.00700202 -0.0393747 -0.04356 0.0206512 0.0129237 -0.00356095 -0.0417728 0.00387261 0.00163435 -0.0323333 -0.0248917 0.0326792 0.0560231 0.0408062 -0.0061361 -0.0525183 0.0641922 -0.0650481 0.0407238 0.0411838 0.0385815 0.0734132 0.0638761 -0.0479674 -0.0385047 -0.0630123 -0.0560474 -0.0749975 -0.0664295 -0.059359 -0.0311675 -0.0187162 -0.0385323 0.00834392 -0.0663822 -0.0601047 -0.0595672 -0.0426802 -0.0728597 0.0719946
internal_weight=0 1000.93 660.988 520.817 231.18 307.452 213.365 153.379 177.84 118.099 429.808 107.232 480.114 139.144 75.5718 72.0956 67.0482 120.997 154.073 52.5639 197.706 59.7411 100.135 116.014 45.9467 92.6061 54.6738 80.5984 73.4713 94.1216 46.1474 92.3679 45.4612 18.3331 103.584 53.3396 282.408 39.6582 43.5532 35.4156 290.664 80.8721 88.9061 49.0695 258.517 108.859 61.4665 40.1139 95.929 79.1739 29.4844 49.6895 14.9476 31.6598 41.408 39.8365 13.956 17.964 66.219
internal_count=6762 4034 2728 2102 943 1235 867 616 720 480 1785 430 1932 571 303 299 272 489 619 212 793 240 408 469 185 372 222 325 295 377 186 378 186 74 416 223 1139 160 177 144 1214 334 357 197 1042 438 247 161 386 317 118 199 60 127 166 160 56 72 275
is_linear=0
shrinkage=0.05


Tree=5
num_leaves=60
num_cat=0
split_feature=8 8 5 3 8 5 5 1 5 5 6 6 5 8 3 0 8 0 5 6 6 5 6 3 3 1 5 6 5 0 8 0 3 8 6 6 8 0 6 6 6 6 8 6 0 5 6 0 5 0 8 6 6 1 0 1 6 6 0
split_gain=777.306 209.423 178.603 167.96 83.6797 63.3184 42.5414 38.4509 35.8226 48.3729 46.3681 46.3026 37.0028 32.9902 29.6957 28.3962 28.3029 22.5497 15.7722 15.6548 17.773 14.9281 14.56 13.7174 13.4021 12.3242 11.5381 23.3795 10.0895 8.24671 7.92492 7.2612 8.7208 7.10484 6.83395 6.76793 6.73905 6.63599 5.98117 6.06001 5.78524 5.43729 4.91332 8.42034 4.70556 4.68421 4.676 4.42021 4.08406 3.46925 3.46223 3.13339 3.75824 3.07642 3.03017 4.82581 2.9649 2.73525 2.67315
threshold=205.50000000000003 447.50000000000006 3.5000000000000004 1.0000000180025095e-35 87.500000000000014 3.5000000000000004 1.0000000180025095e-35 223.50000000000003 8.5000000000000018 4.5000000000000009 16.500000000000004 6.5000000000000009 7.5000000000000009 165.50000000000003 1.0000000180025095e-35 33.500000000000007 651.50000000000011 60.500000000000007 10.500000000000002 22.500000000000004 15.500000000000002 8.5000000000000018 4.5000000000000009 1.0000000180025095e-35 1.0000000180025095e-35 103.50000000000001 4.5000000000000009 27.500000000000004 7.5000000000000009 30.500000000000004 113.50000000000001 28.500000000000004 1.0000000180025095e-35 477.50000000000006 29.500000000000004 4.5000000000000009 300.50000000000006 29.500000000000004 22.500000000000004 17.500000000000004 14.500000000000002 17.500000000000004 62.500000000000007 15.500000000000002 29.500000000000004 9.5000000000000018 28.500000000000004 56.500000000000007 1.0000000180025095e-35 64.500000000000014 812.50000000000011 10.500000000000002 20.500000000000004 696.50000000000011 45.500000000000007 3116.0000000000005 21.500000000000004 10.500000000000002 43.500000000000007
decision_type=2 2 2 2 2 2 2 2 2 2 2 2 2 2 2 2 2 2 2 2 2 2 2 2 2 2 2 2 2 2 2 2 2 2 2 2 2 2 2 2 2 2 2 2 2 2 2 2 2 2 2 2 2 2 2 2 2 2 2
left_child=2 3 13 6 42 7 36 37 9 -6 11 -11 -12 30 48 56 23 -17 19 20 -8 26 -16 33 40 -24 -7 -28 -21 -27 -1 32 -32 57 49 -33 -2 -5 39 -38 -10 -42 -4 -44 -18 46 53 -39 -15 -26 51 -46 -53 -25 55 -23 -9 -3 -35
right_child=1 16 4 5 8 21 18 15 24 10 12 -13 -14 14 22 17 44 -19 -20 28 -22 54 25 45 34 29 27 -29 -30 -31 31 35 -34 58 -36 -37 38 47 -40 -41 41 -43 43 -45 50 -47 -48 -49 -50 -51 -52 52 -54 -55 -56 -57 -58 -59 -60
leaf_value=0.074583121048930598 0.066621036914175702 0.036938906707467183 0.074857252614453251 -0.01560997379143325 -0.069456905462102744 -0.074490602271946704 0.002803252343650634 -0.071818826011719461 -0.050144199752627121 0.028466932884629498 0.068860117401794069 -0.069491112201388247 -0.060822806098802862 0.075377078831061553 -0.071842477076820385 0.0034900060607155311 -0.078255630918357411 -0.079174852394790579 -0.07813146384602114 -0.00083960413014719324 0.04703157095658022 -0.071749303267597028 0.068069580301928209 -0.039893069144380074 -0.071119279207915401 -0.055429963507863535 -0.04094987714626741 0.04730056575283114 -0.071213882482363766 0.013056387581405449 0.059941180885076842 0.020661516401204436 -0.027616577311324109 -0.035074722982582872 -0.0037533761637693688 0.065873433045657681 0.041446429796551422 0.045188150506331237 0.079695049504659277 -0.008748560323307928 0.051526527732709139 -0.014102120697558307 0.0032382013340975591 0.067405094233395788 -0.066948652193427813 -0.076414646821085702 -0.0062967501408961457 -0.0052097727067576365 0.04336247459084578 -0.025822958061014922 -0.063959592025694276 -0.03429830499250569 -0.059716016301367573 -0.059466498677377792 -0.0871432219974385 -0.026950956882251072 -0.035400237258586688 -0.0077712962627220833 -0.014050166791349756
leaf_weight=206.0579176992178 48.195637539029121 5.2262331098318091 30.6664869338274 6.4898985028266898 17.907466128468513 19.004847422242165 54.211472645401955 24.103718459606174 5.214201211929324 27.042697161436081 44.808200478553772 21.707977697253227 6.234440639615058 27.835139349102974 5.2393337190151206 66.113389611244202 39.82872386276722 9.3807013630866987 4.9860817044973365 14.787086412310602 39.057921424508095 32.463604286313057 8.9430908858776075 43.492845341563225 31.143630966544151 5.2190110683441189 64.918634846806526 8.447312727570532 7.7250746339559546 26.606804445385933 6.2584392130374891 9.0217351019382459 5.1451636552810669 58.61512765288353 5.2317446768283835 107.6456153690815 28.128766402602196 34.530745446681976 7.5544709861278525 7.6269844621419898 5.1793937981128675 7.936805933713913 8.1215316355228442 13.776972413063048 23.109145238995552 14.576123937964438 6.9464585334062567 4.9669963568449012 15.888969808816908 4.9683957397937766 157.52092967927456 34.501614317297935 25.49432447552681 38.184826195240021 21.170720085501671 7.4658430665731421 7.4564792960882178 9.7121844142675382 20.484842032194138
leaf_count=880 201 21 131 26 72 77 219 97 21 110 186 87 25 118 21 265 163 38 20 60 159 131 37 175 125 21 261 34 31 108 26 37 21 235 21 450 115 140 31 31 21 32 34 58 94 59 28 20 66 20 640 139 103 154 86 30 30 39 82
internal_value=0 -0.0281444 0.0420132 -0.00614809 0.00653025 -0.029822 0.028035 -0.00706091 -0.00989288 0.0061084 0.0196933 -0.0151761 0.0529811 0.0612597 0.0343162 -0.023485 -0.0520301 -0.00682249 0.00854483 0.0123062 0.0213382 -0.0525107 0.00626197 -0.0375021 -0.0414346 0.0163671 -0.0397939 -0.0307662 -0.0250819 0.00176355 0.0684899 0.0586638 0.0204826 -0.023671 -0.0571983 0.0623865 0.0537409 0.0311582 0.039354 0.0307419 -0.00582746 0.0119006 0.0619097 0.0436625 -0.0622398 -0.0500895 -0.0457234 0.0388517 0.0637994 -0.0649269 -0.0595748 -0.0512339 -0.0451356 -0.0490713 -0.0716928 -0.0634126 -0.0632767 0.00793418 -0.0296409
internal_weight=0 996.48 653.801 518.786 229.94 306.513 212.273 153.042 177.375 117.701 99.7933 48.7507 51.0426 423.861 89.7323 107.054 477.693 75.4941 120.768 115.782 93.2694 153.471 46.0082 197.239 59.6742 40.7689 92.3708 73.3659 22.5122 31.8258 334.129 128.071 11.4036 94.0384 41.3438 116.667 91.5059 45.9876 43.3102 35.7558 18.3304 13.1162 52.565 21.8985 280.455 103.2 88.6241 39.4977 43.7241 36.112 240.626 83.1051 59.9959 81.6777 61.1002 39.9294 31.5602 14.9384 79.1
internal_count=6762 4034 2728 2102 943 1235 867 616 720 480 408 197 211 1785 371 430 1932 303 489 469 378 619 187 793 240 166 372 295 91 129 1414 534 47 377 166 487 378 186 177 146 74 53 223 92 1139 416 357 160 184 145 976 336 242 329 247 161 127 60 317
is_linear=0
shrinkage=0.05


Tree=6
num_leaves=60
num_cat=0
split_feature=5 0 6 0 5 5 6 6 5 1 5 6 6 0 1 5 5 7 5 1 0 6 5 1 5 5 1 6 6 7 6 0 2 1 1 5 6 1 0 0 5 6 1 1 1 6 1 6 1 6 0 2 0 0 0 2 1 1 6
split_gain=200.193 52.7692 53.7186 47.6884 45.0377 70.6659 52.336 83.4402 61.3615 29.6098 28.1498 22.7946 34.4533 22.2656 19.1983 16.9991 14.6939 14.1344 15.5475 13.7368 13.6902 13.6898 13.1262 12.0556 10.6818 13.1218 8.63606 6.30787 5.58477 5.06486 4.93709 4.7376 3.94092 3.71844 10.1494 3.71304 3.28705 2.96085 2.765 2.66689 2.63487 2.52659 2.77952 1.48343 1.46933 1.46805 1.33692 2.71858 1.26823 0.917494 0.833866 1.76626 1.33657 0.760587 0.628993 0.475718 0.418884 0.330112 0.168797
threshold=3.5000000000000004 60.500000000000007 4.5000000000000009 29.500000000000004 4.5000000000000009 8.5000000000000018 16.500000000000004 9.5000000000000018 7.5000000000000009 606.50000000000011 7.5000000000000009 20.500000000000004 15.500000000000002 59.500000000000007 300.50000000000006 10.500000000000002 9.5000000000000018 6.5000000000000009 2.5000000000000004 2655.5000000000005 37.500000000000007 18.500000000000004 1.0000000180025095e-35 1616.5000000000002 9.5000000000000018 10.500000000000002 4.5000000000000009 2.5000000000000004 19.500000000000004 1.5000000000000002 10.500000000000002 58.500000000000007 10.500000000000002 1132.0000000000002 561.50000000000011 2.5000000000000004 6.5000000000000009 3385.5000000000005 71.500000000000014 72.500000000000014 1.5000000000000002 13.500000000000002 891.50000000000011 1369.5000000000002 2.5000000000000004 4.5000000000000009 219.50000000000003 1.5000000000000002 2.5000000000000004 18.500000000000004 31.500000000000004 1.5000000000000002 38.500000000000007 30.500000000000004 51.500000000000007 1.5000000000000002 1369.5000000000002 -1.0000000180025095e-35 20.500000000000004
decision_type=2 2 2 2 2 2 2 2 2 2 2 2 2 2 2 2 2 2 2 2 2 2 2 2 2 2 2 2 2 2 2 2 2 2 2 2 2 2 2 2 2 2 2 2 2 2 2 2 2 2 2 2 2 2 2 2 2 2 2
left_child=1 2 26 14 28 6 7 10 13 20 29 12 24 19 32 16 -14 18 -11 -8 21 -5 30 -12 45 -26 57 46 41 -6 -16 -22 44 34 -29 -24 -3 -35 55 58 -19 42 -2 -43 -4 -7 -28 -48 -13 -10 51 -50 -52 -30 -55 -9 -51 -1 -38
right_child=4 36 3 9 5 11 8 38 49 17 23 48 15 -15 22 -17 -18 40 -20 -21 31 -23 35 -25 25 -27 27 33 53 -31 -32 -33 -34 37 -36 -37 39 -39 -40 -41 -42 43 -44 -45 -46 -47 47 -49 50 56 52 -53 -54 54 -56 -57 -58 -59 -60
leaf_value=0.025960480289096539 -0.040809656326162846 -0.025465949260876825 0.0045651867272667335 0.010151854120944943 -0.075858787996182286 -0.061229719650080283 0.034812744906569784 -0.073146664024188374 -0.089891533261697479 0.015169867998426524 0.024233369115423196 -0.042334192538992586 -0.061284415284332032 -0.072114760435309164 0.032091088472588132 -0.082056265758036845 0.020814774025729628 0.070679249897119101 -0.01080543304765175 -0.00059991008152490081 0.040385957083888417 0.037910126206182337 -0.041422358195887264 -0.023581889068556003 -0.021349588246448913 -0.06227155754778016 -0.028580064239871961 -0.027008930811199691 -0.063887286185157363 -0.025275861484226666 -0.01594668276864963 0.01298818359304145 -0.025329881717882009 -0.051726306514069488 0.036806480853321971 -0.08109954609434529 -0.091400026992916911 -0.0075194999246247967 -0.044023188438103461 -0.042877722654574409 0.036096373058155572 -0.047505442350720989 -0.089974874025929463 -0.0095670888141352224 0.022143398650885542 -0.090179593381998602 -0.085737161680438337 -0.04413486240606538 -0.037030021479393521 -0.055281444802343288 -0.082737745013708897 -0.068178720455596226 -0.063614930032146161 -0.093094072915394843 -0.075539933358616015 -0.085939110395689966 -0.076146296552830062 0.0084369604894605401 -0.07567022834930559
leaf_weight=5.8145899772644043 6.3805718272924441 4.9013016074895885 18.711021915078163 114.27331504225731 10.622042089700701 7.411490365862849 123.41102212667465 12.645903885364531 6.4283156245946911 241.69667260348797 62.154168576002121 6.458525523543357 6.167727679014205 5.8393446505069724 6.4536118358373633 5.4210443049669257 44.417175248265266 8.6521436423063278 75.595239192247391 35.18870484828949 247.49016460776329 72.66479817032814 24.365127965807915 16.689345002174377 45.530004739761353 34.43723364174366 5.6618541479110744 21.434902682900432 6.081247583031657 9.3543832153081876 30.222932174801826 16.909544467926025 6.5434734076261512 11.777768522500994 8.7331736683845502 7.8594128489494315 7.1115367859601992 5.5985209792852393 5.4200590848922721 5.602416828274726 15.647047698497772 5.4203124940395337 5.4069116562604904 4.9280186146497726 32.690806806087494 12.797471001744269 5.6562679857015619 13.46850810945034 7.1535900831222561 6.1566352993249875 14.808362200856207 13.523046940565107 28.253003120422363 13.095435276627542 11.515720427036284 32.383430927991867 5.1905015110969543 5.0802518725395185 5.147022619843483
leaf_count=24 26 20 78 475 43 30 512 51 26 1003 255 26 25 24 27 22 182 37 311 145 1039 305 100 68 185 140 23 88 25 38 125 70 27 48 36 32 29 23 22 23 66 22 22 20 136 52 23 55 29 25 60 55 115 53 47 131 21 21 21
internal_value=0 0.0131637 0.0148732 0.0183541 -0.0229938 -0.018812 -0.00410439 -0.0260509 0.0138761 0.0229075 0.000666892 -0.040343 -0.0296917 0.023421 -0.0101082 0.00171703 0.0107593 0.011799 0.00898057 0.0269577 0.0313129 0.0209483 -0.0279388 0.0141044 -0.0472445 -0.0389972 -0.0235853 -0.0298347 -0.067101 -0.0522816 -0.00746518 0.0386362 0.0110988 -0.0191436 -0.00850827 -0.0511984 -0.0620437 -0.037539 -0.0783398 -0.0719925 0.0485174 -0.0477858 -0.0636164 -0.0295575 0.0157542 -0.079721 -0.0502704 -0.0566102 -0.0640074 -0.0742602 -0.0661723 -0.0575052 -0.07027 -0.0809416 -0.0850322 -0.0824226 -0.0650869 0.0178571 -0.0850944
internal_weight=0 1025.76 1003 919.775 610.691 557.863 331.484 149.269 182.215 792.929 98.8199 226.379 156.182 164.439 126.846 56.0059 50.5849 341.591 317.292 158.6 451.338 186.938 68.9011 78.8435 100.176 79.9672 83.2258 72.331 52.8282 19.9764 36.6765 264.4 57.9453 47.5444 30.1681 32.2245 22.7623 17.3763 50.4494 17.861 24.2992 22.1358 11.7875 10.3483 51.4018 20.209 24.7866 19.1248 70.1965 17.7755 63.738 20.6766 43.0614 30.6924 24.6112 45.0293 11.3471 10.8948 12.2586
internal_count=6762 4265 4172 3831 2497 2282 1361 608 753 3306 404 921 636 681 525 229 207 1417 1314 657 1889 780 284 323 407 325 341 296 215 81 152 1109 241 195 124 132 93 71 204 73 103 90 48 42 214 82 101 78 285 72 259 84 175 125 100 182 46 45 50
is_linear=0
shrinkage=0.05


Tree=7
num_leaves=60
num_cat=0
split_feature=8 5 8 3 8 8 3 5 3 6 8 5 5 6 5 8 5 5 5 5 6 4 2 8 7 6 4 8 4 7 6 6 3 8 3 5 6 6 5 7 8 6 3 8 2 5 6 6 7 6 7 4 6 6 5 7 7 2 8
split_gain=703.993 214.695 131.656 96.781 93.5159 61.2389 59.4338 38.0411 35.2938 30.7887 21.6924 21.5712 28.9619 26.8549 21.3555 21.2371 21.2611 16.5048 15.2935 14.6747 14.2407 13.1289 10.9212 10.1533 10.1445 8.22167 7.77066 7.61958 6.77864 8.99439 6.52156 11.4078 5.96142 5.41881 5.36301 5.24465 8.47355 6.29346 5.22942 9.5943 5.18699 7.26026 4.83884 4.76767 4.28214 6.19044 3.76095 7.83187 3.53533 3.0973 3.08523 3.02068 2.86382 2.857 2.72308 2.68155 3.32877 3.0468 2.47777
threshold=257.50000000000006 3.5000000000000004 473.50000000000006 1.0000000180025095e-35 117.50000000000001 165.50000000000003 1.0000000180025095e-35 3.5000000000000004 1.0000000180025095e-35 5.5000000000000009 671.50000000000011 8.5000000000000018 4.5000000000000009 17.500000000000004 1.0000000180025095e-35 76.500000000000014 8.5000000000000018 2.5000000000000004 10.500000000000002 4.5000000000000009 14.500000000000002 1.0000000180025095e-35 4.5000000000000009 351.50000000000006 1.5000000000000002 22.500000000000004 1.0000000180025095e-35 113.50000000000001 1.0000000180025095e-35 1.5000000000000002 16.500000000000004 9.5000000000000018 1.0000000180025095e-35 388.50000000000006 1.0000000180025095e-35 8.5000000000000018 27.500000000000004 6.5000000000000009 2.5000000000000004 1.5000000000000002 392.50000000000006 26.500000000000004 1.0000000180025095e-35 608.50000000000011 6.5000000000000009 2.5000000000000004 20.500000000000004 13.500000000000002 1.5000000000000002 29.500000000000004 3.5000000000000004 1.0000000180025095e-35 17.500000000000004 11.500000000000002 6.5000000000000009 3.5000000000000004 4.5000000000000009 4.5000000000000009 954.50000000000011
decision_type=2 2 2 2 2 2 2 2 2 2 2 2 2 2 2 2 2 2 2 2 2 2 2 2 2 2 2 2 2 2 2 2 2 2 2 2 2 2 2 2 2 2 2 2 2 2 2 2 2 2 2 2 2 2 2 2 2 2 2
left_child=1 5 3 14 15 27 17 23 18 -8 26 12 -10 -14 25 -3 30 -7 19 -6 -21 24 40 28 -11 33 32 -1 29 -5 31 -17 -4 52 -18 36 37 -9 42 -40 41 -16 -29 48 -34 -46 47 -24 -28 -13 -41 -44 -2 -35 -32 57 -57 -25 -12
right_child=2 4 10 7 8 6 9 35 11 21 58 49 13 -15 22 16 34 -19 -20 20 -22 -23 46 55 -26 -27 43 38 -30 -31 54 -33 44 53 -36 -37 -38 -39 39 50 -42 -43 51 -45 45 -47 -48 -49 -50 -51 -52 -53 -54 -55 -56 56 -58 -59 -60
leaf_value=0.071699814444787915 0.049931464614867582 0.066786494855481632 -0.031976838727931202 -0.027156039096769464 -0.058941689358986499 0.06569843624746638 -0.061313564951609917 -0.018340213204659127 -0.077337155804282021 -0.01817812357119758 -0.055901079040331383 -0.064986600934380412 -0.028498826662913413 0.035868698228030446 0.0073810416073807244 0.048984001327088439 0.01187345731209395 -0.009146043926965464 -0.069735361334587159 -0.007457523877139576 0.04468311060898001 0.07405172219549648 0.0084181849390836654 -0.047160600214153435 0.021941510613780787 0.078408807608677272 0.027364747284861997 0.069342013472347447 0.050820663897025997 0.012138174542731852 0.067774449472854478 -0.046579686395788328 -0.057018630633508274 0.038239044342692624 -0.045010872791856824 -0.065949530265204767 0.004962536801550262 -0.058334419511175073 -0.016685475566141316 0.039001470234155844 -0.036349328074542567 -0.048032298344288904 0.037250043368598787 -0.046014411610690406 0.018335514267471958 -0.050626084053897458 -0.0092670804701018537 0.06988114168864118 -0.01778554169029721 -0.02926745287725431 0.078332821413408471 0.074762719564226768 0.014762553259184305 -0.0032903328204146793 0.030634058495566413 0.02054146497381696 -0.034001878340738839 -0.017997499752712344 -0.065751854133174123
leaf_weight=200.6288476139307 30.547762915492058 41.694237500429153 75.13542440533638 24.733369559049606 5.6980528831481925 79.558761745691299 16.146157547831535 12.428073853254316 17.035048022866249 24.716491967439651 139.39019130170345 43.902028724551201 43.68802972137928 25.698679968714714 38.768239140510559 8.2120894193649274 6.3815585374832162 8.1058520227670652 5.4708074778318396 21.009790927171707 34.669091686606407 8.234594985842703 10.34818352758885 22.306370437145233 43.292688593268394 11.698091715574263 7.7415426373481813 65.120986714959145 6.1626209914684287 35.283382400870323 16.718667387962345 4.9798918515443793 65.82124437391758 6.1163774728775051 11.687648624181747 44.47773203253746 7.8754667639732352 48.105548679828644 6.4163582026958492 14.791259005665781 13.441465452313421 6.9283213913440695 25.054811015725139 7.1963146626949301 4.9597714096307746 9.3148180246353132 4.9243578463792792 10.367124706506727 9.7389430701732618 7.1669907867908469 7.6471367329359046 6.8874730467796317 7.1977015286684027 12.61373597383499 7.1605634391307822 5.4187237471342069 5.6910329908132553 15.083883747458456 123.56451132893562
leaf_count=880 128 182 302 100 23 339 65 50 70 100 569 179 177 105 157 34 26 33 22 85 144 34 42 90 177 49 31 280 25 143 71 20 268 25 47 183 32 196 26 62 54 28 104 29 20 38 20 43 39 29 33 29 30 51 30 22 23 61 508
internal_value=0 0.0328454 -0.0328514 -0.0112801 -0.000586936 0.0527192 0.0292973 -0.0319504 -0.0197662 0.00131068 -0.051383 -0.034252 -0.0190114 -0.00465135 0.0194743 0.0398751 0.0194886 0.0587769 0.0100309 0.0171864 0.0250182 0.0146008 0.00271588 -0.0116607 0.00735852 0.0402989 -0.0379867 0.065628 0.00107822 -0.00406343 0.0411484 0.0128738 -0.0421294 0.0323492 -0.0249411 -0.0525495 -0.0437999 -0.0501429 0.0559315 0.0371405 -0.00910169 -0.00105922 0.061498 -0.0118977 -0.0516301 -0.0266826 0.0299416 0.039262 0.00222886 -0.0600038 0.0525349 0.0454318 0.0432505 0.01033 0.0567154 -0.0290282 -0.00742295 -0.0354312 -0.0605404
internal_weight=0 807.775 823.38 380.518 301.173 506.601 180.055 227.566 204.339 92.3899 442.863 137.491 86.4218 69.3867 152.951 96.8347 55.1404 87.6646 66.8477 61.3769 55.6789 76.2438 84.7777 114.679 68.0092 68.1737 179.908 326.547 66.1794 60.0168 37.0712 13.192 155.231 56.4756 18.0692 112.887 68.4091 60.5336 125.918 28.8548 59.138 45.6966 97.0633 24.6768 80.0958 14.2746 25.6397 20.7153 17.4805 51.069 22.4384 31.9423 37.7455 18.7301 23.8792 48.5 11.1098 37.3903 262.955
internal_count=6762 3406 3356 1552 1244 2162 748 925 834 376 1804 560 352 282 627 410 228 372 274 252 229 311 344 464 277 283 727 1414 268 243 155 54 628 234 73 461 278 246 534 121 239 185 413 99 326 58 105 85 70 208 95 133 158 76 101 196 45 151 1077
is_linear=0
shrinkage=0.05


end of trees

feature_importances:
Column_6=96
Column_8=85
Column_5=77
Column_0=71
Column_1=40
Column_7=40
Column_3=27
Column_2=23
Column_4=13

parameters:
[boosting: gbdt]
[objective: binary]
[metric: auc,l2]
[tree_learner: serial]
[device_type: cpu]
[linear_tree: 0]
[data: ]
[valid: ]
[num_iterations: 200]
[learning_rate: 0.05]
[num_leaves: 60]
[num_threads: -1]
[deterministic: 0]
[force_col_wise: 0]
[force_row_wise: 0]
[histogram_pool_size: -1]
[max_depth: 7]
[min_data_in_leaf: 20]
[min_sum_hessian_in_leaf: 0.001]
[bagging_fraction: 0.717261]
[pos_bagging_fraction: 1]
[neg_bagging_fraction: 1]
[bagging_freq: 8]
[bagging_seed: 3]
[feature_fraction: 0.745859]
[feature_fraction_bynode: 1]
[feature_fraction_seed: 2]
[extra_trees: 0]
[extra_seed: 6]
[early_stopping_round: 2]
[first_metric_only: 0]
[max_delta_step: 0]
[lambda_l1: 0]
[lambda_l2: 0.0446962]
[linear_lambda: 0]
[min_gain_to_split: 0]
[drop_rate: 0.1]
[max_drop: 50]
[skip_drop: 0.5]
[xgboost_dart_mode: 0]
[uniform_drop: 0]
[drop_seed: 4]
[top_rate: 0.2]
[other_rate: 0.1]
[min_data_per_group: 100]
[max_cat_threshold: 32]
[cat_l2: 10]
[cat_smooth: 10]
[max_cat_to_onehot: 4]
[top_k: 20]
[monotone_constraints: ]
[monotone_constraints_method: basic]
[monotone_penalty: 0]
[feature_contri: ]
[forcedsplits_filename: ]
[refit_decay_rate: 0.9]
[cegb_tradeoff: 1]
[cegb_penalty_split: 0]
[cegb_penalty_feature_lazy: ]
[cegb_penalty_feature_coupled: ]
[path_smooth: 0]
[interaction_constraints: ]
[verbosity: -1]
[saved_feature_importance_type: 0]
[max_bin: 255]
[max_bin_by_feature: ]
[min_data_in_bin: 3]
[bin_construct_sample_cnt: 200000]
[data_random_seed: 1]
[is_enable_sparse: 1]
[enable_bundle: 1]
[use_missing: 1]
[zero_as_missing: 0]
[feature_pre_filter: 1]
[pre_partition: 0]
[two_round: 0]
[header: 0]
[label_column: ]
[weight_column: ]
[group_column: ]
[ignore_column: ]
[categorical_feature: ]
[forcedbins_filename: ]
[objective_seed: 5]
[num_class: 1]
[is_unbalance: 0]
[scale_pos_weight: 1]
[sigmoid: 1]
[boost_from_average: 1]
[reg_sqrt: 0]
[alpha: 0.9]
[fair_c: 1]
[poisson_max_delta_step: 0.7]
[tweedie_variance_power: 1.5]
[lambdarank_truncation_level: 30]
[lambdarank_norm: 1]
[label_gain: ]
[eval_at: ]
[multi_error_top_k: 1]
[auc_mu_weights: ]
[num_machines: 1]
[local_listen_port: 12400]
[time_out: 120]
[machine_list_filename: ]
[machines: ]
[gpu_platform_id: -1]
[gpu_device_id: -1]
[gpu_use_dp: 0]
[num_gpu: 1]

end of parameters

pandas_categorical:null
