tree
version=v3
num_class=1
num_tree_per_iteration=1
label_index=0
max_feature_idx=7
objective=binary sigmoid:1
feature_names=Column_0 Column_1 Column_2 Column_3 Column_4 Column_5 Column_6 Column_7
feature_infos=[-6847:81204] [0:2] [0:1] [0:1] [0:11] [1:31] [1:63] [3:3881]
tree_sizes=3223 3250 3242 3239 3240 3241 3253 3252 3236 3275 3229 3242 3265 3243 3238 3219 3240

Tree=0
num_leaves=30
num_cat=0
split_feature=7 7 2 4 7 4 2 0 7 4 7 2 4 4 4 5 5 5 4 5 4 5 5 0 5 4 2 5 5
split_gain=1431.78 370.733 304.807 250.043 138.129 100.337 65.0918 62.1651 61.717 58.5581 51.01 47.1655 36.5495 44.1472 35.1449 33.3769 33.6957 25.4661 22.8951 25.0908 22.8385 21.8065 18.4337 17.6983 17.221 39.5961 15.7178 15.5498 26.948
threshold=206.50000000000003 447.50000000000006 1.0000000180025095e-35 3.5000000000000004 87.500000000000014 3.5000000000000004 1.0000000180025095e-35 290.50000000000006 136.50000000000003 2.5000000000000004 679.50000000000011 1.0000000180025095e-35 8.5000000000000018 4.5000000000000009 2.5000000000000004 17.500000000000004 8.5000000000000018 4.5000000000000009 10.500000000000002 21.500000000000004 8.5000000000000018 5.5000000000000009 15.500000000000002 520.50000000000011 27.500000000000004 6.5000000000000009 1.0000000180025095e-35 16.500000000000004 21.500000000000004
decision_type=2 2 2 2 2 2 2 2 2 2 2 2 2 2 2 2 2 2 2 2 2 2 2 2 2 2 2 2 2
left_child=3 2 9 8 -5 7 27 -4 -1 17 26 14 13 -8 -10 16 -15 -2 19 22 24 -13 -11 -23 -7 -26 -3 -6 -29
right_child=1 10 5 4 6 20 12 -9 11 18 -12 21 -14 15 -16 -17 -18 -19 -20 -21 -22 23 -24 -25 25 -27 -28 28 -30
leaf_value=0.63853384367647459 0.019519711260474248 -0.098087256506766973 0.29650454240748692 0.57845048670117005 0.12941326368490191 -0.23342297757723265 -0.37855917411483808 -0.082580880613516844 0.61271025844310145 0.1177430575354747 -0.36642494366973732 -0.099466908733166937 -0.25657868748551393 0.26985260946002376 -0.048920521444076048 0.41544114842581337 -0.28367474158748196 0.47871300817617746 -0.37316425398002118 -0.13236243530055555 -0.40996753677901343 0.45728004869272243 0.42553909764863385 0.16072469038990581 -0.44572822724719618 0.55602376094848605 -0.25179266341285844 0.57092193262859414 0.010693254542282926
leaf_weight=317.17478904128075 11.710302501916884 115.8572481572628 59.049823254346848 64.032930701971054 24.915537238121033 91.19086629152298 15.696788460016249 113.11653906106949 90.941710919141769 37.124150484800339 286.77783361077309 12.956079363822935 48.086986869573593 19.683274418115616 7.7238165438175193 29.400333940982819 19.434119045734406 135.29136720299721 6.9763504266738883 17.939186811447144 69.016038149595261 38.868238091468811 32.888509154319763 33.885130643844604 5.9797289371490461 7.9729719161987305 127.56755065917969 30.39695543050766 10.215370267629622
leaf_count=1273 47 465 237 257 100 366 63 454 365 149 1151 52 193 79 31 118 78 543 28 72 277 156 132 136 24 32 512 122 41
internal_value=0.116382 -0.0986751 0.0653466 0.434168 0.196445 -0.115071 0.0723481 0.0475148 0.558178 0.323588 -0.28054 0.419396 -0.0486673 0.0708436 0.560614 0.175298 -0.00598427 0.442025 0.139789 0.181816 -0.27545 0.255969 0.262947 0.319816 -0.186059 0.124242 -0.178948 0.316362 0.430232
internal_weight=0 1118.46 588.256 763.412 261.862 346.326 197.829 172.166 501.55 241.93 530.203 184.375 132.302 84.2145 98.6655 68.5177 39.1174 147.002 94.9282 87.9518 174.16 85.7094 70.0127 72.7534 105.144 13.9527 243.425 65.5279 40.6123
internal_count=7553 4489 2361 3064 1051 1390 794 691 2013 971 2128 740 531 338 396 275 157 590 381 353 699 344 281 292 422 56 977 263 163
is_linear=0
shrinkage=1


Tree=1
num_leaves=30
num_cat=0
split_feature=7 7 2 4 4 7 4 3 7 2 5 4 4 5 6 7 7 4 3 4 3 5 5 4 2 5 7 4 4
split_gain=766.519 232.906 182.619 110.218 73.844 62.3741 46.8456 39.5671 35.2883 25.3114 23.6443 18.4642 18.9746 17.841 17.2625 17.1899 15.8268 15.6238 15.2761 15.149 16.1027 15.0669 20.4982 19.8529 13.3926 11.7817 10.5976 10.5181 10.4181
threshold=175.50000000000003 409.50000000000006 1.0000000180025095e-35 3.5000000000000004 3.5000000000000004 77.500000000000014 2.5000000000000004 1.0000000180025095e-35 651.50000000000011 1.0000000180025095e-35 4.5000000000000009 8.5000000000000018 4.5000000000000009 4.5000000000000009 1.5000000000000002 117.50000000000001 134.50000000000003 10.500000000000002 1.0000000180025095e-35 8.5000000000000018 1.0000000180025095e-35 20.500000000000004 16.500000000000004 9.5000000000000018 1.0000000180025095e-35 6.5000000000000009 477.50000000000006 2.5000000000000004 1.0000000180025095e-35
decision_type=2 2 2 2 2 2 2 2 2 2 2 2 2 2 2 2 2 2 2 2 2 2 2 2 2 2 2 2 2
left_child=3 2 6 16 7 -5 13 10 18 -7 -4 12 -11 -2 27 -14 -1 21 24 20 -6 22 23 25 26 -8 -3 -12 -18
right_child=1 8 4 5 19 9 17 -9 -10 11 14 -13 15 -15 -16 -17 28 -19 -20 -21 -22 -23 -24 -25 -26 -27 -28 -29 -30
leaf_value=0.41122970900498124 -0.049552198578776671 0.0062167153141033113 -0.33999776265855247 0.39878679423744584 -0.23953338170941529 0.17800318702709983 0.090789402815646611 0.38104806705639166 -0.34504975080982792 -0.33826724940690683 -0.059664330570464399 -0.24042933079360665 0.30700023459450931 0.31609666654930346 0.062932700482144235 -0.033994611309053999 0.38195863835518074 -0.39125708068929022 0.0052328476216171073 -0.38515706555529355 0.20916965375110025 -0.15144052151517662 0.33174204425620452 0.27705733942924726 -0.2857207660745637 -0.29007747666620631 -0.20146257701808812 -0.33501893802258192 0.19290313084903066
leaf_weight=282.01387022435665 13.028278857469557 30.948837488889694 23.361732378602028 49.032700002193451 103.01856271922588 54.742162138223648 11.959753870964052 20.093020334839821 301.8268681615591 10.845331311225889 40.822410479187965 37.700223028659821 20.644038736820221 143.99646806716919 93.115306615829468 36.466902077198029 46.762449622154236 7.2574569880962363 30.372536107897758 73.680909156799316 7.5397315919399253 23.187128156423569 26.84213675558567 15.344662889838217 129.59416522085667 18.139327228069305 77.064490959048271 17.821490049362183 61.986889839172363
leaf_count=1247 53 127 94 213 421 228 48 82 1246 45 165 154 86 614 377 150 203 30 123 306 31 94 113 62 527 73 309 72 260
internal_value=0 -0.135225 -0.010886 0.279429 -0.143519 0.103648 0.182815 -0.0148828 -0.274639 0.0129206 -0.0608149 -0.0728409 0.0207015 0.285727 -0.0173232 0.0901088 0.373506 0.0251856 -0.195074 -0.279603 -0.208509 0.0578307 0.125265 0.00209671 -0.220656 -0.139266 -0.142086 -0.144466 0.274924
internal_weight=0 1209.02 639.208 600.195 379.453 209.431 259.755 195.214 569.807 160.399 175.121 105.656 67.9563 157.025 151.759 57.1109 390.763 102.73 267.98 184.239 110.558 95.473 72.2859 45.4437 237.607 30.0991 108.013 58.6439 108.749
internal_count=7553 4967 2635 2586 1548 876 1087 790 2332 663 708 435 281 667 614 236 1710 420 1086 758 452 390 296 183 963 121 436 237 463
is_linear=0
shrinkage=0.3


Tree=2
num_leaves=30
num_cat=0
split_feature=7 7 2 7 0 2 6 3 7 2 3 7 0 6 0 0 6 5 0 0 7 5 3 6 5 6 0 7 0
split_gain=442.65 120.503 93.3796 70.6698 46.1776 41.2014 26.7172 20.1871 17.4803 15.0919 14.9354 13.6819 13.1463 12.5792 15.4069 11.9724 8.83803 8.71865 11.0467 8.21741 7.84451 7.79387 7.44648 7.38449 6.98527 6.95425 9.16297 6.75993 5.94849
threshold=257.50000000000006 130.50000000000003 1.0000000180025095e-35 609.50000000000011 105.50000000000001 1.0000000180025095e-35 3.5000000000000004 1.0000000180025095e-35 77.500000000000014 1.0000000180025095e-35 1.0000000180025095e-35 477.50000000000006 872.00000000000011 1.5000000000000002 105.50000000000001 109.50000000000001 1.5000000000000002 16.500000000000004 967.50000000000011 1993.5000000000002 812.50000000000011 20.500000000000004 1.0000000180025095e-35 1.5000000000000002 9.5000000000000018 1.5000000000000002 218.50000000000003 350.50000000000006 380.50000000000006
decision_type=2 2 2 2 2 2 2 2 2 2 2 2 2 2 2 2 2 2 2 2 2 2 2 2 2 2 2 2 2
left_child=1 8 12 5 16 11 10 15 -1 -10 17 25 -3 14 -11 23 -4 24 21 -8 -5 -19 -16 -7 -6 26 -2 -17 -28
right_child=3 2 4 20 6 7 19 -9 9 13 -12 -13 -14 -15 22 27 -18 18 -20 -21 -22 -23 -24 -25 -26 -27 28 -29 -30
leaf_value=0.3709881527421815 0.14401488332066764 0.27402957651502052 0.057551014021664855 -0.20581252809559089 -0.16480246841786803 -0.1953356496980608 0.2814276882229565 0.11057685101668527 0.32178957835106969 0.38121956888001224 0.12373126095767292 -0.097906865588625602 0.11058400725551509 0.23544211858698852 -0.14023132197732943 -0.14440120262781481 0.30397495866128932 0.25666173847781898 -0.19981281834351974 -0.098352030184912828 -0.30231702395642862 -0.063170470780184798 0.26700225031944586 0.046224890226692149 -0.32352904724912829 0.12540558252519646 -0.28650990365999784 -0.24577129951001697 -0.024156067105762104
leaf_weight=151.78496561944485 27.069446235895157 129.6835510134697 23.427271604537964 138.4632033854723 59.288181230425835 17.306119859218597 18.058017835021023 24.187439605593681 94.302430808544159 8.079185798764227 15.973962262272833 68.158462598919868 68.008610680699348 65.323938816785812 26.084807515144352 108.14437794685364 29.881574749946594 9.649188697338106 40.917604774236679 6.9652312844991675 176.46100002527237 22.019006356596947 4.5234659761190406 32.173206478357315 44.397390231490135 79.288623869419098 9.0632912218570691 135.31113889813423 47.222673207521439
leaf_count=783 120 603 100 608 250 73 77 101 467 38 68 278 308 320 119 458 130 41 174 29 799 95 21 136 188 347 39 577 206
internal_value=0 0.161035 0.0614361 -0.146896 -0.0530726 -0.0817402 -0.11447 -0.151876 0.294107 0.23485 -0.15244 0.0146901 0.218024 0.155412 0.019603 -0.173627 0.196496 -0.177615 -0.0973506 0.175792 -0.260094 0.0355939 -0.0782843 -0.0388511 -0.233415 0.0619576 0.00140031 -0.200947 -0.0675381
internal_weight=0 818.368 468.27 862.849 270.577 547.925 217.269 317.122 350.099 198.314 192.245 230.802 197.692 104.011 38.6875 292.935 53.3088 176.271 72.5858 25.0232 314.924 31.6682 30.6083 49.4793 103.686 162.644 83.3554 243.456 56.286
internal_count=7553 3811 2063 3742 1152 2335 922 1345 1748 965 816 990 911 498 178 1244 230 748 310 106 1407 136 140 209 438 712 365 1035 245
is_linear=0
shrinkage=0.3


Tree=3
num_leaves=30
num_cat=0
split_feature=7 7 2 3 7 7 6 2 6 1 2 6 5 5 7 5 5 5 5 3 5 1 5 5 5 5 5 7 7
split_gain=254.243 97.6097 66.0655 27.2315 20.6041 19.6011 17.1974 14.4609 12.8316 10.4664 11.5452 9.71514 9.49229 8.27511 7.63349 7.08907 14.585 10.7468 9.64543 6.82221 6.44363 5.73351 4.81751 4.6966 4.37866 4.19479 4.18028 4.16169 4.01057
threshold=138.50000000000003 379.50000000000006 1.0000000180025095e-35 1.0000000180025095e-35 788.50000000000011 77.500000000000014 3.5000000000000004 1.0000000180025095e-35 1.5000000000000002 1.0000000180025095e-35 1.0000000180025095e-35 3.5000000000000004 26.500000000000004 3.5000000000000004 177.50000000000003 16.500000000000004 21.500000000000004 9.5000000000000018 27.500000000000004 1.0000000180025095e-35 3.5000000000000004 1.5000000000000002 6.5000000000000009 12.500000000000002 5.5000000000000009 28.500000000000004 17.500000000000004 247.50000000000003 243.50000000000003
decision_type=2 2 2 2 2 2 2 2 2 2 2 2 2 2 2 2 2 2 2 2 2 2 2 2 2 2 2 2 2
left_child=5 2 8 6 9 -1 15 -7 12 10 -3 19 13 27 -8 17 26 20 -18 25 -4 -22 -15 -13 28 -9 -17 -2 -10
right_child=1 4 3 -5 -6 7 14 11 24 -11 -12 23 -14 22 -16 16 18 -19 -20 -21 21 -23 -24 -25 -26 -27 -28 -29 -30
leaf_value=0.3298040090435958 0.019296477285944014 0.0045675106730522332 -0.1957557756589007 0.19711121809800136 -0.24251559989889337 0.26622153613069505 0.32280437415036678 0.0087233579781518748 0.1781796102760998 -0.1690836620082117 -0.13798200492561083 0.085412261045886353 -0.16542725387278998 0.2535038633332149 0.024182218600600904 -0.096075296368079516 -0.22730649576540057 -0.23161761892743887 -0.028739083158691663 0.25898747168332698 -0.066947076327401711 0.19228668461957163 0.085496853833813793 0.37339527672840833 0.21029436611678318 0.25975145058377125 0.1124260016171411 -0.34510722962824714 -0.10587003919133191
leaf_weight=124.17624016106129 5.8319356590509397 98.627003833651543 33.466855973005295 33.522844597697258 165.67682330310345 94.089165866374969 9.6045452654361707 72.694018647074699 9.5746042430400866 176.94297407567501 105.88886147737503 7.7980690151453045 14.535662695765494 18.507771015167236 35.365889891982079 10.714350849390028 45.102082103490829 77.358360305428505 42.945668146014214 13.427341938018797 70.225949808955193 8.3613948971033079 88.16480940580368 15.569930657744406 126.54964828491211 6.2681238353252402 41.279401198029518 5.1520746499300003 7.9677717238664618
leaf_count=783 26 430 146 150 846 535 45 357 46 787 486 39 65 89 150 46 197 340 189 69 301 36 424 88 621 30 178 21 33
internal_value=0 -0.0597626 0.0157718 -0.0609325 -0.154186 0.235243 -0.0841578 0.178944 0.12898 -0.115681 -0.0693205 0.10756 0.0612994 0.0896168 0.0894679 -0.10791 -0.0565756 -0.145733 -0.130829 0.0634484 -0.0860374 -0.0388157 0.115199 0.279315 0.190845 0.0294473 0.0691926 -0.155705 0.0495061
internal_weight=0 1231.37 684.232 407.947 547.136 334.023 374.424 209.847 276.284 381.459 204.516 115.757 132.192 117.657 44.9704 329.454 140.042 189.413 88.0478 92.3895 112.054 78.5873 106.673 23.368 144.092 78.9621 51.9938 10.984 17.5424
internal_count=7553 5652 3103 1778 2549 1901 1628 1118 1325 1703 916 583 625 560 195 1433 610 823 386 456 483 337 513 127 700 387 224 47 79
is_linear=0
shrinkage=0.3


Tree=4
num_leaves=30
num_cat=0
split_feature=7 4 7 4 5 4 4 4 5 5 4 5 5 4 4 1 4 7 5 3 2 2 2 4 5 5 5 7 4
split_gain=172.939 68.3709 40.961 42.1987 39.5078 24.7467 19.8365 23.6257 77.5378 19.9897 19.6061 19.4745 17.963 15.2322 14.8417 14.8596 14.5215 16.173 12.445 11.1281 9.29747 9.20636 8.84994 9.54933 8.06777 13.8717 10.1544 8.02598 13.633
threshold=177.50000000000003 7.5000000000000009 364.50000000000006 3.5000000000000004 7.5000000000000009 9.5000000000000018 4.5000000000000009 7.5000000000000009 16.500000000000004 7.5000000000000009 9.5000000000000018 4.5000000000000009 4.5000000000000009 8.5000000000000018 1.0000000180025095e-35 1.0000000180025095e-35 2.5000000000000004 143.50000000000003 9.5000000000000018 1.0000000180025095e-35 1.0000000180025095e-35 1.0000000180025095e-35 1.0000000180025095e-35 10.500000000000002 16.500000000000004 25.500000000000004 11.500000000000002 609.50000000000011 1.0000000180025095e-35
decision_type=2 2 2 2 2 2 2 2 2 2 2 2 2 2 2 2 2 2 2 2 2 2 2 2 2 2 2 2 2
left_child=1 11 3 12 -3 18 -5 8 -8 13 -11 -1 -2 -9 20 -16 -13 -18 -6 24 -14 -7 23 -12 26 -26 -17 28 -4
right_child=2 4 27 6 5 21 7 9 -10 10 22 16 14 -15 15 19 17 -19 -20 -21 -22 -23 -24 -25 25 -27 -28 -29 -30
leaf_value=-0.031588597614508551 -0.13135575175626807 0.19951381863579182 0.022804937930343841 -0.36559931419828234 0.007832410996780342 0.13526137220096907 -0.36619389898525018 0.21087718069677394 0.31561563206988708 -0.44112519832930658 0.12549892089242926 0.29939485145296457 0.24131422620713247 -0.17888334577507589 0.118199439645629 -0.077997060468252 0.23519389088262102 0.0079593760226027831 -0.5268538649222777 0.30631359125886365 0.017210601037450091 -0.17282897124034749 -0.2264444712483886 -0.3574746240340807 0.15988994065006515 -0.32018587674164617 -0.42713558992145467 -0.1611484426159758 -0.12741588032132661
leaf_weight=25.101343542337418 34.490448221564293 32.479868084192276 73.632273375988007 23.435734838247299 4.7843317538499859 14.751209154725073 23.132750228047371 19.477680787444115 41.64863757789135 27.427620992064476 16.777795359492305 177.06752958893776 74.524848684668541 16.366238504648209 91.461368650197983 19.693914577364925 95.412236675620079 39.990919813513756 21.178196474909782 6.0879455059766761 21.491692543029785 20.620145544409752 32.969647988677025 4.4383149147033683 17.605721279978756 7.5105820745229712 11.995448559522627 262.48522324860096 206.82668979465961
leaf_count=145 150 162 320 107 26 86 106 85 187 128 79 1194 407 79 411 84 591 184 98 31 90 93 167 19 76 32 51 1415 943
internal_value=0 0.159414 -0.066672 -0.00382832 -0.0669946 -0.208376 -0.107305 -0.0736095 0.0716519 -0.153707 -0.235508 0.222337 0.0709137 0.0329069 0.0988864 0.0411499 0.242745 0.168227 -0.429233 -0.070923 0.191337 -0.0442934 -0.1298 0.0213199 -0.112579 0.0144996 -0.212588 -0.12342 -0.0879922
internal_weight=0 431.386 1033.48 490.536 93.8138 61.3339 205.674 182.239 64.7814 117.457 81.6134 337.572 284.862 35.8439 250.372 154.355 312.471 135.403 25.9625 62.8936 96.0165 35.3714 54.1858 21.2161 56.8057 25.1163 31.6894 542.944 280.459
internal_count=7546 2579 4967 2289 465 303 957 850 293 557 393 2114 1332 164 1182 685 1969 775 124 274 497 179 265 98 243 108 135 2678 1263
is_linear=0
shrinkage=0.3


Tree=5
num_leaves=30
num_cat=0
split_feature=4 6 4 5 4 5 5 2 0 0 4 5 0 4 5 5 5 4 5 4 6 5 4 4 2 0 4 4 5
split_gain=40.6919 29.0226 20.8443 20.0083 31.7942 19.6504 14.9859 12.8559 12.0217 8.65996 8.65576 14.7361 8.46489 8.34011 8.18913 18.0575 23.7025 18.6197 9.29256 7.82952 7.40081 8.16238 10.507 9.16525 7.38248 6.84091 6.62377 6.55711 11.8207
threshold=2.5000000000000004 1.5000000000000002 4.5000000000000009 16.500000000000004 7.5000000000000009 4.5000000000000009 20.500000000000004 1.0000000180025095e-35 202.50000000000003 4.5000000000000009 8.5000000000000018 28.500000000000004 2150.5000000000005 9.5000000000000018 21.500000000000004 17.500000000000004 8.5000000000000018 7.5000000000000009 16.500000000000004 8.5000000000000018 3.5000000000000004 9.5000000000000018 3.5000000000000004 7.5000000000000009 1.0000000180025095e-35 1184.5000000000002 9.5000000000000018 10.500000000000002 20.500000000000004
decision_type=2 2 2 2 2 2 2 2 2 2 2 2 2 2 2 2 2 2 2 2 2 2 2 2 2 2 2 2 2
left_child=5 2 24 12 25 9 7 -6 -7 -1 11 14 19 -12 15 16 17 -4 -18 20 21 23 -23 -3 -2 -5 -21 28 -15
right_child=1 3 10 4 6 8 -8 -9 -10 -11 13 -13 -14 27 -16 -17 18 -19 -20 26 -22 22 -24 -25 -26 -27 -28 -29 -30
leaf_value=0.19637018787196364 -0.39946227126702111 -0.085534249704205229 -0.39940090549218615 0.19727990053221919 0.24211621629066454 0.13265959305398606 -0.28564032042318005 -0.22694585762890754 0.041676486586841116 -0.12361639227018463 -0.31564430069083033 0.31016933484705095 -0.16679944002068225 0.058481653336148742 -0.22500328502378938 0.14630506539956734 -0.3469481852512723 0.16471573774498544 0.01023188088835462 -0.39706870131656785 0.14643390135987974 -0.0091893855950810361 -0.35658540033247238 0.17283539175410259 -0.19004787994653924 0.05648374571532104 -0.077220843279367637 -0.22835041688781629 -0.19796668912296783
leaf_weight=8.3382921516895276 20.025922678411007 23.783814452588558 6.0975346863269797 92.854351580142975 12.710641846060753 204.82191420346498 25.977781817317009 8.5891396701335907 361.4627269282937 67.421648249030113 18.395027711987495 10.915332220494745 48.843236654996872 39.572123236954212 19.821453765034676 39.468490391969681 29.683102883398533 30.46136450022459 8.3737212494015676 7.2363559231162062 28.783728152513504 20.001856602728367 12.633967608213423 25.192212365567684 65.332503214478493 47.014075927436352 27.020326443016529 23.993925310671329 26.997715786099434
leaf_count=45 96 121 30 532 76 1257 132 42 2112 338 98 55 252 208 100 218 153 150 46 37 159 102 63 127 332 256 138 132 139
internal_value=0 -0.0484334 -0.112218 0.00843433 0.0783169 0.0554315 -0.13385 0.0525054 0.0746309 -0.08784 -0.0689478 -0.0208159 -0.0591696 -0.132717 -0.0483519 -0.0172124 -0.103916 0.0684457 -0.268827 -0.0225904 0.0163659 -0.0298312 -0.145451 0.047579 -0.240256 0.150149 -0.147298 -0.0947545 -0.0458923
internal_weight=0 719.78 339.138 380.641 187.146 642.045 47.2776 21.2998 566.285 75.7599 253.78 144.821 193.495 108.959 133.906 114.084 74.6157 36.5589 38.0568 144.652 110.396 81.6119 32.6358 48.976 85.3584 139.868 34.2567 90.5638 66.5698
internal_count=7546 3794 1757 2037 1038 3752 250 118 3369 383 1329 752 999 577 697 597 379 180 199 747 572 413 165 248 428 788 175 479 347
is_linear=0
shrinkage=0.3


Tree=6
num_leaves=30
num_cat=0
split_feature=7 4 7 0 4 4 4 2 7 7 4 1 0 0 0 7 4 7 7 7 3 2 2 7 7 0 0 0 2
split_gain=104.582 43.6557 33.8506 20.2279 16.2961 19.5568 13.7373 14.0167 12.9161 11.0523 11.189 8.57709 8.20751 6.80358 6.0508 4.93931 4.55799 5.05531 5.99554 4.40264 4.06525 3.61421 3.56564 3.40937 3.29418 3.10809 2.98503 3.507 2.95109
threshold=285.50000000000006 3.5000000000000004 153.50000000000003 67.500000000000014 4.5000000000000009 7.5000000000000009 1.0000000180025095e-35 1.0000000180025095e-35 64.500000000000014 531.50000000000011 2.5000000000000004 1.0000000180025095e-35 213.50000000000003 484.50000000000006 463.50000000000006 262.50000000000006 1.5000000000000002 379.50000000000006 338.50000000000006 1280.5000000000002 1.0000000180025095e-35 1.0000000180025095e-35 1.0000000180025095e-35 93.500000000000014 247.50000000000003 -81.499999999999986 4635.0000000000009 2992.0000000000005 1.0000000180025095e-35
decision_type=2 2 2 2 2 2 2 2 2 2 2 2 2 2 2 2 2 2 2 2 2 2 2 2 2 2 2 2 2
left_child=1 2 23 -4 -3 14 7 -5 -7 10 12 -11 -2 22 24 26 -15 18 -18 25 -8 -16 -14 -1 -6 -13 27 -10 -25
right_child=9 4 3 6 5 8 20 -9 15 11 -12 19 13 16 21 -17 17 -19 -20 -21 -22 -23 -24 28 -26 -27 -28 -29 -30
leaf_value=0.29523354756405706 0.099413271897700078 -0.21936482390155365 0.24370766620239206 0.2410616335723684 0.25384334816345139 0.31091755138321914 -0.057331806636127636 -0.075232238570752868 -0.086666168363415744 -0.080781029901043119 -0.099958279551037046 -0.33700278328766015 -0.078556680238089288 0.042271855799036265 0.15669662686109787 0.10100835926116254 -0.05076677514660443 0.057291997356736291 -0.47739558430315321 -0.33341196381862842 0.11593625368274285 -0.00087946264365259012 -0.29991116035672183 0.26210254657702764 -0.035239306783665381 -0.14845933458019658 -0.23046047997680896 0.10098897840172319 0.15365091869912534
leaf_weight=77.359153553843498 57.36334291100502 29.11742128431797 47.214991398155689 39.752840124070644 32.277454294264317 8.2991838902235013 102.48567961156368 18.260478682816029 112.10233967006207 171.41497758030891 180.41407010704279 8.3988377004861814 16.392402395606041 63.205409660935402 21.959674276411533 13.837877333164213 6.6326937824487704 8.3534896075725538 5.2033946961164474 15.194700866937636 13.578873813152311 31.904507279396057 10.950874879956247 46.486453697085381 3.9147106260061255 116.2056043818593 11.523725055158136 9.5221648141741735 47.182935170829296
leaf_count=745 275 151 278 272 199 69 468 79 585 940 910 44 79 291 136 78 31 39 24 93 73 169 49 394 22 638 62 50 303
internal_value=0 0.0835622 0.147733 0.0701294 -0.00821944 0.0170478 0.022753 0.141614 -0.0474447 -0.0848774 -0.0481286 -0.125955 0.00756661 -0.0401337 0.128067 -0.0681984 0.00259105 -0.120579 -0.244628 -0.18109 -0.036844 0.0638118 -0.169223 0.247882 0.222546 -0.161852 -0.0859485 -0.071788 0.208057
internal_weight=0 666.78 392.321 221.293 274.459 245.342 174.078 58.0133 155.285 659.73 348.516 311.214 168.102 110.738 90.0563 146.986 83.395 20.1896 11.8361 139.799 116.065 53.8642 27.3433 171.029 36.1922 124.604 133.148 121.625 93.6694
internal_count=7546 4133 2612 1170 1521 1370 892 351 844 3413 1698 1715 788 513 526 775 385 94 55 775 541 305 128 1442 221 682 697 635 697
is_linear=0
shrinkage=0.3


Tree=7
num_leaves=30
num_cat=0
split_feature=6 0 4 1 4 5 5 4 4 0 4 5 6 4 5 0 5 4 5 5 1 5 5 4 4 4 1 0 0
split_gain=17.1917 10.9879 9.78044 11.9911 9.74379 8.71253 7.45549 7.181 6.97176 6.50069 6.26361 6.12643 5.55365 5.44643 9.47525 5.49117 5.34256 6.93788 5.21948 5.11375 4.98291 4.94136 17.9095 14.281 13.2208 8.94859 6.53446 4.89498 4.69211
threshold=1.5000000000000002 658.50000000000011 2.5000000000000004 1.0000000180025095e-35 4.5000000000000009 2.5000000000000004 11.500000000000002 5.5000000000000009 6.5000000000000009 12123.500000000002 1.0000000180025095e-35 12.500000000000002 6.5000000000000009 4.5000000000000009 17.500000000000004 4345.5000000000009 4.5000000000000009 7.5000000000000009 16.500000000000004 16.500000000000004 1.0000000180025095e-35 7.5000000000000009 14.500000000000002 7.5000000000000009 7.5000000000000009 9.5000000000000018 1.5000000000000002 691.50000000000011 5297.5000000000009
decision_type=2 2 2 2 2 2 2 2 2 2 2 2 2 2 2 2 2 2 2 2 2 2 2 2 2 2 2 2 2
left_child=2 10 3 5 18 27 -5 12 -9 21 -2 -12 13 15 -15 -3 -10 -18 -4 -7 -13 23 -23 -6 -24 -26 -27 -1 -17
right_child=1 7 4 6 9 19 -8 8 16 -11 11 20 -14 14 -16 28 17 -19 -20 -21 -22 22 24 -25 25 26 -28 -29 -30
leaf_value=0.0036263325406262654 0.13679156674500051 -0.037813083170882472 -0.094365732356122556 0.027328552531145626 -0.46029724385387866 0.042451191821131877 -0.12761830098650126 -0.37604052118321118 0.11260466759105917 0.3322911507868469 -0.011496955679012349 0.12299886701072274 0.16779070624560663 -0.13440654588417064 0.2317820924940972 0.2789838287362093 0.15769708064640589 -0.13488910167365073 -0.25081484554931749 0.17073266444491347 0.020584473334206283 -0.24410340282238296 0.074956012149321155 0.079586736602886399 -0.30238068009976965 -0.014671653083523027 -0.37007994615741679 -0.47060238806091698 0.027998144873354665
leaf_weight=3.8333672210574141 88.880835607647896 159.72281137853861 43.021518655121326 47.247690662741661 4.5880434513092032 78.605894446372986 67.878465890884399 6.5367654561996451 13.291150778532026 3.8216991424560538 105.9500283151865 101.2554637491703 20.077637299895287 8.8713579177856463 20.991035968065262 8.8215344175696355 8.2113358452916128 53.564223237335682 35.174901962280273 43.370612613856792 74.08190243691206 41.997240662574768 66.378351613879204 48.269710391759872 16.629168719053268 46.50750932097435 4.9137500301003447 3.7343537211418152 25.849254950881004
leaf_count=20 645 950 237 286 26 496 406 34 72 21 586 661 145 48 122 56 45 310 191 265 471 244 386 255 98 271 28 20 151
internal_value=0 0.0321132 -0.0386226 0.00626152 -0.0738751 0.0688048 -0.064111 -0.00805469 -0.0849566 -0.0430386 0.0674621 0.045448 0.0176931 0.00407387 0.122773 -0.0143018 -0.0583835 -0.0954938 -0.165346 0.0883331 0.0798234 -0.0496686 -0.0737498 0.0306759 -0.0201561 -0.112863 -0.0503461 -0.23834 0.0934794
internal_weight=0 696.105 555.972 244.67 311.302 129.544 115.126 325.937 81.6035 233.105 370.168 281.287 244.334 224.256 29.8624 194.394 75.0667 61.7756 78.1964 121.977 175.337 229.284 176.426 52.8578 134.429 68.0504 51.4213 7.56772 34.6708
internal_count=7546 4296 3250 1493 1757 801 692 1933 461 1329 2363 1718 1472 1327 170 1157 427 355 428 761 1132 1308 1027 281 783 397 299 40 207
is_linear=0
shrinkage=0.3


Tree=8
num_leaves=30
num_cat=0
split_feature=7 7 4 4 5 5 3 5 4 7 5 5 4 4 5 4 4 5 5 4 4 4 4 6 7 4 5 5 7
split_gain=60.9154 22.7212 18.9907 12.9173 9.43256 8.34731 9.73487 7.50937 13.4248 7.26171 6.23977 14.4585 10.7484 13.0342 10.2932 7.35872 10.4118 6.68405 6.94584 6.09644 6.87363 5.94546 5.9116 5.80376 6.22955 5.6001 12.5729 10.2847 5.43449
threshold=134.50000000000003 409.50000000000006 3.5000000000000004 7.5000000000000009 5.5000000000000009 6.5000000000000009 1.0000000180025095e-35 12.500000000000002 4.5000000000000009 62.500000000000007 21.500000000000004 27.500000000000004 6.5000000000000009 8.5000000000000018 18.500000000000004 4.5000000000000009 5.5000000000000009 7.5000000000000009 12.500000000000002 7.5000000000000009 8.5000000000000018 9.5000000000000018 1.0000000180025095e-35 3.5000000000000004 266.50000000000006 1.0000000180025095e-35 16.500000000000004 15.500000000000002 93.500000000000014
decision_type=2 2 2 2 2 2 2 2 2 2 2 2 2 2 2 2 2 2 2 2 2 2 2 2 2 2 2 2 2
left_child=3 2 4 7 -2 -6 23 8 22 -5 14 -12 -13 -14 17 -16 -17 19 -19 -4 -21 -22 -1 25 -25 26 -7 -27 -24
right_child=1 -3 10 9 5 6 -8 -9 -10 -11 11 12 13 -15 15 16 -18 18 -20 20 21 -23 28 24 -26 27 -28 -29 -30
leaf_value=0.3249828574687364 -0.051568469272203842 -0.082254017166052684 -0.24245099090562716 0.29333396504302345 0.27991721483159387 0.19277826853102958 0.21779754150703046 0.24575267014387761 -0.34494377722321939 -0.033159555449328471 -0.2907536232435261 -0.33199397770542188 0.24546523581221266 -0.1361055412117097 -0.23969192926117258 0.32272195398141607 -0.040870214777926406 -0.21289995489295913 -0.045317616080606658 0.14131082974851161 -0.3186767727816483 0.024879813296762896 0.22851008447750976 0.22562612504972873 0.0058553815351084235 -0.11356718854160032 -0.042806646855643712 0.060489300142249826 -0.028999622366771807
leaf_weight=12.746502973139284 64.761749193072319 419.14778835326433 6.8022796511650077 6.9842735528945914 16.567506402730942 42.690386436879635 31.866122514009476 98.98352475091815 5.1750502437353125 39.564709350466728 29.156072676181793 7.3797380626201621 16.637779757380486 15.160832904279234 4.130352020263671 17.481169179081917 11.713957846164705 35.344811335206032 59.894762970507145 32.085453301668167 6.1849430873990086 15.154606729745863 12.632323846220972 28.233555480837822 19.610754437744617 56.790331520140171 38.659243151545525 65.531315252184868 17.11194483935833
leaf_count=159 324 2311 43 70 98 290 218 1074 25 207 176 39 80 90 22 99 64 222 348 141 35 78 125 172 92 268 243 323 130
internal_value=0 -0.028293 0.00809871 0.15502 0.0521037 0.0745131 0.0622558 0.198656 0.100042 0.0172022 -0.0543079 -0.131811 -0.0123757 0.0639175 -0.0261109 0.124562 0.177776 -0.0585648 -0.107925 0.0196208 0.0540141 -0.077365 0.156029 0.0423421 0.13607 0.0201773 0.0810459 -0.0203903 0.0814095
internal_weight=0 1040.99 621.838 193.198 364.711 299.949 283.382 146.649 47.6658 46.549 257.127 68.3344 39.1784 31.7986 188.792 33.3255 29.1951 155.467 95.2396 60.2273 53.425 21.3395 42.4908 251.516 47.8443 203.671 81.3496 122.322 29.7443
internal_count=7566 5776 3465 1790 2028 1704 1606 1513 439 277 1437 385 209 170 1052 185 163 867 570 297 254 113 414 1388 264 1124 533 591 255
is_linear=0
shrinkage=0.3


Tree=9
num_leaves=30
num_cat=0
split_feature=0 1 4 1 0 0 0 0 2 3 3 4 4 2 0 0 4 0 4 0 0 0 3 4 0 2 4 0 0
split_gain=14.2076 9.58625 8.13376 6.98415 5.67296 5.43507 4.38965 5.81177 4.86245 4.13607 4.00061 3.77261 5.7989 4.75283 4.12124 6.88579 3.97384 3.72386 3.55972 3.52114 3.37734 3.25892 2.83395 5.73509 5.89166 4.04559 6.14104 4.34568 3.04474
threshold=38.500000000000007 1.0000000180025095e-35 10.500000000000002 1.5000000000000002 272.50000000000006 950.50000000000011 538.50000000000011 2600.5000000000005 1.0000000180025095e-35 1.0000000180025095e-35 1.0000000180025095e-35 4.5000000000000009 8.5000000000000018 1.0000000180025095e-35 181.50000000000003 260.50000000000006 1.0000000180025095e-35 121.50000000000001 1.0000000180025095e-35 926.50000000000011 1567.5000000000002 3059.5000000000005 1.0000000180025095e-35 1.5000000000000002 136.50000000000003 1.0000000180025095e-35 5.5000000000000009 294.50000000000006 101.50000000000001
decision_type=2 2 2 2 2 2 2 2 2 2 2 2 2 2 2 2 2 2 2 2 2 2 2 2 2 2 2 2 2
left_child=-1 2 5 6 -5 19 11 9 -9 -8 18 13 14 16 17 -16 -3 -13 21 22 -4 -6 25 -24 -25 28 27 -27 -2
right_child=1 3 20 4 10 -7 7 8 -10 -11 -12 12 -14 -15 15 -17 -18 -19 -20 -21 -22 -23 23 24 -26 26 -28 -29 -30
leaf_value=0.076770955164548363 -0.063656315738664843 0.0025283569467089199 -0.065504289544233679 0.15172940442922578 0.15921151549512694 -0.012203314408564288 -0.018962779881614319 -0.0070022424087096699 -0.18737956165753614 0.19134411008214583 0.18227322696758974 0.05576638767426035 -0.17277874852034714 -0.20235354931373015 0.44949047955884369 0.023592563925641005 -0.20229907247192042 -0.31838658990004726 -0.075212746079276444 0.2989875666813126 -0.34609029706464112 -0.17318271329505799 -0.037199941726237452 -0.062155406046129506 0.27317733003343175 -0.039742492979986201 -0.1181869628925504 0.092717265210035468 0.090560663592245599
leaf_weight=187.06482944265008 12.884629372507332 26.376906789839268 8.2953339889645559 23.018429901450872 11.962193701416252 260.74257688224316 125.35034577921033 21.671914432197809 35.2828817255795 8.7576387822628003 7.8763823807239524 5.3081812113523501 16.975712046027184 53.05308511480689 4.3692803904414204 13.138716693967579 12.327495094388722 4.0025086402893066 55.123235866427422 4.6893711835145941 7.2183569669723502 3.1573902033269396 14.223027370870112 5.9821319691836861 20.593968167901039 40.109938111156225 32.481725975871086 49.591889068484306 96.830314081162214
leaf_count=1327 97 202 53 147 88 1609 775 141 209 62 59 32 110 312 26 78 79 23 341 27 49 23 115 37 134 241 204 302 664
internal_value=0 -0.0133871 0.0126739 -0.0471051 0.0217397 0.0188897 -0.0684235 -0.0390438 -0.119092 -0.00488115 -0.0169438 -0.109679 -0.0369407 -0.14419 0.0498859 0.134964 -0.0636359 -0.109408 -0.0398793 0.0481008 -0.199655 0.0880224 0.0435023 0.11618 0.197827 0.0305984 -0.00695918 0.0335453 0.0723408
internal_weight=0 981.396 553.643 427.752 101.138 538.13 326.615 191.063 56.9548 134.108 78.1192 135.552 43.7944 91.7575 26.8187 17.508 38.7044 9.31069 70.2428 277.387 15.5137 15.1196 272.698 40.7991 26.5761 231.898 122.184 89.7018 109.715
internal_count=7566 6239 3532 2707 658 3430 2049 1187 350 837 511 862 269 593 159 104 281 55 452 1821 102 111 1794 286 171 1508 747 543 761
is_linear=0
shrinkage=0.3


Tree=10
num_leaves=30
num_cat=0
split_feature=7 7 4 5 5 4 5 2 4 7 1 4 7 1 5 5 7 7 5 5 2 4 5 4 4 5 7 7 5
split_gain=38.1202 16.4655 13.3881 9.74274 7.95699 7.99465 12.7398 9.68216 6.75942 5.34933 5.28041 4.86696 11.6538 7.48922 4.71221 4.44641 4.33923 5.04102 3.91293 3.68715 3.64871 4.20897 6.42293 5.02726 3.8612 3.67693 3.61404 3.47606 4.37194
threshold=113.50000000000001 335.50000000000006 3.5000000000000004 5.5000000000000009 24.500000000000004 1.5000000000000002 25.500000000000004 1.0000000180025095e-35 7.5000000000000009 801.50000000000011 1.5000000000000002 1.0000000180025095e-35 288.50000000000006 1.0000000180025095e-35 19.500000000000004 21.500000000000004 62.500000000000007 91.500000000000014 9.5000000000000018 2.5000000000000004 1.0000000180025095e-35 4.5000000000000009 20.500000000000004 7.5000000000000009 9.5000000000000018 15.500000000000002 520.50000000000011 753.50000000000011 17.500000000000004
decision_type=2 2 2 2 2 2 2 2 2 2 2 2 2 2 2 2 2 2 2 2 2 2 2 2 2 2 2 2 2
left_child=8 2 3 -2 10 6 -6 -8 -1 20 11 12 -5 14 -13 -15 -10 18 -18 -4 21 26 24 -24 -23 -26 -3 -22 -29
right_child=1 9 19 4 5 -7 7 -9 16 -11 -12 13 -14 15 -16 -17 17 -19 -20 -21 27 22 23 -25 25 -27 -28 28 -30
leaf_value=0.19952151579265584 -0.05222465475469356 0.012435310349763426 0.10458953715204486 0.24168106025348363 -0.62420152071108792 0.10957614202578969 0.1154494132467614 -0.24451595141372412 0.26977139279127321 -0.11266021499146225 0.25650887863428568 0.074902176023480968 -0.1151602856225456 -0.086658148746031879 0.24958391439730454 0.22797904974780669 0.04875516691997888 0.091790304124642563 -0.3292757074019001 -0.047917538625901999 -0.076107680948296355 0.030629756094454938 0.057989749399763493 -0.3421964792663274 0.06749195053939254 0.32803563947991288 -0.083425822200555319 0.32486059999366063 -0.11743360413065007
leaf_weight=91.706348925828934 56.182172264903784 67.076466649770737 15.10257627815008 42.393813967704773 3.6268862187862423 25.632452920079231 15.091858651489019 11.713837679475546 5.5193293206393745 116.57790784537792 21.010695099830627 61.876436151564121 10.039474233984945 32.650076419115067 17.827730100601912 4.3530510738492003 3.9687736928463 14.809678561985491 5.9858291819691658 202.4815272167325 191.86492245644331 25.071657381951809 5.4685443043708784 5.440776489675045 9.2771626785397547 10.422180414199827 74.53733741492033 4.1878932639956465 3.4768374711275101
leaf_count=1196 298 321 81 391 20 160 141 59 70 807 150 351 64 178 113 25 27 75 32 1236 1085 118 25 29 45 49 371 28 21
internal_value=0 -0.0181192 0.0195051 0.060316 0.0860242 -0.0132534 -0.116762 -0.0427003 0.159031 -0.0562162 0.115273 0.0973578 0.173122 0.0630059 0.114667 -0.0482951 0.0357545 -0.0186911 -0.181187 -0.0372184 -0.0395706 -0.0106162 0.059088 -0.144955 0.109364 0.207844 -0.0380816 -0.0681487 0.126992
internal_weight=0 1033.38 519.983 302.398 246.216 56.065 30.4326 26.8057 121.99 513.402 190.151 169.141 52.4333 116.707 79.7042 37.0031 30.2836 24.7643 9.9546 217.584 396.824 197.294 55.6803 10.9093 44.771 19.6993 141.614 199.53 7.66473
internal_count=7566 6166 3267 1950 1652 380 220 200 1400 2899 1272 1122 455 667 464 203 204 134 59 1317 2092 958 266 54 212 94 692 1134 49
is_linear=0
shrinkage=0.3


Tree=11
num_leaves=30
num_cat=0
split_feature=7 7 4 5 5 5 6 7 5 4 4 7 7 4 5 4 5 7 2 3 4 5 5 4 5 4 4 6 7
split_gain=22.2065 11.0916 7.99834 12.9624 9.96151 7.56101 9.70248 5.06408 3.75334 4.47352 7.56075 5.9501 6.6579 5.29574 5.37163 3.75055 3.70636 4.57368 3.59971 3.57137 4.20829 7.05407 6.90058 5.41115 4.00591 10.1113 13.4175 7.79177 4.66551
threshold=210.50000000000003 77.500000000000014 1.0000000180025095e-35 23.500000000000004 27.500000000000004 16.500000000000004 2.5000000000000004 651.50000000000011 2.5000000000000004 3.5000000000000004 7.5000000000000009 157.50000000000003 130.50000000000003 1.5000000000000002 3.5000000000000004 9.5000000000000018 1.5000000000000002 159.50000000000003 1.0000000180025095e-35 1.0000000180025095e-35 8.5000000000000018 21.500000000000004 15.500000000000002 9.5000000000000018 28.500000000000004 6.5000000000000009 1.0000000180025095e-35 1.5000000000000002 387.50000000000006
decision_type=2 2 2 2 2 2 2 2 2 2 2 2 2 2 2 2 2 2 2 2 2 2 2 2 2 2 2 2 2
left_child=1 -1 3 -3 -5 8 -7 19 16 13 -11 12 -12 14 -10 -9 -4 -18 -17 20 24 22 23 -22 -2 26 -26 -28 -29
right_child=7 2 5 4 -6 6 -8 15 9 10 11 -13 -14 -15 -16 18 17 -19 -20 -21 21 -23 -24 -25 25 -27 27 28 -30
leaf_value=0.20410798810164904 -0.019550601173788099 0.25936804542882391 -0.11667874757945709 -0.25755897698703412 0.2259718566358502 0.027966882830966974 0.22557986002864794 -0.086250785965535329 0.18921825727724736 -0.24745964747671273 -0.0034212378825268265 0.11081560450542519 -0.30533358978683306 0.076270809635012995 -0.17480799345257597 0.15497404813578913 0.29979770228626751 -0.078785150562583353 -0.13212875581953298 0.053485155437114726 -0.35511890605010094 -0.22769292767032778 0.11736092243661349 -0.051450016956977214 0.36950398317912198 0.4125228309720817 -0.42759288659336964 -0.16153831352725592 0.15781798620630041
leaf_weight=43.501827038824558 400.24179064109921 33.225279286503792 4.7783391177654275 9.6036802940070611 6.0236162170767775 85.687281083315611 30.039192885160446 162.26603261381388 4.3298132494092014 20.062843389809132 18.405169770121578 17.221214488148689 9.9683952853083593 43.367751847952604 17.972552247345448 11.575173877179624 9.2159254997968656 3.986900471150876 5.6462234780192366 61.9312339797616 6.1586370319128028 22.421732775866985 18.876917071640491 30.479996055364609 6.6314367502927807 6.6127562522888175 5.0286760106682804 8.261050768196581 7.7004178613424292
leaf_count=766 2164 432 24 80 77 584 289 1112 23 111 93 95 55 300 127 79 52 21 49 333 51 171 116 187 36 33 27 41 38
internal_value=0 0.0625885 0.0428206 0.154028 -0.0705237 0.0221899 0.079657 -0.028177 -0.0224135 -0.0400573 -0.0952699 -0.0272665 -0.111323 0.0153049 -0.102752 -0.0721246 0.105169 0.186171 0.0602721 -0.0144162 -0.0226461 -0.0867153 -0.0289711 -0.104663 -0.0111077 0.0869959 0.00590399 -0.112123 -0.0074079
internal_weight=0 357.39 313.888 48.8526 15.6273 265.035 115.726 753.832 149.309 131.328 65.6576 45.5948 28.3736 65.6701 22.3024 179.487 17.9812 13.2028 17.2214 574.345 512.413 77.9373 55.5156 36.6386 434.476 34.2343 27.6216 20.9901 15.9615
internal_count=7566 3129 2363 589 157 1774 873 4437 901 804 354 243 148 450 150 1240 97 73 128 3197 2864 525 354 238 2339 175 142 106 79
is_linear=0
shrinkage=0.3


Tree=12
num_leaves=30
num_cat=0
split_feature=7 6 4 7 7 2 7 6 4 4 7 4 7 3 7 7 7 4 7 7 4 7 3 6 1 1 4 7 4
split_gain=13.5042 11.2345 8.63718 10.3123 5.38235 5.11499 4.73635 4.03479 5.55079 5.20549 3.8205 3.71706 5.1468 4.85101 3.87521 5.05449 5.01671 3.68913 3.25159 3.2082 3.47837 5.34084 3.81939 3.59288 3.12553 2.92746 2.81858 2.82453 2.80529
threshold=343.50000000000006 6.5000000000000009 1.0000000180025095e-35 153.50000000000003 1175.5000000000002 1.0000000180025095e-35 243.50000000000003 1.5000000000000002 5.5000000000000009 6.5000000000000009 279.50000000000006 6.5000000000000009 604.50000000000011 1.0000000180025095e-35 640.50000000000011 710.50000000000011 801.50000000000011 2.5000000000000004 95.500000000000014 85.500000000000014 1.5000000000000002 305.50000000000006 1.0000000180025095e-35 2.5000000000000004 1.0000000180025095e-35 1.0000000180025095e-35 5.5000000000000009 1358.0000000000002 8.5000000000000018
decision_type=2 2 2 2 2 2 2 2 2 2 2 2 2 2 2 2 2 2 2 2 2 2 2 2 2 2 2 2 2
left_child=1 2 3 -1 11 10 -7 -4 19 -10 25 14 13 28 -2 -16 17 -17 -11 -9 21 23 -22 -21 26 -5 27 -6 -13
right_child=4 -3 7 5 24 6 -8 8 9 18 -12 12 -14 -15 15 16 -18 -19 -20 20 22 -23 -24 -25 -26 -27 -28 -29 -30
leaf_value=0.26342065594899949 -0.015226061140733251 0.24035304710131894 -0.018257402876962786 0.25946691644575787 -0.13563563094886857 -0.17512047998730612 0.072288856545518379 0.21516858106671122 -0.33485494252626152 -0.17221548480320703 -0.015112061696428473 0.027412487497271414 0.12322207712700915 0.26401199146452864 -0.18665551727894381 0.11759787432372533 -0.095680806903911841 -0.12512883276069409 0.013819853476895589 -0.16021916781623396 0.062277253374909768 0.25894240638499083 0.24071109723426792 0.051461480757305521 -0.25518765724628922 0.071272401888836087 -0.27770659234570533 0.11011000510863914 -0.10991689299162509
leaf_weight=27.217368099838495 228.25371950864792 22.727276420220733 234.62996953725815 15.622882459312679 8.1020146161317879 13.993013724684717 13.399470314383505 12.133820362389086 4.3783716112375251 9.3224079199135286 14.855902470648287 23.752961255609989 33.372720748186111 4.5746603384613982 30.566848002374172 21.848783522844318 58.632801465690136 7.3248431384563437 71.500209502875805 17.746399927884344 108.82186185196042 4.7526034265756598 11.784553445875643 11.871269118040798 13.910550653934477 14.502516977488993 4.3609875440597525 8.2121991589665395 30.160365790128708
leaf_count=524 1142 285 1539 190 59 68 61 260 26 84 103 134 230 21 181 141 451 49 413 102 703 22 113 79 125 168 33 60 218
internal_value=0 0.0346151 0.0265388 0.106915 -0.0329253 0.0473166 -0.0545602 0.0100511 0.0363675 -0.0258976 0.109313 -0.0238909 0.0297017 -0.0239732 -0.0381055 -0.082091 -0.0452413 0.0560806 -0.00812769 0.068104 0.0562443 -0.0277826 0.0801985 -0.0756681 -0.146419 0.170271 -0.0709499 -0.0121488 -0.0495736
internal_weight=0 609.26 586.533 99.5912 473.073 72.3738 27.3925 486.941 252.311 85.201 44.9813 438.488 91.8607 58.488 346.627 118.373 87.8064 29.1736 80.8226 167.111 154.977 34.3703 120.606 29.6177 34.5858 30.1254 20.6752 16.3142 53.9133
internal_count=7584 4740 4455 1114 2844 590 129 3341 1802 523 461 2567 603 373 1964 822 641 190 497 1279 1019 203 816 181 277 358 152 119 352
is_linear=0
shrinkage=0.3


Tree=13
num_leaves=30
num_cat=0
split_feature=7 7 0 7 6 7 5 5 0 0 5 5 5 7 7 5 0 5 7 0 0 6 0 7 0 1 7 5 5
split_gain=10.143 6.4949 7.28022 11.839 4.20762 4.0376 3.45247 3.43867 4.44745 3.35016 3.10619 11.2592 6.66622 5.93896 4.07287 4.00646 10.7315 9.12048 3.80324 3.2948 4.40036 4.10407 3.20288 3.06028 2.75476 2.71917 2.63458 2.61849 2.52344
threshold=62.500000000000007 651.50000000000011 -55.499999999999993 364.50000000000006 6.5000000000000009 171.50000000000003 29.500000000000004 1.5000000000000002 528.50000000000011 -238.49999999999997 20.500000000000004 18.500000000000004 28.500000000000004 175.50000000000003 218.50000000000003 9.5000000000000018 1567.5000000000002 13.500000000000002 457.50000000000006 967.50000000000011 776.50000000000011 4.5000000000000009 4028.0000000000005 1439.5000000000002 810.50000000000011 1.0000000180025095e-35 1358.0000000000002 3.5000000000000004 26.500000000000004
decision_type=2 2 2 2 2 2 2 2 2 2 2 2 2 2 2 2 2 2 2 2 2 2 2 2 2 2 2 2 2
left_child=27 2 3 -2 7 -6 23 8 -4 -5 11 15 19 -14 24 16 -9 -17 -16 20 -12 -21 -15 26 -13 -7 -3 -1 -29
right_child=1 6 4 9 5 25 -8 10 -10 -11 12 14 13 22 18 17 -18 -19 -20 21 -22 -23 -24 -25 -26 -27 -28 28 -30
leaf_value=-0.2222127421547708 0.29698534442982866 -0.03760815572661378 0.051001617107951751 -0.22375754362851522 0.3233251488005745 0.13754823299771737 -0.21726145288557436 0.064674981408317803 -0.28542889641792235 0.10544826594962113 -0.041758046132445145 0.14122513989375801 0.22218706436430324 0.032482175770245335 0.26367582449490062 -0.093913138670403656 -0.072687180882663516 0.020412865746299105 0.042274504315641566 -0.13490671552455372 0.22446063336403996 0.17783603410298687 -0.20337337817361689 -0.18299090267696927 -0.053658890266706893 -0.086081438348968489 0.19431629595915675 0.29231638458717257 0.02813244763956356
leaf_weight=0.98671512864530342 18.965428899973634 139.0275165066123 5.9917643293738356 6.5706345438957214 6.4436691440641907 12.768250513821842 10.712169595062731 187.81081762909889 8.1298503726720792 4.485126391053198 88.829881487414241 12.982310961931946 14.411755777895449 44.097475945949554 25.387555107474327 104.48416567780077 70.085733070969582 156.64577060192823 9.7513830214738828 57.039851315319538 5.7012862488627425 3.8199704699218264 5.6041859760880461 12.637034207582472 12.663315035402773 7.6116776689887038 4.2937879450619212 15.255012603476645 4.1932307165116063
leaf_count=18 208 1027 32 30 106 76 80 1162 45 21 608 132 145 277 141 712 407 1037 49 379 46 25 36 111 95 40 38 389 112
internal_value=0 -0.000296278 0.0100981 0.154608 0.00488816 0.121206 -0.0545015 0.00101453 -0.144361 -0.0908583 0.00362959 0.0151358 -0.0267452 0.0544957 0.137005 0.000801133 0.0273095 -0.0253801 0.203006 -0.0603002 -0.0251233 -0.114595 0.00495646 -0.0429748 0.0454277 0.0539924 -0.0303163 0.211799 0.236492
internal_weight=0 1036.95 870.282 30.0212 840.261 26.8236 166.671 813.437 14.1216 11.0558 799.315 579.811 219.504 64.1134 60.7846 519.026 257.897 261.13 35.1389 155.391 94.5312 60.8598 49.7017 155.958 25.6456 20.3799 143.321 20.435 19.4482
internal_count=7584 7065 5809 259 5550 222 1256 5328 77 51 5251 3735 1516 458 417 3318 1569 1749 190 1058 654 404 313 1176 227 116 1065 519 501
is_linear=0
shrinkage=0.3


Tree=14
num_leaves=30
num_cat=0
split_feature=7 1 7 7 5 7 5 7 6 1 5 7 6 7 7 6 5 7 7 5 7 7 7 7 7 6 5 5 5
split_gain=6.68143 4.77688 4.80015 3.67511 4.15915 4.54385 4.15281 4.76566 4.7354 3.50427 3.25043 3.22909 3.73735 3.29726 3.13023 3.81027 3.93202 3.5162 3.04881 2.82246 2.81455 2.56874 2.93432 2.81609 2.56249 2.46834 2.6561 4.2876 3.34906
threshold=62.500000000000007 1.0000000180025095e-35 1175.5000000000002 889.50000000000011 16.500000000000004 834.50000000000011 20.500000000000004 210.50000000000003 3.5000000000000004 1.5000000000000002 26.500000000000004 580.50000000000011 2.5000000000000004 536.50000000000011 1000.5000000000001 1.5000000000000002 19.500000000000004 1175.5000000000002 1074.5000000000002 2.5000000000000004 743.50000000000011 413.50000000000006 367.50000000000006 251.50000000000003 1134.5000000000002 6.5000000000000009 9.5000000000000018 10.500000000000002 4.5000000000000009
decision_type=2 2 2 2 2 2 2 2 2 2 2 2 2 2 2 2 2 2 2 2 2 2 2 2 2 2 2 2 2
left_child=19 3 9 4 25 6 -6 8 -8 18 -9 13 -13 21 -5 16 17 -16 -3 -1 -14 22 23 -11 -17 26 28 -28 -2
right_child=1 2 -4 14 5 -7 7 10 -10 11 -12 12 20 -15 15 24 -18 -19 -20 -21 -22 -23 -24 -25 -26 -27 27 -29 -30
leaf_value=-0.28840711842218053 -0.028959745929916344 -0.037864393671968165 -0.21805227125548612 -0.1961233677243395 0.10130890325407485 0.38235538089877413 0.057067421799796021 -0.076262997001869212 0.33393638243579876 0.081425158650158036 0.035825149918135804 -0.15040330315238012 -0.082235202525146225 0.28911543444602794 0.41763412159076602 -0.24436933247932716 -0.19448624260454941 0.008098049132656094 0.19554086564861536 0.21719936245885557 0.31641571130936125 -0.07920097039461331 0.26696697611082654 -0.055435870980271161 -0.0199131310843494 0.17036640502141542 -0.24959153069480955 -0.021336292761793142 0.05670415910180987
leaf_weight=0.83533665537834423 69.139574348926544 318.39975958876312 10.847397819161413 11.720735251903532 86.673483960330486 3.5066499784588805 39.357450136914849 47.354507610201836 6.2471594680100671 47.928305264562368 45.338402658700943 15.98285446316004 2.9460932761430731 4.7407008856534949 4.1320594921708125 6.1747378334403065 2.2345981448888779 3.3246094025671482 4.8602133616805068 16.138103477656841 3.0009499043226242 13.802193209528921 5.4802091196179381 18.600296698510647 16.028462987393141 7.3560499399900428 7.6535385511815539 116.23830856382847 100.46788571029902
leaf_count=11 390 2126 125 94 593 26 332 284 130 397 275 115 18 23 33 50 19 28 42 508 24 72 30 108 127 61 52 823 668
internal_value=0 -6.03404e-05 -0.0233121 0.0180658 0.0249712 0.0554612 0.0499249 0.0175904 0.0966934 -0.0183354 -0.0214917 0.0272278 -0.0754531 0.0522418 -0.0653879 -0.0161323 0.138519 0.241543 -0.0341989 0.188291 0.123815 0.0383112 0.0610417 0.0430934 -0.0844668 0.00178794 -0.00258608 -0.0359363 0.021793
internal_weight=0 1019.54 446.589 572.948 529.333 228.478 224.971 138.298 45.6046 435.742 92.6929 112.482 21.9299 90.5517 43.6152 31.8945 9.69127 7.45667 323.26 16.9734 5.94704 85.811 72.0088 66.5286 22.2032 300.855 293.499 123.892 169.607
internal_count=7584 7065 3080 3985 3634 1640 1614 1021 462 2955 559 787 157 630 351 257 80 61 2168 519 42 607 535 505 177 1994 1933 875 1058
is_linear=0
shrinkage=0.3


Tree=15
num_leaves=30
num_cat=0
split_feature=7 4 0 4 5 4 0 7 0 0 7 0 0 7 0 5 5 7 3 0 7 5 4 0 0 5 7 5 7
split_gain=4.46341 7.00797 3.92168 4.55336 6.67609 5.31984 3.30414 3.44333 4.52545 2.80308 2.57279 3.13377 2.63039 2.45136 5.11406 4.95361 4.8182 3.27114 3.06105 2.87397 8.36239 4.92906 2.46951 3.13113 5.78317 2.29181 2.14034 3.97693 2.11913
threshold=113.50000000000001 1.0000000180025095e-35 8886.5000000000018 7.5000000000000009 4.5000000000000009 9.5000000000000018 34.500000000000007 34.500000000000007 1011.5000000000001 335.50000000000006 77.500000000000014 300.50000000000006 136.50000000000003 924.50000000000011 1302.0000000000002 21.500000000000004 7.5000000000000009 1134.5000000000002 1.0000000180025095e-35 -55.499999999999993 364.50000000000006 18.500000000000004 10.500000000000002 826.50000000000011 294.50000000000006 19.500000000000004 99.500000000000014 11.500000000000002 1495.0000000000002
decision_type=2 2 2 2 2 2 2 2 2 2 2 2 2 2 2 2 2 2 2 2 2 2 2 2 2 2 2 2 2
left_child=1 -1 3 6 -5 26 -3 8 9 -8 -9 12 -12 19 18 16 -16 -18 25 20 -2 -22 -21 24 -24 -15 27 -6 -19
right_child=13 2 -4 4 5 -7 7 10 -10 -11 11 -13 -14 14 15 -17 17 28 -20 22 21 -23 23 -25 -26 -27 -28 -29 -30
leaf_value=0.30258490974457314 0.26183868320193943 0.28325101277045095 -0.39514960732163029 0.26244789988738954 -0.10735357922670304 0.04280542981335074 -0.056357486473927125 0.23615797323523327 0.24113183526666732 -0.82543098905572276 0.10096273289068802 0.10637875389561541 -0.27935590939301586 -0.02893223200670636 0.26225850236682707 0.40248542372355123 -0.27208197108067655 0.17335864900971895 -0.27331216002346176 -3.2233593543041201e-05 -0.16144658099014156 0.21614513211260117 -0.16506001396097988 -0.1927360549883769 0.25297827420139729 -0.19487895558819104 -0.033201939142388559 -0.5053463798969543 -0.17963738645001018
leaf_weight=9.867064733989535 13.585793927311899 7.6183523507788768 1.5896482486277808 4.8406863901764181 4.482648881152274 10.218702901154755 0.75252957455813818 8.3053124761208874 0.90239090844988812 0.86399613041430712 2.515538081526759 19.006155935116112 3.9051586072891951 26.807656556367874 4.2681358531117466 3.0840748362243167 5.1773571781814081 3.939303319901228 8.5736551582813245 823.0822825729847 11.182150438427923 4.0219752788543692 6.515801630914213 13.377780575305222 5.0507152229547501 10.196138162165878 3.2216703146696082 4.6935578510165215 2.154863964766264
leaf_count=368 159 204 19 42 44 77 20 234 32 32 29 206 47 234 38 32 49 37 74 5176 58 20 43 111 38 97 17 23 24
internal_value=0 0.0687144 0.0360923 0.0471211 -0.0484083 -0.117196 0.106844 0.0679959 -0.253991 -0.525444 0.0938208 0.0453847 -0.132245 -0.0038383 -0.0603007 0.0714526 0.000143538 -0.102831 -0.114239 0.000312787 0.0930924 -0.0595827 -0.00286493 -0.0953584 0.019051 -0.0757114 -0.247222 -0.31934 0.046271
internal_weight=0 82.7834 72.9163 71.3267 27.4573 22.6166 43.8694 36.2511 2.51892 1.61653 33.7322 25.4269 6.4207 941.018 64.2012 18.6237 15.5397 11.2715 45.5774 876.816 28.7899 15.2041 848.027 24.9443 11.5665 37.0038 12.3979 9.17621 6.09417
internal_count=7584 1394 1026 1007 203 161 804 600 84 52 516 282 76 6190 585 180 148 110 405 5605 237 78 5368 192 81 331 84 67 61
is_linear=0
shrinkage=0.3


Tree=16
num_leaves=30
num_cat=0
split_feature=7 5 7 4 5 5 4 4 7 4 4 5 5 4 5 7 5 4 4 2 4 2 5 4 5 7 4 7 7
split_gain=5.54367 4.20359 3.88954 6.8338 7.32874 10.4126 12.3034 11.9507 11.8253 9.93955 7.27518 6.65063 12.1606 14.3342 5.10388 4.80627 4.5754 7.30221 11.49 4.40724 5.22759 4.38054 4.3773 4.29833 4.84404 4.10253 3.74346 5.39769 3.99153
threshold=77.500000000000014 2.5000000000000004 531.50000000000011 5.5000000000000009 24.500000000000004 16.500000000000004 4.5000000000000009 4.5000000000000009 453.50000000000006 3.5000000000000004 3.5000000000000004 27.500000000000004 7.5000000000000009 9.5000000000000018 2.5000000000000004 143.50000000000003 27.500000000000004 1.0000000180025095e-35 1.5000000000000002 1.0000000180025095e-35 10.500000000000002 1.0000000180025095e-35 11.500000000000002 1.0000000180025095e-35 25.500000000000004 169.50000000000003 8.5000000000000018 282.50000000000006 187.50000000000003
decision_type=2 2 2 2 2 2 2 2 2 2 2 2 2 2 2 2 2 2 2 2 2 2 2 2 2 2 2 2 2
left_child=1 -1 3 4 5 7 9 14 -8 -7 16 12 -5 21 -2 -13 23 -18 -19 20 -15 22 -14 24 -6 -25 28 -28 -17
right_child=2 -3 -4 11 10 6 8 -9 -10 -11 -12 15 13 19 -16 26 17 18 -20 -21 -22 -23 -24 25 -26 -27 27 -29 -30
leaf_value=-0.27157477781853356 -0.11434544147582762 0.17860118621097307 -0.036741885114157137 0.040386059862334303 -0.41706634832373113 0.086403436404692058 0.32088289204478415 -0.21166151456670682 -0.14095383452596347 -0.22116767367805221 -0.26642018426926162 0.30762147806371326 -0.13289675802807124 0.097716550289235135 0.038720524225753096 -0.16006470425628461 0.26610179798171402 -0.46428036580337551 0.057623291535397241 -0.10601238465221947 -0.25901798656970743 -0.18294483016716326 -0.49928465463317445 0.33974642270033634 -0.092920203190674719 -0.050570482853361395 0.069761804251537579 -0.29247259660417568 0.19083084526717778
leaf_weight=1.8056796863675142 21.040660250931978 21.945005702786148 245.79337419196963 66.332740496844053 5.3649297431111362 86.478210284374654 33.154986644163728 20.12289210408926 5.7105785906314841 10.35979415103793 12.163059327751396 6.3803661651909342 4.5875464007258406 28.309596940875053 246.96632768958807 3.451196655631068 10.317425990477203 4.2656449545174864 23.23856255505234 30.85468378290534 3.990516521036624 36.850279662758112 9.2877029813826066 2.8813211740925899 16.694786136969924 10.357192330062388 8.6046484708785993 6.1331305168569079 14.024318315088747
leaf_count=22 122 746 1742 356 29 668 245 132 27 65 83 46 24 149 1705 18 120 22 180 234 25 287 49 47 125 58 57 57 77
internal_value=0 0.141774 -0.00413357 0.00688639 0.0259397 0.0420859 0.110517 0.00978486 0.252533 0.0529888 -0.0541849 -0.0374245 -0.0616266 -0.121003 0.0266032 0.0752389 -0.0180517 0.0542763 -0.0269536 -0.0253659 0.051906 -0.239328 -0.382877 -0.0953783 -0.175742 0.039349 0.0270912 -0.0834695 0.120186
internal_weight=0 23.7507 973.716 727.923 509.116 423.833 135.704 288.13 38.8656 96.838 85.2829 218.807 180.213 113.88 268.007 38.5937 73.1199 37.8216 27.5042 63.1548 32.3001 50.7255 13.8752 35.2982 22.0597 13.2385 32.2133 14.7378 17.4755
internal_count=7517 768 6749 5007 3628 2964 1005 1959 272 733 664 1379 1124 768 1827 255 581 322 202 408 174 360 73 259 154 105 209 114 95
is_linear=0
shrinkage=0.3


end of trees

feature_importances:
Column_5=118
Column_4=115
Column_7=112
Column_0=58
Column_2=31
Column_6=25
Column_3=18
Column_1=16

parameters:
[boosting: gbdt]
[objective: binary]
[metric: auc]
[tree_learner: serial]
[device_type: cpu]
[linear_tree: 0]
[data: ]
[valid: ]
[num_iterations: 200]
[learning_rate: 0.3]
[num_leaves: 30]
[num_threads: -1]
[deterministic: 0]
[force_col_wise: 0]
[force_row_wise: 0]
[histogram_pool_size: -1]
[max_depth: 9]
[min_data_in_leaf: 20]
[min_sum_hessian_in_leaf: 0.001]
[bagging_fraction: 0.846918]
[pos_bagging_fraction: 1]
[neg_bagging_fraction: 1]
[bagging_freq: 4]
[bagging_seed: 3]
[feature_fraction: 0.720285]
[feature_fraction_bynode: 1]
[feature_fraction_seed: 2]
[extra_trees: 0]
[extra_seed: 6]
[early_stopping_round: 2]
[first_metric_only: 0]
[max_delta_step: 0]
[lambda_l1: 0]
[lambda_l2: 0.26327]
[linear_lambda: 0]
[min_gain_to_split: 0]
[drop_rate: 0.1]
[max_drop: 50]
[skip_drop: 0.5]
[xgboost_dart_mode: 0]
[uniform_drop: 0]
[drop_seed: 4]
[top_rate: 0.2]
[other_rate: 0.1]
[min_data_per_group: 100]
[max_cat_threshold: 32]
[cat_l2: 10]
[cat_smooth: 10]
[max_cat_to_onehot: 4]
[top_k: 20]
[monotone_constraints: ]
[monotone_constraints_method: basic]
[monotone_penalty: 0]
[feature_contri: ]
[forcedsplits_filename: ]
[refit_decay_rate: 0.9]
[cegb_tradeoff: 1]
[cegb_penalty_split: 0]
[cegb_penalty_feature_lazy: ]
[cegb_penalty_feature_coupled: ]
[path_smooth: 0]
[interaction_constraints: ]
[verbosity: 1]
[saved_feature_importance_type: 0]
[max_bin: 255]
[max_bin_by_feature: ]
[min_data_in_bin: 3]
[bin_construct_sample_cnt: 200000]
[data_random_seed: 1]
[is_enable_sparse: 1]
[enable_bundle: 1]
[use_missing: 1]
[zero_as_missing: 0]
[feature_pre_filter: 1]
[pre_partition: 0]
[two_round: 0]
[header: 0]
[label_column: ]
[weight_column: ]
[group_column: ]
[ignore_column: ]
[categorical_feature: ]
[forcedbins_filename: ]
[objective_seed: 5]
[num_class: 1]
[is_unbalance: 0]
[scale_pos_weight: 1]
[sigmoid: 1]
[boost_from_average: 1]
[reg_sqrt: 0]
[alpha: 0.9]
[fair_c: 1]
[poisson_max_delta_step: 0.7]
[tweedie_variance_power: 1.5]
[lambdarank_truncation_level: 30]
[lambdarank_norm: 1]
[label_gain: ]
[eval_at: ]
[multi_error_top_k: 1]
[auc_mu_weights: ]
[num_machines: 1]
[local_listen_port: 12400]
[time_out: 120]
[machine_list_filename: ]
[machines: ]
[gpu_platform_id: -1]
[gpu_device_id: -1]
[gpu_use_dp: 0]
[num_gpu: 1]

end of parameters

pandas_categorical:null
