tree
version=v3
num_class=1
num_tree_per_iteration=1
label_index=0
max_feature_idx=6
objective=binary sigmoid:1
feature_names=Column_0 Column_1 Column_2 Column_3 Column_4 Column_5 Column_6
feature_infos=[-6847:81204] [0:1] [0:1] [0:11] [1:31] [1:63] [3:3881]
tree_sizes=1171 1185 1188 1185 1179 1185 1192 1189 1191 1190 1185 1202 1192 1196 1191 1196 1184 1181 1193 1199 1190 1185 1188 1199 1186 1182 1195 1193 1199 1197 1194 1193 1188 1185 1191 1184 1197 1197 1196 1179 1193 1202 1196 1197 1183 1193 1196 1196 1188 1188 1198 1188 1191 1197 1186 1188 1203 1199 1190 1193 1183

Tree=0
num_leaves=10
num_cat=0
split_feature=6 6 1 3 6 3 3 0 1
split_gain=1778.32 469.632 374.158 331.124 166.051 104.986 81.6523 78.5433 64.2929
threshold=205.50000000000003 437.50000000000006 1.0000000180025095e-35 3.5000000000000004 87.500000000000014 3.5000000000000004 1.0000000180025095e-35 202.50000000000003 1.0000000180025095e-35
decision_type=2 2 2 2 2 2 2 2 2
left_child=3 2 6 -1 -5 7 -2 -4 -6
right_child=1 -3 5 4 8 -7 -8 -9 -10
leaf_value=0.19248038762641173 0.18278119564269718 0.05196743986560301 0.1496888316435509 0.19334077122932639 0.14504813737497271 0.055238592790662872 0.13011683569040566 0.08449982818312507 0.091430632279415475
leaf_weight=615.36150544881821 128.05498534440994 672.91150858998299 66.518834799528122 78.22814279794693 84.954766541719437 214.75369137525558 172.89914363622665 148.98225921392441 161.68810406327248
leaf_count=2470 514 2701 267 314 341 862 694 598 649
internal_value=0.117833 0.0820972 0.109846 0.170932 0.130073 0.0799479 0.152584 0.104644 0.109914
internal_weight=0 1404.12 731.209 940.233 324.871 430.255 300.954 215.501 246.643
internal_count=9410 5636 2935 3774 1304 1727 1208 865 990
is_linear=0
shrinkage=1


Tree=1
num_leaves=10
num_cat=0
split_feature=6 6 1 3 6 3 3 6 1
split_gain=1608.4 421.748 337.731 302.06 150.895 94.7428 76.1639 60.4935 58.0336
threshold=205.50000000000003 437.50000000000006 1.0000000180025095e-35 3.5000000000000004 87.500000000000014 8.5000000000000018 2.5000000000000004 153.50000000000003 1.0000000180025095e-35
decision_type=2 2 2 2 2 2 2 2 2
left_child=3 2 6 7 -5 -4 -2 -1 -6
right_child=1 -3 5 4 8 -7 -8 -9 -10
leaf_value=0.080959756454995382 0.05361785191984101 -0.06239439453925133 -0.024069195704667812 0.072182192237984985 0.025908375876327463 -0.082376758368490052 0.0022187724077677032 0.045406243809586466 -0.025049925032607858
leaf_weight=445.60992453992367 180.20898804068565 674.79431173205376 343.76314134895802 77.770951807498932 84.803176239132881 87.183475136756897 119.99140992760658 166.20581398904324 161.91138473153114
leaf_count=1799 726 2701 1378 314 341 349 482 671 649
internal_value=0 -0.0339014 -0.00758413 0.050667 0.0116501 -0.0359328 0.0331047 0.0713384 -0.00752001
internal_weight=0 1405.94 731.147 936.301 324.486 430.947 300.2 611.816 246.715
internal_count=9410 5636 2935 3774 1304 1727 1208 2470 990
is_linear=0
shrinkage=0.05


Tree=2
num_leaves=10
num_cat=0
split_feature=6 6 1 3 6 3 3 6 1
split_gain=1457.43 380.234 337.331 276.704 137.479 88.5769 66.1561 56.4901 52.4028
threshold=205.50000000000003 477.50000000000006 1.0000000180025095e-35 3.5000000000000004 87.500000000000014 3.5000000000000004 2.5000000000000004 136.50000000000003 1.0000000180025095e-35
decision_type=2 2 2 2 2 2 2 2 2
left_child=3 2 6 7 -5 -4 -2 -1 -6
right_child=1 -3 5 4 8 -7 -8 -9 -10
leaf_value=0.080004556629521384 0.047743724407952562 -0.061897443567489489 -0.014666825930177577 0.069171005912833303 0.024670612237145548 -0.058092853841607985 0.0016201858550303914 0.048174092604562707 -0.023776528687279672
leaf_weight=383.78140372037888 197.77600052952766 609.98342037200928 233.85045883059502 77.132488369941711 84.630137786269188 236.20222879946232 127.97374653816223 223.06432494521141 162.07139867544174
leaf_count=1564 800 2440 937 314 341 945 514 906 649
internal_value=0 -0.0322097 -0.00943371 0.0484396 0.0110985 -0.0365203 0.0296487 0.068345 -0.00714344
internal_weight=0 1405.79 795.802 930.68 323.834 470.053 325.75 606.846 246.702
internal_count=9410 5636 3196 3774 1304 1882 1314 2470 990
is_linear=0
shrinkage=0.05


Tree=3
num_leaves=10
num_cat=0
split_feature=6 6 1 3 3 6 3 6 3
split_gain=1324 415.122 330.484 193.182 112.358 101.315 80.6991 60.9984 44.3491
threshold=177.50000000000003 410.50000000000006 1.0000000180025095e-35 3.5000000000000004 3.5000000000000004 78.500000000000014 2.5000000000000004 651.50000000000011 8.5000000000000018
decision_type=2 2 2 2 2 2 2 2 2
left_child=3 2 6 -1 -4 -5 -2 -3 -7
right_child=1 7 4 5 -6 8 -8 -9 -10
leaf_value=0.070147341091240337 0.055365726080379721 -0.038998012817191889 -0.0051906832162155921 0.072845228145459143 -0.053577742948055007 0.017618171905189599 0.0048821215585822149 -0.068252961118523789 -0.031103714608328243
leaf_weight=521.53936251997948 202.21952028572559 333.39280261099339 241.89219203591347 64.185639023780823 237.81243769824505 137.79990357160568 130.05308149755001 388.4917351603508 70.133603096008301
leaf_count=2147 824 1336 972 264 952 554 523 1556 282
internal_value=0 -0.0271966 -0.00266554 0.0523379 -0.0292039 0.0181502 0.0356368 -0.054772 0.00115575
internal_weight=0 1533.86 811.977 793.659 479.705 272.119 332.273 721.885 207.934
internal_count=9410 6163 3271 3247 1924 1100 1347 2892 836
is_linear=0
shrinkage=0.05


Tree=4
num_leaves=10
num_cat=0
split_feature=6 3 6 6 3 6 0 4 6
split_gain=1206.34 330.904 206.001 155.669 109.602 103.121 65.2881 45.9145 39.2171
threshold=257.50000000000006 3.5000000000000004 477.50000000000006 130.50000000000003 2.5000000000000004 153.50000000000003 974.50000000000011 4.5000000000000009 78.500000000000014
decision_type=2 2 2 2 2 2 2 2 2
left_child=1 5 4 8 7 -1 -7 -2 -3
right_child=2 3 -4 -5 -6 6 -8 -9 -10
leaf_value=0.072235808452218789 -0.044135971387404119 0.070175086833741129 -0.056170816700348916 -0.0224669871759242 -0.034063398947189259 0.049972974750712829 -0.00020487972436547221 0.019077781940053495 0.019919383661883706
leaf_weight=430.52441570162773 32.737851396203041 63.333657145500183 607.40117102861404 264.82090070843697 304.36236898601055 201.45357911288738 95.48676061630249 215.43092748522758 100.53664241731167
leaf_count=1799 132 264 2440 1063 1221 824 389 873 405
internal_value=0 0.0360745 -0.0360827 0.00122413 -0.0139743 0.0565993 0.0338595 0.0106793 0.0394701
internal_weight=0 1156.16 1159.93 428.691 552.531 727.465 296.94 248.169 163.87
internal_count=9410 4744 4666 1732 2226 3012 1213 1005 669
is_linear=0
shrinkage=0.05


Tree=5
num_leaves=10
num_cat=0
split_feature=6 6 1 3 0 3 4 6 6
split_gain=1100.04 343.793 292.927 167.348 103.283 67.2226 59.3547 56.8429 53.3669
threshold=177.50000000000003 410.50000000000006 1.0000000180025095e-35 7.5000000000000009 111.50000000000001 2.5000000000000004 7.5000000000000009 130.50000000000003 651.50000000000011
decision_type=2 2 2 2 2 2 2 2 2
left_child=3 2 5 7 -4 -2 -5 -1 -3
right_child=1 8 4 6 -6 -7 -8 -9 -10
leaf_value=0.069986945845740875 0.052060488207204297 -0.03513988259420784 0.02180341539240082 0.043355048365524701 -0.038287286577088971 0.0058829483186485319 -0.02325699513376921 0.037909058605139129 -0.062580385351435591
leaf_weight=424.10303349792957 199.70660291612148 332.05894127488136 87.181152179837227 51.083930924534798 391.52225206792355 130.20787560939789 94.96948179602623 207.41524656116962 385.25962430238724
leaf_count=1793 824 1336 351 208 1573 523 385 861 1556
internal_value=0 -0.0247179 -0.00236026 0.0483345 -0.0273342 0.0338657 9.79265e-05 0.059483 -0.0499052
internal_weight=0 1525.94 808.618 777.572 478.703 329.914 146.053 631.518 717.319
internal_count=9410 6163 3271 3247 1924 1347 593 2654 2892
is_linear=0
shrinkage=0.05


Tree=6
num_leaves=10
num_cat=0
split_feature=6 6 1 3 6 3 3 6 2
split_gain=1004.21 259.74 222.67 207.986 103.162 74.7603 54.9571 45.4382 45.1226
threshold=205.50000000000003 437.50000000000006 1.0000000180025095e-35 3.5000000000000004 87.500000000000014 8.5000000000000018 1.0000000180025095e-35 136.50000000000003 1.0000000180025095e-35
decision_type=2 2 2 2 2 2 2 2 2
left_child=3 2 6 7 -5 8 -2 -1 -4
right_child=1 -3 5 4 -6 -7 -8 -9 -10
leaf_value=0.06993181542356787 0.052907629504309432 -0.04917448892998591 -0.023898094264261305 0.060495748603852609 -0.0067562309676470825 -0.070348664680390485 0.0091646785873614224 0.040805690029984361 0.040738057190253613
leaf_weight=361.4844064116478 123.35157544910908 666.28543718159199 314.38715597987175 73.772303074598312 246.20051684975624 86.375517949461937 171.54362206161022 216.44462056457996 29.161296173930168
leaf_count=1564 514 2701 1261 314 990 349 694 906 117
internal_value=0 -0.0266503 -0.00592881 0.0411647 0.00880726 -0.0288699 0.0275103 0.0590605 -0.0183693
internal_weight=0 1391.1 724.819 897.902 319.973 429.924 294.895 577.929 343.548
internal_count=9410 5636 2935 3774 1304 1727 1208 2470 1378
is_linear=0
shrinkage=0.05


Tree=7
num_leaves=10
num_cat=0
split_feature=6 6 1 3 0 6 3 3 6
split_gain=919.485 288.164 245.4 147.753 96.3326 77.4571 61.9382 56.1931 48.7079
threshold=175.50000000000003 410.50000000000006 1.0000000180025095e-35 3.5000000000000004 61.500000000000007 78.500000000000014 2.5000000000000004 8.5000000000000018 651.50000000000011
decision_type=2 2 2 2 2 2 2 2 2
left_child=3 2 6 -1 -4 -5 -2 -6 -3
right_child=1 8 4 5 7 -7 -8 -9 -10
leaf_value=0.061642754046248416 0.048771164667396692 -0.031498373155654416 0.029870840755831775 0.064478626084603793 -0.024277910647054684 0.00030803596297004953 0.0045827175294609499 -0.069423904825765645 -0.057840201433395737
leaf_weight=485.49712578952312 198.43715268373489 329.73142915964127 68.862088575959206 60.760927155613899 326.41096828877926 203.33405092358589 132.05989450216293 87.307679146528244 379.88918870687485
leaf_count=2123 834 1336 278 264 1313 820 531 355 1556
internal_value=0 -0.0223528 -0.00202826 0.0452797 -0.0247523 0.0151495 0.0311421 -0.0338649 -0.0456257
internal_weight=0 1522.7 813.078 749.592 482.581 264.095 330.497 413.719 709.621
internal_count=9410 6203 3311 3207 1946 1084 1365 1668 2892
is_linear=0
shrinkage=0.05


Tree=8
num_leaves=10
num_cat=0
split_feature=6 6 1 6 0 1 5 6 0
split_gain=857.415 263.145 223.906 87.879 85.353 75.5605 46.9745 45.6721 34.9352
threshold=177.50000000000003 410.50000000000006 1.0000000180025095e-35 87.500000000000014 111.50000000000001 1.0000000180025095e-35 3.5000000000000004 651.50000000000011 90.500000000000014
decision_type=2 2 2 2 2 2 2 2 2
left_child=3 2 -2 -1 -4 -5 8 -3 -7
right_child=1 7 4 5 -6 6 -8 -9 -10
leaf_value=0.067458996324428505 0.030099021101952596 -0.030247354079994473 0.020984210020127791 0.052230448479651692 -0.033807791378088627 0.041310509643833607 0.058532533505725806 -0.055800702400490745 -0.0073427984262638551
leaf_weight=256.77838696539402 322.93106931447983 329.87744718790054 86.648500144481659 230.38027971982956 389.01802480220795 46.680351808667183 46.201028227806091 376.7184029519558 170.01542697846889
leaf_count=1149 1343 1341 350 993 1572 199 201 1558 710
internal_value=0 -0.0216797 -0.00201067 0.0437417 -0.0238172 0.0313494 0.0129979 -0.0438956 0.00319669
internal_weight=0 1505.19 798.598 750.055 475.667 493.277 262.897 706.596 216.696
internal_count=9416 6164 3265 3252 1922 2103 1110 2899 909
is_linear=0
shrinkage=0.05


Tree=9
num_leaves=10
num_cat=0
split_feature=6 3 6 6 1 6 1 1 0
split_gain=785.152 246.685 138.826 111.316 103.442 75.2905 74.78 59.7677 47.8342
threshold=257.50000000000006 3.5000000000000004 613.50000000000011 130.50000000000003 1.0000000180025095e-35 153.50000000000003 1.0000000180025095e-35 1.0000000180025095e-35 487.50000000000006
decision_type=2 2 2 2 2 2 2 2 2
left_child=1 5 4 -3 -2 -1 -7 -5 -8
right_child=2 3 -4 7 -6 6 8 -9 -10
leaf_value=0.062716881210009373 0.0066963869632686137 0.03317955735164102 -0.052020022220065111 0.013789456089764122 -0.031819424226699401 0.054563408338307619 0.033533377290150844 -0.036828643817637452 -0.023929602147654078
leaf_weight=396.71990579366684 298.94579176604748 156.65505111217499 417.78150871396065 87.046346217393875 417.35559526085854 143.48256023228168 69.120924338698387 175.18494789302349 75.176819920539856
leaf_count=1812 1234 664 1743 352 1694 617 286 707 307
internal_value=0 0.0301066 -0.0291257 -0.000118218 -0.0157504 0.0485919 0.029058 -0.020031 0.00361323
internal_weight=0 1103.39 1134.08 418.886 716.301 684.5 287.78 262.231 144.298
internal_count=9416 4745 4671 1723 2928 3022 1210 1059 593
is_linear=0
shrinkage=0.05


Tree=10
num_leaves=10
num_cat=0
split_feature=6 6 1 3 3 0 3 6 6
split_gain=717.302 224.065 185.265 132.181 81.0754 62.0875 54.1949 48.2754 46.1164
threshold=177.50000000000003 410.50000000000006 1.0000000180025095e-35 7.5000000000000009 3.5000000000000004 141.50000000000003 10.500000000000002 64.500000000000014 127.50000000000001
decision_type=2 2 2 2 2 2 2 2 2
left_child=3 2 6 8 5 -4 -2 -5 -1
right_child=1 -3 4 7 -6 -7 -8 -9 -10
leaf_value=0.061638709525773938 0.031346725223806667 -0.040503965354248279 0.041884710076494219 0.070490416064688546 -0.042517358739819641 -0.016063510087449634 -0.089492680815603756 -0.013876539117980645 0.03223621201843923
leaf_weight=377.63676604628563 310.30466777086258 696.09409214556217 61.837242424488068 19.220850259065628 232.50027485191822 179.12946553528309 9.1742709130048734 123.91926367580891 208.63503211736679
leaf_count=1751 1306 2899 251 87 951 720 37 504 910
internal_value=0 -0.0198119 -0.0016356 0.0406949 -0.0214814 -0.00114652 0.0277656 -0.00237752 0.0512054
internal_weight=0 1489.04 792.946 729.412 473.467 240.967 319.479 143.14 586.272
internal_count=9416 6164 3265 3252 1922 971 1343 591 2661
is_linear=0
shrinkage=0.05


Tree=11
num_leaves=10
num_cat=0
split_feature=6 3 6 1 6 6 1 2 1
split_gain=658.129 211.322 127.061 95.8826 90.0319 63.2636 59.2389 51.0313 47.8696
threshold=251.50000000000003 3.5000000000000004 613.50000000000011 1.0000000180025095e-35 130.50000000000003 153.50000000000003 1.0000000180025095e-35 1.0000000180025095e-35 1.0000000180025095e-35
decision_type=2 2 2 2 2 2 2 2 2
left_child=1 5 3 -2 -3 -1 -7 -5 -6
right_child=2 4 -4 7 8 6 -8 -9 -10
leaf_value=0.059542858602621554 0.0075421816990632572 0.030486009754924964 -0.048438576480369137 -0.033921368321112415 0.013245373852011147 0.051231336564107145 0.0040329939090821823 0.031032471812545821 -0.033092886940796325
leaf_weight=379.33255371451378 308.78340998291969 154.13138814270496 409.19894817471504 396.32545220851898 82.541800528764725 132.73953931033611 132.92252333462238 32.41716368496418 170.01123408973217
leaf_count=1812 1283 664 1743 1622 335 585 550 132 690
internal_value=0 0.0286485 -0.0261068 -0.0136964 0.000418523 0.0464365 0.0276588 -0.0289851 -0.0179513
internal_weight=0 1051.68 1146.72 737.526 406.684 644.995 265.662 428.743 252.553
internal_count=9416 4636 4780 3037 1689 2947 1135 1754 1025
is_linear=0
shrinkage=0.05


Tree=12
num_leaves=10
num_cat=0
split_feature=6 3 6 6 1 1 6 0 1
split_gain=601.86 267.026 111.495 102.82 64.3659 57.5028 55.03 54.4725 53.879
threshold=348.50000000000006 3.5000000000000004 130.50000000000003 153.50000000000003 1.0000000180025095e-35 1.0000000180025095e-35 651.50000000000011 146.50000000000003 1.0000000180025095e-35
decision_type=2 2 2 2 2 2 2 2 2
left_child=1 3 -3 -1 -5 -4 8 -6 -2
right_child=6 2 5 4 7 -7 -8 -9 -10
leaf_value=0.058017857689057754 -0.0033586758933548027 0.029170501436391445 0.0068259470134952871 0.042421698543246768 0.043765230070908684 -0.034577298784488439 -0.048293063366683167 -0.010057121062755319 -0.03765133426014719
leaf_weight=370.08491322398186 208.63938318192959 153.07417298853397 123.51779644191265 211.61599336564541 64.032008215785027 260.00084364414215 360.18484345078468 173.39199946820736 253.78600807487965
leaf_count=1812 862 664 501 933 266 1066 1558 705 1049
internal_value=0 0.0205596 -0.00685498 0.0385127 0.0223986 -0.0212498 -0.0336412 0.00450928 -0.0221958
internal_weight=0 1355.72 536.593 819.125 449.04 383.519 822.61 237.424 462.425
internal_count=9416 5947 2231 3716 1904 1567 3469 971 1911
is_linear=0
shrinkage=0.05


Tree=13
num_leaves=10
num_cat=0
split_feature=1 3 0 2 3 5 3 4 4
split_gain=178.889 153.422 79.3429 50.6327 48.4674 40.1047 36.2485 23.8276 28.0238
threshold=1.0000000180025095e-35 8.5000000000000018 99.500000000000014 1.0000000180025095e-35 10.500000000000002 2.5000000000000004 1.0000000180025095e-35 15.500000000000002 21.500000000000004
decision_type=2 2 2 2 2 2 2 2 2
left_child=4 2 -2 5 6 -4 -1 -8 -9
right_child=1 -3 3 -5 -6 -7 7 8 -10
leaf_value=0.027649678079948021 0.021527248262577112 -0.055251696408779374 -0.025061730872695139 0.025919787135542618 -0.072527959062944125 0.0015003418456991865 -0.0038930735922213704 0.028533298031349665 -0.0021640683930461485
leaf_weight=437.5085112452507 213.16926226019859 183.06649443507195 482.67357522249222 75.042847231030464 14.980645522475241 201.26534380018711 230.40205346047878 200.93535813689232 117.78307478129864
leaf_count=1994 938 770 2047 328 61 880 1006 870 522
internal_value=0 -0.0133159 -0.00539888 -0.012969 0.0155512 -0.017249 0.0169184 0.00835394 0.0172009
internal_weight=0 1155.22 972.151 758.982 1001.61 683.939 986.629 549.12 318.718
internal_count=9416 4963 4193 3255 4453 2927 4392 2398 1392
is_linear=0
shrinkage=0.05


Tree=14
num_leaves=10
num_cat=0
split_feature=6 3 6 6 6 1 1 0 3
split_gain=552.679 198.346 86.6041 86.2879 74.7181 58.5776 56.838 52.6766 50.1042
threshold=285.50000000000006 3.5000000000000004 78.500000000000014 613.50000000000011 153.50000000000003 1.0000000180025095e-35 1.0000000180025095e-35 974.50000000000011 8.5000000000000018
decision_type=2 2 2 2 2 2 2 2 2
left_child=1 4 -3 6 -1 -4 -2 -6 -7
right_child=3 2 5 -5 7 8 -8 -9 -10
leaf_value=0.056317400841424704 0.002800218698192026 0.056986120850904626 0.01652922746317936 -0.045135487822452143 0.037379736809700831 -0.0069597411002463088 -0.02835486150142566 -0.0045673023163519989 -0.05191319239202024
leaf_weight=358.95001627504826 254.3750304877758 54.453399077057838 137.10534837841988 399.53564870357513 225.85951291024685 166.94055265188217 344.23010025918484 111.71154955029488 98.325327768921852
leaf_count=1812 1058 261 563 1743 987 682 1429 471 410
internal_value=0 0.0236561 -0.00194836 -0.02715 0.0404404 -0.00997429 -0.0151228 0.0235097 -0.0236773
internal_weight=0 1153.35 456.825 998.141 696.521 402.371 598.605 337.571 265.266
internal_count=9416 5186 1916 4230 3270 1655 2487 1458 1092
is_linear=0
shrinkage=0.05


Tree=15
num_leaves=10
num_cat=0
split_feature=6 6 1 0 6 2 1 0 6
split_gain=508.448 210.923 150.239 71.8036 41.4072 39.6526 31.7675 30.4578 30.1989
threshold=365.50000000000006 134.50000000000003 1.0000000180025095e-35 61.500000000000007 651.50000000000011 1.0000000180025095e-35 1.0000000180025095e-35 974.50000000000011 78.500000000000014
decision_type=2 2 2 2 2 2 2 2 2
left_child=1 8 7 -4 6 -5 -2 -3 -1
right_child=4 2 3 5 -6 -7 -8 -9 -10
leaf_value=0.061608819233420535 -0.0066861584849962673 0.038693023394966108 0.031367345275927834 -0.024469174966104311 -0.045112494834698806 0.030976993682012496 -0.034413664568813972 0.008290548470050646 0.035316924588964231
leaf_weight=186.86047653853893 190.31362222135067 251.33483144640923 78.803976193070412 419.74029670655727 350.92584499716759 34.577251553535461 226.15673190355301 122.85196191072464 269.05233792960644
leaf_count=966 785 1117 333 1748 1558 144 952 530 1283
internal_value=0 0.0184105 0.00446253 -0.0125804 -0.0324587 -0.020225 -0.0217623 0.0287315 0.0461389
internal_weight=0 1363.22 907.308 533.122 767.396 454.318 416.47 374.187 455.913
internal_count=9416 6121 3872 2225 3295 1892 1737 1647 2249
is_linear=0
shrinkage=0.05


Tree=16
num_leaves=10
num_cat=0
split_feature=6 6 3 3 4 4 4 3 3
split_gain=464.296 156.408 116.882 96.8647 71.7717 53.3884 39.0102 99.58 62.6146
threshold=175.50000000000003 477.50000000000006 2.5000000000000004 7.5000000000000009 4.5000000000000009 7.5000000000000009 16.500000000000004 7.5000000000000009 4.5000000000000009
decision_type=2 2 2 2 2 2 2 2 2
left_child=3 2 4 -1 -2 -5 -4 8 -8
right_child=1 -3 6 5 -6 -7 7 -9 -10
leaf_value=0.044465681154635006 -0.038290133794385742 -0.036545067617582756 -0.032198256566745138 0.039758550852113328 0.025877159454851157 -0.025422971079551979 -0.013472315049682604 -0.04580754853089896 0.051038731136947096
leaf_weight=526.87968944013119 49.574924692511559 556.39384432137012 259.53671646118164 47.867242977023125 341.34163309633732 89.524921834468842 70.918602719902992 89.691141918301582 79.349611178040504
leaf_count=2635 207 2446 1081 205 1469 376 292 380 327
internal_value=0 -0.0157587 -0.00275902 0.0347225 0.0177078 -0.00266272 -0.0187782 -0.00423289 0.0206395
internal_weight=0 1446.81 890.413 664.272 390.917 137.392 499.496 239.959 150.268
internal_count=9418 6202 3756 3216 1676 581 2080 999 619
is_linear=0
shrinkage=0.05


Tree=17
num_leaves=10
num_cat=0
split_feature=6 3 4 6 6 3 3 4 4
split_gain=428.56 201.393 96.3723 82.0654 56.7569 46.3025 61.6951 71.0694 83.0267
threshold=344.50000000000006 3.5000000000000004 4.5000000000000009 130.50000000000003 147.50000000000003 4.5000000000000009 8.5000000000000018 17.500000000000004 6.5000000000000009
decision_type=2 2 2 2 2 2 2 2 2
left_child=1 2 -1 -3 -4 -5 7 8 -7
right_child=-2 3 4 5 -6 6 -8 -9 -10
leaf_value=-0.020699674719767809 -0.028518965995078773 0.025532100023690659 0.056805860178411695 -0.066551134633311845 0.027788345673914906 0.028486903705092489 -0.036086839200248098 0.042332259765347283 -0.060965676309467337
leaf_weight=71.832324951887131 803.69792009890079 148.30094100534916 292.22108975052834 43.603153944015503 401.28874304890633 47.500205904245377 146.78428561985493 80.841713801026344 56.248930051922798
leaf_count=329 3504 668 1589 180 1768 195 621 332 232
internal_value=0 0.0179952 0.0343328 -0.00590819 0.0400419 -0.018357 -0.0119405 0.00729802 -0.0200604
internal_weight=0 1288.62 765.342 523.279 693.51 374.978 331.375 184.591 103.749
internal_count=9418 5914 3686 2228 3357 1560 1380 759 427
is_linear=0
shrinkage=0.05


Tree=18
num_leaves=10
num_cat=0
split_feature=6 6 1 0 5 6 0 6 2
split_gain=392.552 173.955 138.088 68.5216 38.3574 30.7819 30.7298 28.5079 25.6956
threshold=134.50000000000003 410.50000000000006 1.0000000180025095e-35 61.500000000000007 3.5000000000000004 801.50000000000011 974.50000000000011 78.500000000000014 1.0000000180025095e-35
decision_type=2 2 2 2 2 2 2 2 2
left_child=7 2 6 -4 8 -3 -2 -1 -5
right_child=1 5 3 4 -6 -7 -8 -9 -10
leaf_value=0.05824298477389056 0.034328976169614604 -0.023103629048855722 0.027706457806823809 -0.028963733641983087 0.017191557522220974 -0.045965173301207217 0.0051090030516015546 0.031915251689108574 0.018272578707641467
leaf_weight=173.88357269763947 270.64908397197723 430.29603718221188 86.142367675900459 406.10967727005482 59.114041045308113 225.0602892935276 134.93302874267101 256.83590778708458 30.712363332509995
leaf_count=967 1225 1866 367 1711 249 1037 586 1281 129
internal_value=0 -0.0110149 0.00223931 -0.0133636 -0.0205144 -0.0309787 0.0246229 0.0425895 -0.0256285
internal_weight=0 1643.02 987.661 582.078 495.936 655.356 405.582 430.719 436.822
internal_count=9418 7170 4267 2456 2089 2903 1811 2248 1840
is_linear=0
shrinkage=0.05


Tree=19
num_leaves=10
num_cat=0
split_feature=1 3 0 3 2 5 3 4 4
split_gain=128.142 111.728 60.7857 41.2641 38.9117 32.3268 30.2053 20.4447 29.4372
threshold=1.0000000180025095e-35 8.5000000000000018 99.500000000000014 10.500000000000002 1.0000000180025095e-35 2.5000000000000004 1.0000000180025095e-35 15.500000000000002 21.500000000000004
decision_type=2 2 2 2 2 2 2 2 2
left_child=3 2 -2 6 5 -4 -1 -8 -9
right_child=1 -3 4 -5 -6 -7 7 8 -10
leaf_value=0.025139971442433042 0.019645705759662079 -0.048255590106762204 -0.022189144559841768 -0.068519588505402018 0.023690612260066805 0.0021898504794516456 -0.0045267993600211359 0.027280974794567731 -0.0049337674508040793
leaf_weight=407.40347625315189 202.33744089305401 173.30454993247986 467.10409641265869 14.652596995234488 71.311432912945747 191.65169830620289 222.07083719968796 192.03921487927437 112.11220763623714
leaf_count=1990 939 767 2052 60 328 878 1009 872 523
internal_value=0 -0.0114397 -0.00457843 0.0136063 -0.0112994 -0.0150996 0.0149249 0.0070029 0.0154158
internal_weight=0 1105.71 932.405 948.278 730.067 658.756 933.626 526.222 304.151
internal_count=9418 4964 4197 4454 3258 2930 4394 2404 1395
is_linear=0
shrinkage=0.05


Tree=20
num_leaves=10
num_cat=0
split_feature=1 3 0 3 5 3 4 4 4
split_gain=116.01 102.635 55.5692 37.3525 27.667 27.5361 19.5921 18.767 30.3489
threshold=1.0000000180025095e-35 8.5000000000000018 300.50000000000006 10.500000000000002 1.5000000000000002 1.0000000180025095e-35 4.5000000000000009 16.500000000000004 21.500000000000004
decision_type=2 2 2 2 2 2 2 2 2
left_child=3 2 -2 5 -4 6 -1 -7 -9
right_child=1 -3 4 -5 -6 7 -8 8 -10
leaf_value=-0.061781031982738988 0.012122441914992369 -0.046448165026193332 -0.025772230906233554 -0.065165935364345826 -0.0040992153977925964 -0.0034572529029866968 0.025387533521052125 0.028835123939009839 -0.004684626420162266
leaf_weight=6.1710691004991522 329.90123964846134 171.11813697218895 257.71200375258923 14.657325133681296 343.26831442117691 244.93703386187553 399.32472093403339 168.82538165152073 112.19079467654228
leaf_count=28 1514 767 1132 60 1551 1112 1962 769 523
internal_value=0 -0.0109073 -0.00435637 0.0129567 -0.0134043 0.0142144 0.0239994 0.00665747 0.0154657
internal_weight=0 1102 930.882 946.106 600.98 931.449 405.496 525.953 281.016
internal_count=9418 4964 4197 4454 2683 4394 1990 2404 1292
is_linear=0
shrinkage=0.05


Tree=21
num_leaves=10
num_cat=0
split_feature=6 3 6 6 3 3 1 3 6
split_gain=364.443 166.348 73.9794 68.4549 58.9427 73.0081 45.5797 44.6187 42.6716
threshold=344.50000000000006 3.5000000000000004 136.50000000000003 78.500000000000014 4.5000000000000009 8.5000000000000018 1.0000000180025095e-35 2.5000000000000004 679.50000000000011
decision_type=2 2 2 2 2 2 2 2 2
left_child=1 2 -1 -3 -5 -6 7 -4 -2
right_child=8 3 6 4 5 -7 -8 -9 -10
leaf_value=0.052889452599644199 -0.017139278519737147 0.050453416012160669 0.0441959709866932 -0.062177370415981703 0.013169164959825062 -0.029314455461753892 0.0054717096793903816 -0.031308630893332086 -0.040969904877286134
leaf_weight=270.234031945467 481.27679732441902 49.848166078329086 196.53442290425301 49.731696665287018 239.1443255841732 174.60609339177608 250.76432940363884 21.431930929422379 308.89547619223595
leaf_count=1572 2064 266 960 209 1001 752 1060 94 1440
internal_value=0 0.0168844 0.0320663 -0.00497883 -0.0109803 -0.00477063 0.0200252 0.0367267 -0.0264717
internal_weight=0 1252.29 738.965 513.33 463.482 413.75 468.731 217.966 790.172
internal_count=9418 5914 3686 2228 1962 1753 2114 1054 3504
is_linear=0
shrinkage=0.05


Tree=22
num_leaves=10
num_cat=0
split_feature=1 3 0 2 3 4 4 3 3
split_gain=101.713 89.4842 50.5604 34.6244 32.7645 28.95 30.4207 23.5491 17.9927
threshold=1.0000000180025095e-35 8.5000000000000018 99.500000000000014 1.0000000180025095e-35 10.500000000000002 17.500000000000004 20.500000000000004 1.0000000180025095e-35 5.5000000000000009
decision_type=2 2 2 2 2 2 2 2 2
left_child=4 2 -2 5 7 -4 8 -1 -7
right_child=1 -3 3 -5 -6 6 -8 -9 -10
leaf_value=0.022591026601129653 0.018096236389416508 -0.043839623318251232 -0.022719234689577383 0.022883620174277173 -0.061082005372954988 0.030608817534912448 -0.012359064334344257 0.006422014655070341 -0.060735724721279777
leaf_weight=397.01953780651093 199.72221718728542 167.4431157708168 383.27528415620327 70.544841349124908 14.595240756869314 75.585405737161636 187.96106524765491 520.70319341123104 5.4230747967958441
leaf_count=1990 939 767 1705 328 60 348 854 2404 23
internal_value=0 -0.0102596 -0.00414769 -0.010301 0.0122311 -0.0139023 -0.0013229 0.013424 0.0242167
internal_weight=0 1089.96 922.512 722.79 932.318 652.245 268.97 917.723 81.0085
internal_count=9418 4964 4197 3258 4454 2930 1225 4394 371
is_linear=0
shrinkage=0.05


Tree=23
num_leaves=10
num_cat=0
split_feature=6 1 6 6 0 5 1 2 6
split_gain=335.731 103.925 78.402 77.3293 40.5907 38.2805 37.7084 32.1889 18.8463
threshold=251.50000000000003 1.0000000180025095e-35 113.50000000000001 613.50000000000011 30.500000000000004 3.5000000000000004 1.0000000180025095e-35 1.0000000180025095e-35 143.50000000000003
decision_type=2 2 2 2 2 2 2 2 2
left_child=1 8 -3 6 -4 -6 -2 -8 -1
right_child=3 2 4 -5 5 -7 7 -9 -10
leaf_value=0.050209742449879968 0.0042118140677670684 0.03667367631326713 0.036553914894741128 -0.037389614410831891 -0.019453716460961803 0.032531491397425588 -0.023286129054560029 0.028588872811808105 0.029053264088375969
leaf_weight=223.34921161830425 300.47023724019527 152.90407906472683 48.006468236446381 371.50797207653522 270.24371103942394 40.362893998622894 373.44642320275307 32.157341524958611 203.72596584260464
leaf_count=1269 1285 826 224 1743 1170 181 1621 133 966
internal_value=0 0.0219592 0.00674672 -0.0189364 -0.00604094 -0.0126641 -0.00921082 -0.0191484 0.0401554
internal_weight=0 938.592 511.517 1077.58 358.613 310.607 706.074 405.604 427.075
internal_count=9418 4636 2401 4782 1575 1351 3039 1754 2235
is_linear=0
shrinkage=0.05


Tree=24
num_leaves=10
num_cat=0
split_feature=6 3 6 3 3 0 6 1 3
split_gain=307.062 144.88 74.3204 60.6607 73.1774 43.0958 39.2115 35.7295 33.7135
threshold=365.50000000000006 3.5000000000000004 153.50000000000003 4.5000000000000009 7.5000000000000009 30.500000000000004 62.500000000000007 1.0000000180025095e-35 2.5000000000000004
decision_type=2 2 2 2 2 2 2 2 2
left_child=1 2 -1 -3 -5 -4 -6 8 -7
right_child=-2 3 5 4 6 7 -8 -9 -10
leaf_value=0.048329562994996765 -0.025889410952613219 -0.05665938594380391 0.048264109935231482 0.025631407595576673 0.061455707290899525 0.035320031111519677 -0.019347151633482024 -0.0047467403733183504 -0.036954019478011406
leaf_weight=297.59498223662376 727.37081925570965 51.483231723308563 84.216024428606033 177.27809219062328 15.472201824188231 136.79588490724564 278.18079222738743 210.71927440166473 17.945821717381477
leaf_count=1802 3292 221 400 790 84 673 1204 869 77
internal_value=0 0.0148438 0.0289597 -0.00535491 0.000298542 0.0161082 -0.0150094 0.00865216 0.0268621
internal_weight=0 1269.69 747.272 522.414 470.931 449.677 293.653 365.461 154.742
internal_count=9412 6120 3821 2299 2078 2019 1288 1619 750
is_linear=0
shrinkage=0.05


Tree=25
num_leaves=10
num_cat=0
split_feature=6 3 6 4 3 4 3 4 3
split_gain=283.68 101.502 67.8643 55.7672 48.5258 59.9458 133.422 69.9119 38.0362
threshold=251.50000000000003 3.5000000000000004 613.50000000000011 4.5000000000000009 4.5000000000000009 16.500000000000004 7.5000000000000009 7.5000000000000009 2.5000000000000004
decision_type=2 2 2 2 2 2 2 2 2
left_child=1 3 8 -1 -3 7 -7 -6 -2
right_child=2 4 -4 -5 5 6 -8 -9 -10
leaf_value=-0.018036252486314418 0.0036706226741267064 -0.053835130427198209 -0.03516225242830702 0.039408069720366617 0.019996633273698113 0.064734941804852633 -0.022398232980579531 -0.044660105043362805 -0.019643373546848798
leaf_weight=46.012664318084717 335.33170562982559 36.448265716433525 361.34320411086082 488.3199487477541 77.104795947670937 100.15647564828396 77.723777174949646 90.448064476251602 365.1082496792078
leaf_count=231 1448 156 1738 2713 338 467 340 391 1590
internal_value=0 0.0203907 -0.0175748 0.0344513 0.000701111 0.00651291 0.0266989 -0.0149302 -0.00848634
internal_weight=0 916.214 1061.78 534.333 381.881 345.433 177.88 167.553 700.44
internal_count=9412 4636 4776 2944 1692 1536 807 729 3038
is_linear=0
shrinkage=0.05


Tree=26
num_leaves=10
num_cat=0
split_feature=6 6 1 3 3 0 3 3 6
split_gain=266.419 122.586 97.2111 53.285 51.2616 44.1912 42.8085 25.3265 23.8301
threshold=134.50000000000003 477.50000000000006 1.0000000180025095e-35 1.0000000180025095e-35 8.5000000000000018 236.50000000000003 7.5000000000000009 10.500000000000002 62.500000000000007
decision_type=2 2 2 2 2 2 2 2 2
left_child=6 2 3 -2 5 -4 -1 -5 -8
right_child=1 -3 4 7 -6 -7 8 -9 -10
leaf_value=0.045824000302888274 0.040290188796239086 -0.029012979022441931 0.016637536468317209 0.0079123140064372675 -0.043149311722441311 -0.015008353025192931 0.060586029267881217 -0.066482105822184098 -0.0083917572893650472
leaf_weight=304.70909975469112 173.9304796308279 518.16451857984066 158.42020016908646 244.40155424177647 108.03964744508266 360.86715802550316 15.058824211359022 11.589597627520559 65.297892034053802
leaf_count=1881 883 2444 685 1064 517 1531 84 47 276
internal_value=0 -0.00910084 0.000665748 0.0189699 -0.0118828 -0.00534852 0.0372728 0.00444255 0.00477838
internal_weight=0 1575.41 1057.25 429.922 627.327 519.287 385.066 255.991 80.3567
internal_count=9412 7171 4727 1994 2733 2216 2241 1111 360
is_linear=0
shrinkage=0.05


Tree=27
num_leaves=10
num_cat=0
split_feature=6 6 3 1 3 5 0 0 6
split_gain=245.679 109.551 80.4474 46.2967 44.5382 40.3829 31.2975 25.8768 22.8853
threshold=138.50000000000003 437.50000000000006 2.5000000000000004 1.0000000180025095e-35 7.5000000000000009 3.5000000000000004 152.50000000000003 -1.0000000180025095e-35 62.500000000000007
decision_type=2 2 2 2 2 2 2 2 2
left_child=4 2 3 -2 -1 7 -5 -4 -6
right_child=1 -3 5 6 8 -7 -8 -9 -10
leaf_value=0.043862017105342592 0.033074950683754226 -0.026340552536838716 0.062496232447751814 0.033816258808467767 0.05954136058137325 0.02487995527937617 -0.011947098063638665 -0.018113598596832949 -0.0083307599091749489
leaf_weight=310.99046862125397 225.61331376433372 573.07659530639648 9.7747341543436033 49.873380854725838 14.576388284564016 67.061924278736115 144.93437252938747 472.43384788930416 72.068151548504829
leaf_count=1955 1152 2705 41 221 84 289 604 2057 304
internal_value=0 -0.00901754 0.00122703 0.0176788 0.0350396 -0.0113692 -0.000184309 -0.0164275 0.00331583
internal_weight=0 1542.77 969.692 420.421 397.635 549.271 194.808 482.209 86.6445
internal_count=9412 7069 4364 1977 2343 2387 825 2098 388
is_linear=0
shrinkage=0.05


Tree=28
num_leaves=10
num_cat=0
split_feature=6 6 3 1 2 6 3 3 0
split_gain=226.675 81.2366 62.1822 58.6289 44.4208 31.8999 27.5163 27.0775 23.5502
threshold=175.50000000000003 613.50000000000011 3.5000000000000004 1.0000000180025095e-35 1.0000000180025095e-35 76.500000000000014 8.5000000000000018 1.0000000180025095e-35 242.50000000000003
decision_type=2 2 2 2 2 2 2 2 2
left_child=2 3 -1 7 6 -4 8 -2 -5
right_child=1 -3 5 4 -6 -7 -8 -9 -10
leaf_value=0.04037118670082393 0.025330699966788703 -0.031929263314817533 0.045728515488782484 0.005345788388650163 0.030951500080369294 -0.0018826997227509375 -0.042541718940389626 -0.00037637997199420315 -0.02032381646463173
leaf_weight=333.43309094011784 174.86874240636826 347.71267330646515 42.613277092576027 124.68857023119926 49.563248410820961 192.79218322038651 96.091205880045891 246.43952168524265 313.54942941665649
leaf_count=2127 846 1738 258 530 209 822 482 1052 1348
internal_value=0 -0.0111127 0.0264936 -0.00390176 -0.0141549 0.00680092 -0.0183595 0.010308 -0.0130221
internal_weight=0 1352.91 568.839 1005.2 583.892 235.405 534.329 421.308 438.238
internal_count=9412 6205 3207 4467 2569 1080 2360 1898 1878
is_linear=0
shrinkage=0.05


Tree=29
num_leaves=10
num_cat=0
split_feature=1 3 2 5 3 0 3 4 4
split_gain=67.036 62.6965 38.1739 35.2812 26.4596 25.7653 16.434 17.9422 17.6962
threshold=1.0000000180025095e-35 8.5000000000000018 1.0000000180025095e-35 1.5000000000000002 10.500000000000002 1595.5000000000002 1.0000000180025095e-35 4.5000000000000009 15.500000000000002
decision_type=2 2 2 2 2 2 2 2 2
left_child=4 2 3 -2 6 -5 7 -1 -8
right_child=1 -3 -4 5 -6 -7 8 -9 -10
leaf_value=-0.064986896001387448 -0.019730576231441362 -0.037901398980458537 0.025078004746544143 0.0098578429390048274 -0.055769727273645237 -0.016042651932088352 -0.0055616999220757203 0.020923268760442145 0.013576235152290875
leaf_weight=5.7917807251214972 325.98583781719208 154.6262221634388 103.31330473721027 310.7911940664053 14.517634108662604 138.45631577074528 209.66785024106503 356.28993363678455 283.96196509897709
leaf_count=28 1509 760 512 1522 61 655 1006 1962 1397
internal_value=0 -0.00858663 -0.00341178 -0.00721987 0.0102451 0.00186801 0.0113914 0.0194766 0.0054496
internal_weight=0 1033.17 878.547 775.233 870.229 449.248 855.712 362.082 493.63
internal_count=9412 4958 4198 3686 4454 2177 4393 1990 2403
is_linear=0
shrinkage=0.05


Tree=30
num_leaves=10
num_cat=0
split_feature=6 6 1 3 3 3 2 4 4
split_gain=210.871 98.343 72.3573 42.5292 40.8876 36.0803 30.2029 25.2422 24.915
threshold=134.50000000000003 477.50000000000006 1.0000000180025095e-35 1.0000000180025095e-35 8.5000000000000018 7.5000000000000009 1.0000000180025095e-35 17.500000000000004 7.5000000000000009
decision_type=2 2 2 2 2 2 2 2 2
left_child=5 2 3 -2 6 -1 7 -4 -7
right_child=1 -3 4 -5 -6 8 -8 -9 -10
leaf_value=0.042782018476084128 0.036524259959143122 -0.026193100433273567 -0.017771737921588027 0.0039290989564569638 -0.038956215885253637 0.044077482556599212 0.032631482664957058 0.0060406370514603487 -0.01521061062722409
leaf_weight=281.52364048361778 164.90425135195255 502.41535341739655 280.48807115852833 253.86364389955997 102.1874275803566 26.13888330757618 49.389561161398888 184.04248301684856 52.882213726639748
leaf_count=1881 883 2444 1207 1111 517 125 215 794 235
internal_value=0 -0.008053 0.000760662 0.0167879 -0.010137 0.0344126 -0.00437992 -0.00834052 0.00452814
internal_weight=0 1537.29 1034.88 418.768 616.108 360.545 513.92 464.531 79.0211
internal_count=9412 7171 4727 1994 2733 2241 2216 2001 360
is_linear=0
shrinkage=0.05


Tree=31
num_leaves=10
num_cat=0
split_feature=6 6 3 5 1 3 0 6 0
split_gain=194.096 90.4424 60.1944 36.3953 35.5079 34.2429 29.142 23.0267 21.7328
threshold=134.50000000000003 410.50000000000006 2.5000000000000004 3.5000000000000004 1.0000000180025095e-35 7.5000000000000009 117.50000000000001 801.50000000000011 -1.0000000180025095e-35
decision_type=2 2 2 2 2 2 2 2 2
left_child=5 2 4 8 -2 -1 -6 -3 -4
right_child=1 7 3 -5 6 -7 -8 -9 -10
leaf_value=0.041743049665866783 0.031117272357181328 -0.015870750620230602 0.059103073330137618 0.026119441495167563 0.037296607742197056 0.0043271314012849945 -0.0097160880465626022 -0.036669149132021413 -0.015326945595657469
leaf_weight=274.29967920482159 207.52341189980507 401.43872128427029 9.6239015311002714 64.872968047857285 42.33175890147686 78.791675165295601 143.63768845796585 199.67101500928402 457.32154378294945
leaf_count=1881 1129 1859 41 283 195 360 606 1036 2022
internal_value=0 -0.00770666 0.0021041 -0.00886311 0.0169204 0.0334086 0.00104423 -0.0227998 -0.013742
internal_weight=0 1526.42 925.311 531.818 393.493 353.091 185.969 601.11 466.945
internal_count=9412 7171 4276 2346 1930 2241 801 2895 2063
is_linear=0
shrinkage=0.05


Tree=32
num_leaves=10
num_cat=0
split_feature=6 6 3 3 5 3 1 0 0
split_gain=181.497 80.9343 64.605 37.7102 37.4319 36.1384 36.109 23.9826 22.96
threshold=143.50000000000003 520.50000000000011 2.5000000000000004 7.5000000000000009 1.5000000000000002 4.5000000000000009 1.0000000180025095e-35 219.50000000000003 1227.5000000000002
decision_type=2 2 2 2 2 2 2 2 2
left_child=3 2 6 -1 5 -4 -2 -8 -6
right_child=1 -3 4 -5 8 -7 7 -9 -10
leaf_value=0.038950927027752741 0.026898441241116813 -0.026061178988970219 -0.053570448871145759 0.0021149144344361011 0.01196790166313123 -0.013585260301150022 0.024024061745788226 -0.012797032316258825 -0.017163010320384645
leaf_weight=295.80806788057089 241.22247458994389 441.77233491837978 76.323295801877975 90.833385705947876 183.52092315256596 216.12015716731548 63.299095422029495 144.15804727375507 106.57047787308693
leaf_count=2037 1260 2217 334 412 804 977 281 610 473
internal_value=0 -0.00816549 -0.000491605 0.0303086 -0.0114715 -0.0240816 0.0137614 -0.00153681 0.00125693
internal_weight=0 1472.99 1031.21 386.641 582.535 292.443 448.68 207.457 290.091
internal_count=9405 6956 4739 2449 2588 1311 2151 891 1277
is_linear=0
shrinkage=0.05


Tree=33
num_leaves=10
num_cat=0
split_feature=6 6 1 3 6 5 0 3 5
split_gain=169.074 78.9261 64.0603 43.8252 37.1675 36.409 28.1259 23.4757 31.1058
threshold=285.50000000000006 87.500000000000014 1.0000000180025095e-35 2.5000000000000004 788.50000000000011 3.5000000000000004 66.500000000000014 4.5000000000000009 3.5000000000000004
decision_type=2 2 2 2 2 2 2 2 2
left_child=1 -1 3 -3 -2 6 -4 8 -5
right_child=4 2 5 7 -6 -7 -8 -9 -10
leaf_value=0.047039515742294709 -0.010385105101698764 0.041557746018871085 0.022059413147989392 -0.057092315679616382 -0.034936626182440332 0.029493572603043351 -0.015034997048494101 0.015305434672172864 0.06280058890191538
leaf_weight=154.76586124300957 685.92606994509697 180.12089168280363 59.657766312360764 25.739924296736717 198.67748729884624 69.800789192318916 343.0344822704792 119.12561152875423 6.455789476633071
leaf_count=1143 3160 1151 299 120 1063 354 1571 511 33
internal_value=0 0.0143906 0.00808438 0.0249217 -0.015913 -0.00373805 -0.00952259 0.00506032 -0.0325608
internal_weight=0 958.701 803.935 331.442 884.604 472.493 402.692 151.321 32.1957
internal_count=9405 5182 4039 1815 4223 2224 1870 664 153
is_linear=0
shrinkage=0.05


Tree=34
num_leaves=10
num_cat=0
split_feature=6 6 1 3 3 3 0 4 3
split_gain=156.137 73.6544 58.8855 41.4667 35.973 29.1181 28.5021 22.401 21.5024
threshold=130.50000000000003 477.50000000000006 1.0000000180025095e-35 8.5000000000000018 1.0000000180025095e-35 7.5000000000000009 236.50000000000003 7.5000000000000009 9.5000000000000018
decision_type=2 2 2 2 2 2 2 2 2
left_child=5 2 4 6 -2 -1 -4 -7 -9
right_child=1 -3 3 -5 -6 7 -8 8 -10
leaf_value=0.040182271981171885 0.034019205308384551 -0.022958675262945916 0.014327055856206928 -0.038354178791999455 0.0036794863911990133 0.042550483081786349 -0.011132495229583301 -0.053627498160078606 0.012656634901484349
leaf_weight=241.83852492272854 158.1998276412487 481.72507789731026 158.18814978003502 100.62225143611431 254.70404390990734 25.117542013525963 357.88141998648643 20.555532768368721 29.084268465638161
leaf_count=1801 904 2443 704 525 1129 124 1552 91 132
internal_value=0 -0.00683071 0.000721387 -0.00906094 0.0153262 0.0317638 -0.00332329 0.00445898 -0.0150073
internal_weight=0 1511.32 1029.6 616.692 412.904 316.596 516.07 74.7573 49.6398
internal_count=9405 7257 4814 2781 2033 2148 2256 347 223
is_linear=0
shrinkage=0.05


Tree=35
num_leaves=10
num_cat=0
split_feature=6 6 3 4 3 4 3 4 3
split_gain=144.405 73.4277 52.8869 62.0554 35.136 42.0602 113.375 53.6265 29.5343
threshold=119.50000000000001 365.50000000000006 3.5000000000000004 4.5000000000000009 4.5000000000000009 16.500000000000004 7.5000000000000009 7.5000000000000009 9.5000000000000018
decision_type=2 2 2 2 2 2 2 2 2
left_child=-1 2 3 -2 -4 7 -7 -6 -9
right_child=1 -3 4 -5 5 6 -8 8 -10
leaf_value=0.033686350663248772 -0.034760110749039001 -0.018498033782665825 -0.052577081761877309 0.020883370698626395 0.0086868949707635638 0.054779163248999833 -0.027897234467333124 -0.068721349639763243 -0.012681984712886145
leaf_weight=268.41338237375021 56.296927005052567 668.15190736949444 43.207404777407646 431.92862420529127 79.717525705695152 82.061927601695061 83.02478700876236 58.867574587464333 39.334343940019608
leaf_count=1897 258 3292 192 2233 350 353 386 260 184
internal_value=0 -0.00602375 0.00351198 0.0144432 -0.0103072 -0.00492578 0.013234 -0.0217674 -0.0464222
internal_weight=0 1542.59 874.439 488.226 386.214 343.006 165.087 177.919 98.2019
internal_count=9405 7508 4216 2491 1725 1533 739 794 444
is_linear=0
shrinkage=0.05


Tree=36
num_leaves=10
num_cat=0
split_feature=6 6 1 3 2 3 6 3 4
split_gain=132.778 66.8799 53.0665 36.731 31.3492 27.7762 29.533 22.7 21.963
threshold=119.50000000000001 651.50000000000011 1.0000000180025095e-35 8.5000000000000018 1.0000000180025095e-35 1.0000000180025095e-35 279.50000000000006 7.5000000000000009 9.5000000000000018
decision_type=2 2 2 2 2 2 2 2 2
left_child=7 2 5 4 -4 6 -2 -1 -9
right_child=1 -3 3 -5 -6 -7 -8 8 -10
leaf_value=0.040614159253193574 0.046198382031552146 -0.027681565721255637 -0.0085467809378176277 -0.035484475478027237 0.028608584470896842 0.0019265502299433063 0.0084824285025407783 0.039592593128836728 -0.020997349033527273
leaf_weight=203.25727843493223 93.604444071650505 283.19443200528622 544.65901153534651 114.72832761704922 62.965999960899353 317.68131030350924 116.39183853566647 26.198313593864441 33.755001604557037
leaf_count=1608 634 1558 2445 612 287 1431 541 136 153
internal_value=0 -0.00576067 -0.000786991 -0.00958976 -0.00467969 0.0112615 0.0253518 0.0326529 0.0055689
internal_weight=0 1533.23 1250.03 722.353 607.625 527.678 209.996 263.211 59.9533
internal_count=9405 7508 5950 3344 2732 2606 1175 1897 289
is_linear=0
shrinkage=0.05


Tree=37
num_leaves=10
num_cat=0
split_feature=6 3 6 3 5 2 1 1 3
split_gain=123.325 51.0258 43.4592 31.7397 28.4249 28.2438 27.3511 23.4872 22.5587
threshold=203.50000000000003 3.5000000000000004 679.50000000000011 4.5000000000000009 3.5000000000000004 1.0000000180025095e-35 1.0000000180025095e-35 1.0000000180025095e-35 2.5000000000000004
decision_type=2 2 2 2 2 2 2 2 2
left_child=1 4 5 -3 6 7 8 -2 -1
right_child=2 3 -4 -5 -6 -7 -8 -9 -10
leaf_value=0.044541076331747149 0.0024732082626960517 -0.050637332351990264 -0.027794281057345799 0.0073071731843942188 0.055292395295767106 0.02053030487640373 0.0058569487248652059 -0.014801476311303796 -0.032337774774736823
leaf_weight=119.25257888436317 336.5452753007412 25.751557171344757 257.21967421472073 243.8723376840353 87.625694014132023 99.700163826346397 127.82920974493027 472.98720481991768 10.077594719827173
leaf_count=945 1562 115 1439 1177 673 452 766 2212 64
internal_value=0 0.0180051 -0.00966608 0.00170395 0.0307353 -0.00452737 0.0222924 -0.00762231 0.0384667
internal_weight=0 614.409 1166.45 269.624 344.785 909.233 257.159 809.532 129.33
internal_count=9405 3740 5665 1292 2448 4226 1775 3774 1009
is_linear=0
shrinkage=0.05


Tree=38
num_leaves=10
num_cat=0
split_feature=6 6 0 2 3 4 3 3 3
split_gain=116.295 60.7837 45.7909 37.3065 37.2265 40.7038 49.055 34.9945 21.5186
threshold=113.50000000000001 365.50000000000006 -1.0000000180025095e-35 1.0000000180025095e-35 1.0000000180025095e-35 16.500000000000004 7.5000000000000009 4.5000000000000009 7.5000000000000009
decision_type=2 2 2 2 2 2 2 2 2
left_child=8 2 -2 4 -4 -6 7 -7 -1
right_child=1 -3 3 -5 5 6 -8 -9 -10
leaf_value=0.041189046035610889 0.053325597932253735 -0.016632767597307092 0.021066230964878901 0.030885703292677293 -0.019565364447427236 0.0045327388232995012 -0.02738791328094993 0.04914205724127832 0.0047724378338919789
leaf_weight=178.53340722620487 43.369249261915684 654.03485405445099 133.46500428766012 91.768320865929127 340.30668389052153 130.52591763436794 77.074460282921791 65.95197468996048 52.608600229024887
leaf_count=1493 253 3292 807 461 1562 623 367 287 260
internal_value=0 -0.0050861 0.00347547 0.000873957 -0.00282639 -0.00803178 0.00632417 0.0195785 0.0329238
internal_weight=0 1536.5 882.462 839.092 747.324 613.859 273.552 196.478 231.142
internal_count=9405 7652 4360 4107 3646 2839 1277 910 1753
is_linear=0
shrinkage=0.05


Tree=39
num_leaves=10
num_cat=0
split_feature=6 6 3 4 3 4 3 4 3
split_gain=108.426 65.0213 52.5705 64.5871 37.8394 44.3708 117.888 64.5257 31.8401
threshold=87.500000000000014 365.50000000000006 3.5000000000000004 4.5000000000000009 4.5000000000000009 16.500000000000004 7.5000000000000009 7.5000000000000009 9.5000000000000018
decision_type=2 2 2 2 2 2 2 2 2
left_child=-1 2 3 -2 -4 7 -7 -6 -9
right_child=1 -3 4 -5 5 6 -8 8 -10
leaf_value=0.043167856210172127 -0.033001565524518092 -0.015903448961798055 -0.05079078098561049 0.02132983552664407 0.011854210144427113 0.05306677764691007 -0.025663372903018056 -0.066773989877646364 -0.012017943789267693
leaf_weight=133.3444749340415 61.486613877117634 649.95243732631207 46.44066247344017 472.19146938621998 90.003763109445572 95.637328997254372 93.797239810228348 66.633997336030006 44.308994323015213
leaf_count=1143 298 3292 210 2688 398 432 438 299 207
internal_value=0 -0.00366984 0.0045264 0.0150495 -0.00833202 -0.00323269 0.0141131 -0.0195801 -0.0450309
internal_weight=0 1620.45 970.5 533.678 436.822 390.381 189.435 200.947 110.943
internal_count=9405 8262 4970 2986 1984 1774 870 904 506
is_linear=0
shrinkage=0.05


Tree=40
num_leaves=10
num_cat=0
split_feature=0 5 1 3 3 3 3 4 1
split_gain=39.9764 28.4356 18.9673 14.3897 15.819 13.4506 37.6976 13.2812 16.0624
threshold=932.50000000000011 1.5000000000000002 1.0000000180025095e-35 8.5000000000000018 9.5000000000000018 2.5000000000000004 4.5000000000000009 20.500000000000004 1.0000000180025095e-35
decision_type=2 2 2 2 2 2 2 2 2
left_child=1 5 -2 -3 -5 -1 -7 8 -6
right_child=2 3 -4 4 7 6 -8 -9 -10
leaf_value=0.0058777174923814249 0.00082932756650393549 0.016089698252094924 -0.016128973732026621 -0.060555982844507139 0.041729503607424209 -0.047142120583999303 -0.00041121937149291173 -0.039019635914588409 -0.025451245331834627
leaf_weight=218.32641470432281 276.20059379935265 533.14786951988935 408.56044314801693 11.679777979850767 24.694768503308296 55.727465525269508 186.63230396062136 13.458871930837629 13.438584789633749
leaf_count=1268 1500 3055 2098 57 113 274 917 67 69
internal_value=0 0.00621138 -0.00929241 0.0134149 -0.0090818 -0.00311822 -0.0112183 0.00295966 0.0180353
internal_weight=0 1057.11 684.761 596.42 63.272 460.686 242.36 51.5922 38.1334
internal_count=9418 5820 3598 3361 306 2459 1191 249 182
is_linear=0
shrinkage=0.05


Tree=41
num_leaves=10
num_cat=0
split_feature=6 6 1 3 3 2 5 3 4
split_gain=99.1876 58.0173 51.8917 37.2601 33.5378 29.9201 25.2847 21.9324 20.4616
threshold=87.500000000000014 520.50000000000011 1.0000000180025095e-35 1.0000000180025095e-35 8.5000000000000018 1.0000000180025095e-35 1.5000000000000002 10.500000000000002 4.5000000000000009
decision_type=2 2 2 2 2 2 2 2 2
left_child=-1 2 3 8 5 6 -4 -5 -2
right_child=1 -3 4 7 -6 -7 -8 -9 -10
leaf_value=0.042067393490476203 -0.084810194398535266 -0.019483671083377011 -0.017483171347330472 0.0070960876351443269 -0.031089781915074118 0.03110892298458014 0.0043557325741818862 -0.059996012928631139 0.035463160405601643
leaf_weight=129.88388125598431 3.2287059724330893 411.18284563720226 238.86671295762062 295.74248871207237 114.23246321082115 62.311785988509655 296.81398899108171 12.292358607053755 174.35140314698219
leaf_count=1150 16 2224 1096 1412 617 311 1402 51 1139
internal_value=0 -0.00328874 0.0022753 0.0148718 -0.00631699 -0.00156654 -0.00538847 0.00434197 0.0330847
internal_weight=0 1609.02 1197.84 485.615 712.225 597.992 535.681 308.035 177.58
internal_count=9418 8268 6044 2618 3426 2809 2498 1463 1155
is_linear=0
shrinkage=0.05


Tree=42
num_leaves=10
num_cat=0
split_feature=6 6 2 1 3 4 4 6 3
split_gain=92.268 54.298 44.078 37.8111 26.8106 22.1119 46.7134 21.9409 21.4449
threshold=87.500000000000014 679.50000000000011 1.0000000180025095e-35 1.0000000180025095e-35 1.0000000180025095e-35 15.500000000000002 21.500000000000004 279.50000000000006 8.5000000000000018
decision_type=2 2 2 2 2 2 2 2 2
left_child=-1 2 3 4 7 -6 -7 -2 -5
right_child=1 -3 -4 8 5 6 -8 -9 -10
leaf_value=0.041222879681281452 0.041870621297814617 -0.024644657999698678 0.025490075578964124 -0.0059450992541271348 -0.015486218084783615 0.033026705669699778 -0.022649561136523919 0.0074215673535574208 -0.029184022049004998
leaf_weight=126.02471280097961 84.525449551641941 247.71953168511391 159.05249378085136 587.46499370783567 140.22968891263008 97.972859673202038 60.687047250568867 101.88303339481354 119.13798502087593
leaf_count=1150 669 1445 828 2771 654 462 294 484 661
internal_value=0 -0.00314633 0.000802068 -0.0025001 0.00824167 -0.00104427 0.0117271 0.0231003 -0.0098781
internal_weight=0 1598.67 1350.95 1191.9 485.298 298.89 158.66 186.408 706.603
internal_count=9418 8268 6823 5995 2563 1410 756 1153 3432
is_linear=0
shrinkage=0.05


Tree=43
num_leaves=10
num_cat=0
split_feature=6 6 5 3 3 0 6 4 3
split_gain=86.4306 45.8521 33.0435 29.2342 40.5584 25.175 26.9587 21.9483 20.0513
threshold=113.50000000000001 801.50000000000011 1.5000000000000002 2.5000000000000004 4.5000000000000009 1227.5000000000002 351.50000000000006 4.5000000000000009 7.5000000000000009
decision_type=2 2 2 2 2 2 2 2 2
left_child=8 2 3 7 -5 6 -4 -2 -1
right_child=1 -3 5 4 -6 -7 -8 -9 -10
leaf_value=0.038499198584512229 -0.033856154310464834 -0.02822791446967406 0.022500496584652262 -0.047570395230767719 -0.0088488200582743145 -0.0069849431177204466 -0.0019321822477401586 0.0089920604849655274 0.0025402371132396285
leaf_weight=161.71255776286125 34.033064395189285 174.03423947095871 290.29804664105177 90.430650696158409 265.67311511933804 234.97559843212366 184.48690858483315 225.50779968500137 51.031127318739891
leaf_count=1495 162 1040 1530 423 1278 1150 874 1205 261
internal_value=0 -0.00413062 -0.000958677 -0.00943213 -0.0187257 0.00639239 0.0130133 0.00332859 0.0298953
internal_weight=0 1499.44 1325.41 615.645 356.104 709.761 474.785 259.541 212.744
internal_count=9418 7662 6622 3068 1701 3554 2404 1367 1756
is_linear=0
shrinkage=0.05


Tree=44
num_leaves=10
num_cat=0
split_feature=6 6 3 4 3 4 3 4 3
split_gain=81.1901 46.6962 37.9787 53.4098 34.666 36.1889 92.5567 59.2012 28.6968
threshold=87.500000000000014 348.50000000000006 3.5000000000000004 4.5000000000000009 4.5000000000000009 16.500000000000004 7.5000000000000009 7.5000000000000009 9.5000000000000018
decision_type=2 2 2 2 2 2 2 2 2
left_child=-1 2 3 -2 -4 7 -7 -6 -9
right_child=1 -3 4 -5 5 6 -8 8 -10
leaf_value=0.039789801128182173 -0.030681678458777808 -0.01289344147168639 -0.048653785497940444 0.019866205087819298 0.013853707937705779 0.049628709871151845 -0.021817869097975461 -0.063414465392155894 -0.0099521417684226478
leaf_weight=119.36688279360533 58.991800360381603 672.29909765720367 43.568316414952278 436.12047658115625 85.835181102156639 91.249050557613373 89.330968573689461 62.611966297030449 42.008109107613564
leaf_count=1150 287 3472 203 2588 382 422 428 286 200
internal_value=0 -0.00290489 0.00447936 0.013823 -0.00668126 -0.00170407 0.0143157 -0.0168913 -0.0420713
internal_weight=0 1582.01 909.716 495.112 414.604 371.035 180.58 190.455 104.62
internal_count=9418 8268 4796 2875 1921 1718 850 868 486
is_linear=0
shrinkage=0.05


Tree=45
num_leaves=10
num_cat=0
split_feature=6 6 2 5 3 3 6 0 0
split_gain=75.5088 45.307 40.5197 40.406 23.0783 20.1574 16.2731 15.6521 15.4002
threshold=78.500000000000014 679.50000000000011 1.0000000180025095e-35 1.5000000000000002 1.0000000180025095e-35 5.5000000000000009 351.50000000000006 1405.5000000000002 30.500000000000004
decision_type=2 2 2 2 2 2 2 2 2
left_child=-1 2 3 4 -2 6 8 -7 -5
right_child=1 -3 -4 5 -6 7 -8 -9 -10
leaf_value=0.043401934762975332 0.0080587407795645466 -0.022506740346915698 0.024713923603761286 0.043377778107786667 -0.01716254064228093 0.0025112173401637679 -0.0015228704485134863 -0.029658755112381863 0.013373835234146925
leaf_weight=94.585871912539005 113.93016591668129 239.58225540816784 159.34327697008848 50.720538556575775 440.42748405784369 111.30496618151665 155.36495888233185 56.805303171277046 266.75749864429235
leaf_count=968 675 1445 856 335 2146 513 713 280 1487
internal_value=0 -0.00248352 0.00106354 -0.00209666 -0.011977 0.00645099 0.0117356 -0.00840523 0.0182174
internal_weight=0 1594.24 1354.65 1195.31 554.358 640.953 472.843 168.11 317.478
internal_count=9418 8450 7005 6149 2821 3328 2535 793 1822
is_linear=0
shrinkage=0.05


Tree=46
num_leaves=10
num_cat=0
split_feature=6 6 0 3 6 4 4 4 3
split_gain=70.5956 34.5816 28.5006 24.9048 20.4486 17.5145 16.9918 25.8402 16.2437
threshold=143.50000000000003 801.50000000000011 932.50000000000011 3.5000000000000004 285.50000000000006 4.5000000000000009 21.500000000000004 15.500000000000002 1.0000000180025095e-35
decision_type=2 2 2 2 2 2 2 2 2
left_child=3 2 4 5 -2 -1 7 8 -4
right_child=1 -3 6 -5 -6 -7 -8 -9 -10
leaf_value=-0.016819810486692205 0.013832539323519563 -0.026057984498588479 0.010811311901199704 0.0064987705183101319 -0.0031097307467611523 0.039811025092199269 -0.028441696286719133 0.013212541578667645 -0.021493813248711479
leaf_weight=14.778901837766169 320.60753638297319 167.70001298189163 48.004739716649055 147.53976334631443 399.75986339151859 151.17810451984406 110.79095451533794 117.17575443536043 200.18620505928993
leaf_count=114 1679 1040 249 800 1915 1541 557 559 964
internal_value=0 -0.00482322 -0.00183908 0.0214743 0.00443422 0.0347387 -0.0113254 -0.00610897 -0.0152378
internal_weight=0 1364.23 1196.53 313.497 720.367 165.957 476.158 365.367 248.191
internal_count=9418 6963 5923 2455 3594 1655 2329 1772 1213
is_linear=0
shrinkage=0.05


Tree=47
num_leaves=10
num_cat=0
split_feature=6 6 1 3 3 0 3 5 3
split_gain=67.6982 38.6221 43.3639 29.6034 28.4669 24.9339 18.6715 18.4677 16.9651
threshold=78.500000000000014 520.50000000000011 1.0000000180025095e-35 8.5000000000000018 1.0000000180025095e-35 61.500000000000007 10.500000000000002 3.5000000000000004 9.5000000000000018
decision_type=2 2 2 2 2 2 2 2 2
left_child=-1 2 4 5 -2 -4 8 -7 -6
right_child=1 -3 3 -5 6 7 -8 -9 -10
leaf_value=0.042267227854074677 0.030212841343640308 -0.01592294384604415 0.022371661954992655 -0.029245069846478386 0.0012545247983694852 -0.0095845098742818116 -0.054627033762922973 0.017792657720715484 0.030935319703104626
leaf_weight=89.601714111864567 169.74896793812513 391.47207194566727 93.694513700902462 111.80675111711025 237.46283113956451 430.33146078884602 12.290807783603666 71.489281766116619 59.986753806471825
leaf_count=968 1196 2224 500 629 1216 2025 52 362 246
internal_value=0 -0.00231306 0.00218016 -0.00568811 0.013782 -0.00124813 0.00474905 -0.00567294 0.00727486
internal_weight=0 1578.28 1186.81 707.322 479.489 595.515 309.74 501.821 297.45
internal_count=9418 8450 6226 3516 2710 2887 1514 2387 1462
is_linear=0
shrinkage=0.05


Tree=48
num_leaves=10
num_cat=0
split_feature=6 6 2 5 0 3 6 3 6
split_gain=64.1154 30.0058 25.6929 23.501 23.7437 21.9311 14.93 13.2251 13.0913
threshold=134.50000000000003 801.50000000000011 1.0000000180025095e-35 1.5000000000000002 1405.5000000000002 3.5000000000000004 62.500000000000007 5.5000000000000009 224.50000000000003
decision_type=2 2 2 2 2 2 2 2 2
left_child=5 2 3 -2 8 -1 -7 -6 -5
right_child=1 -3 -4 4 7 6 -8 -9 -10
leaf_value=0.035635614594520575 -0.012151894415782946 -0.02452842934933509 0.018454676956744308 0.023732613047588585 -0.003970484076908436 0.046567841557578343 -0.00056436118812035457 -0.034057970777751502 0.0036863947538443502
leaf_weight=143.73870840668678 503.92725741863251 161.9131550937891 140.26417001336813 113.60019428282976 130.49924720078707 19.584795817732811 105.08323349058628 50.377156794071198 285.8086319938302
leaf_count=1549 2535 1030 699 623 630 177 526 263 1378
internal_value=0 -0.0043285 -0.00165009 -0.00425707 0.00260266 0.022352 0.00696923 -0.0124089 0.00940658
internal_weight=0 1386.39 1224.48 1084.21 580.285 268.407 124.668 180.876 399.409
internal_count=9410 7158 6128 5429 2894 2252 703 893 2001
is_linear=0
shrinkage=0.05


Tree=49
num_leaves=10
num_cat=0
split_feature=6 6 2 5 3 3 4 6 4
split_gain=60.2057 36.7992 34.1069 31.9927 26.4581 16.5466 31.9755 13.2279 11.972
threshold=78.500000000000014 365.50000000000006 1.0000000180025095e-35 1.5000000000000002 1.0000000180025095e-35 5.5000000000000009 5.5000000000000009 923.50000000000011 27.500000000000004
decision_type=2 2 2 2 2 2 2 2 2
left_child=-1 2 3 4 -2 6 -5 -3 -7
right_child=1 7 -4 5 -6 8 -8 -9 -10
leaf_value=0.04099486892195587 0.018791002421656402 -0.0082413499951899446 0.029908155460486877 -0.025053713356908671 -0.01574186363429118 -0.012388769236074886 0.021881524616808676 -0.02712412611385058 0.030316568314609733
leaf_weight=84.548477455973625 66.440468423068523 500.70482225716114 111.29102803021669 41.405234150588512 326.41533976793289 105.06674794852734 276.64505337178707 113.63846898078918 19.032556802034378
leaf_count=970 470 2549 662 217 1587 487 1643 733 92
internal_value=0 -0.00222523 0.0039608 0.000489415 -0.009888 0.00971051 0.0157467 -0.0117501 -0.0057604
internal_weight=0 1560.64 946.296 835.005 392.856 442.15 318.05 614.343 124.099
internal_count=9410 8440 5158 4496 2057 2439 1860 3282 579
is_linear=0
shrinkage=0.05


Tree=50
num_leaves=10
num_cat=0
split_feature=6 6 0 2 3 4 4 3 4
split_gain=56.1603 33.4233 38.8981 26.9804 22.0661 41.0688 37.9243 23.4045 19.2571
threshold=78.500000000000014 365.50000000000006 -1.0000000180025095e-35 1.0000000180025095e-35 1.0000000180025095e-35 16.500000000000004 21.500000000000004 7.5000000000000009 21.500000000000004
decision_type=2 2 2 2 2 2 2 2 2
left_child=-1 2 -2 4 8 -6 -7 -8 -4
right_child=1 -3 3 -5 5 6 7 -9 -10
leaf_value=0.040270454295813961 0.049033704067459813 -0.011227784145570338 0.02910873691466925 0.02627845994746586 -0.016358904196154912 0.027775566163962973 0.0045997952435719832 -0.036767958633613533 -0.013488167308515157
leaf_weight=81.842492118477821 44.801546826958656 610.97913783788681 94.369673080742359 97.485126994550228 369.22870931774378 137.82267496734858 113.19189146906137 48.529786556959152 36.563256129622459
leaf_count=970 311 3282 691 570 1804 695 588 251 248
internal_value=0 -0.00212374 0.0037835 0.00150239 -0.00152985 -0.00520681 0.00854324 -0.00787597 0.0172085
internal_weight=0 1552.97 941.993 897.191 799.706 668.773 299.544 161.722 130.933
internal_count=9410 8440 5158 4847 4277 3338 1534 839 939
is_linear=0
shrinkage=0.05


Tree=51
num_leaves=10
num_cat=0
split_feature=6 6 0 5 3 3 4 0 6
split_gain=52.3704 30.5495 34.4913 30.1802 22.9246 15.6402 36.6842 13.283 13.0494
threshold=78.500000000000014 344.50000000000006 -1.0000000180025095e-35 1.5000000000000002 1.0000000180025095e-35 5.5000000000000009 5.5000000000000009 1537.5000000000002 923.50000000000011
decision_type=2 2 2 2 2 2 2 2 2
left_child=-1 2 -2 4 -4 6 -5 -7 -3
right_child=1 8 3 5 -6 7 -8 -9 -10
leaf_value=0.039547275375658705 0.048656037518694469 -0.0070359354557656909 0.019738322090775643 -0.027399154106747776 -0.013254054716199781 0.0068452113996608143 0.02302882775859846 -0.027582380095757843 -0.025840720854532397
leaf_weight=79.246056027710438 40.797917276620865 541.03101658821106 61.926104605197906 41.011388525366783 339.46350099891424 88.60146526992321 280.9758041575551 40.484474435448647 110.96915848553181
leaf_count=970 297 2756 461 217 1664 402 1711 199 733
internal_value=0 -0.00202536 0.00398045 0.0018198 -0.00814896 0.0106899 0.016579 -0.00400565 -0.0102508
internal_weight=0 1545.26 893.261 852.463 401.39 451.073 321.987 129.086 652
internal_count=9410 8440 4951 4654 2125 2529 1928 601 3489
is_linear=0
shrinkage=0.05


Tree=52
num_leaves=10
num_cat=0
split_feature=6 6 0 3 4 5 4 4 6
split_gain=48.9282 21.9803 20.7569 18.7242 16.9244 15.138 14.9423 21.2323 14.4525
threshold=143.50000000000003 801.50000000000011 932.50000000000011 3.5000000000000004 4.5000000000000009 1.5000000000000002 21.500000000000004 15.500000000000002 351.50000000000006
decision_type=2 2 2 2 2 2 2 2 2
left_child=3 2 5 4 -1 -2 7 -4 -7
right_child=1 -3 6 -5 -6 8 -8 -9 -10
leaf_value=-0.020609077150127091 -0.0042245918169148229 -0.021760546083210819 -0.013330554321069756 0.0056752659626536457 0.036664931044126728 0.019069498929689781 -0.026134296607509162 0.012728342441118964 -0.00054521191144452021
leaf_weight=14.018422640860079 325.131677120924 154.30030535906553 242.65366879105568 141.86900005489588 132.74132614582777 213.45168228447437 108.2647468522191 114.84060857445002 167.39565332233906
leaf_count=111 1657 1030 1213 797 1547 1137 558 556 804
internal_value=0 -0.00404733 -0.00170792 0.0186553 0.0311517 0.00369697 -0.00989644 -0.00495443 0.0104569
internal_weight=0 1326.04 1171.74 288.629 146.76 705.979 465.759 357.494 380.847
internal_count=9410 6955 5925 2455 1658 3598 2327 1769 1941
is_linear=0
shrinkage=0.05


Tree=53
num_leaves=10
num_cat=0
split_feature=6 6 0 5 3 4 4 3 4
split_gain=46.8758 25.3107 33.4251 30.6081 18.1415 35.7063 51.508 29.6554 22.7378
threshold=78.500000000000014 410.50000000000006 -1.0000000180025095e-35 3.5000000000000004 1.0000000180025095e-35 16.500000000000004 20.500000000000004 7.5000000000000009 9.5000000000000018
decision_type=2 2 2 2 2 2 2 2 2
left_child=-1 2 -2 4 -4 8 -7 -8 -6
right_child=1 -3 3 -5 5 6 7 -9 -10
leaf_value=0.038426068186442411 0.044318803886614952 -0.010881253165735238 0.01371767451476664 0.023174729759118714 -0.0060949326767994168 0.031602182341066119 0.0028817909022368325 -0.041050462585501706 -0.030629757704099172
leaf_weight=75.275995161384344 45.655685856938362 517.06680233031511 138.49396294355392 130.88007244467735 232.53521943837404 123.5106485337019 130.14941192418337 54.055839419364929 158.90126921236515
leaf_count=970 327 2884 993 764 1127 615 649 287 794
internal_value=0 -0.00188291 0.00270734 0.000727745 -0.00278923 -0.00606523 0.00667428 -0.0100733 -0.0160765
internal_weight=0 1531.25 1014.18 968.526 837.646 699.152 307.716 184.205 391.436
internal_count=9410 8440 5556 5229 4465 3472 1551 936 1921
is_linear=0
shrinkage=0.05


Tree=54
num_leaves=10
num_cat=0
split_feature=1 3 3 0 3 4 3 4 3
split_gain=22.946 22.8462 16.5296 16.0981 13.9475 41.9215 37.3494 12.699 20.3014
threshold=1.0000000180025095e-35 8.5000000000000018 10.500000000000002 1595.5000000000002 9.5000000000000018 20.500000000000004 8.5000000000000018 27.500000000000004 6.5000000000000009
decision_type=2 2 2 2 2 2 2 2 2
left_child=2 3 4 7 6 -6 -1 -2 -9
right_child=1 -3 -4 -5 5 -7 -8 8 -10
leaf_value=0.0069232891472219317 -0.00038389777506865413 -0.025041612392587932 -0.047728345184480464 -0.013295033344654246 0.042780852703693875 -0.049160881138354567 -0.079787170287923773 0.0021907858545716342 0.057630425945248531
leaf_weight=599.81078758090734 464.73182072862983 125.86996848136187 13.270036369562147 224.742357455194 70.199840970337391 14.676437765359877 12.269653812050818 45.734546348452568 25.461855992674828
leaf_count=3926 2559 767 60 1214 340 67 51 292 134
internal_value=0 -0.00534646 0.0067117 -0.00207564 0.00777589 0.0267216 0.00513247 0.00263585 0.0222356
internal_weight=0 886.541 710.227 760.671 696.957 84.8763 612.08 535.928 71.1964
internal_count=9410 4966 4444 4199 4384 407 3977 2985 426
is_linear=0
shrinkage=0.05


Tree=55
num_leaves=10
num_cat=0
split_feature=6 6 1 6 3 3 3 5 4
split_gain=43.3486 24.1857 25.0627 22.4858 25.8042 20.6724 19.434 21.3617 17.3549
threshold=78.500000000000014 801.50000000000011 1.0000000180025095e-35 257.50000000000006 2.5000000000000004 8.5000000000000018 4.5000000000000009 3.5000000000000004 14.500000000000002
decision_type=2 2 2 2 2 2 2 2 2
left_child=-1 2 3 4 -2 -4 7 -6 -8
right_child=1 -3 5 -5 6 -7 8 -9 -10
leaf_value=0.037625838301228176 0.035560091182566055 -0.020721723917495789 -0.0021255930827602555 -0.00041129582927738878 -0.055208797979711656 -0.024865689527067646 -0.011609687815480184 0.060426095354813164 0.030294151909266317
leaf_weight=72.682044982910156 124.34583736211061 151.4912698045373 667.56438913196325 332.33524411171675 21.588745154440407 117.1465638205409 41.038516834378242 4.5209786891937247 61.022617667913437
leaf_count=970 1115 1030 3365 1607 106 711 175 32 299
internal_value=0 -0.0017929 0.00030649 0.00813808 0.0193721 -0.00553167 0.00360351 -0.034557 0.0134658
internal_weight=0 1521.05 1369.56 584.852 252.517 784.711 128.171 26.1097 102.061
internal_count=9410 8440 7410 3334 1727 4076 612 138 474
is_linear=0
shrinkage=0.05


Tree=56
num_leaves=10
num_cat=0
split_feature=6 6 2 1 0 3 3 6 4
split_gain=40.7499 19.1005 20.5346 17.5932 14.4333 13.9191 13.4869 10.2198 9.9985
threshold=113.50000000000001 801.50000000000011 1.0000000180025095e-35 1.0000000180025095e-35 -1.0000000180025095e-35 3.5000000000000004 10.500000000000002 62.500000000000007 21.500000000000004
decision_type=2 2 2 2 2 2 2 2 2
left_child=5 2 3 6 -5 -1 8 -7 -2
right_child=1 -3 -4 4 -6 7 -8 -9 -10
leaf_value=0.036243634494506849 0.0093262041263262839 -0.019658073782449471 0.016818519793902871 0.048426945542086541 -0.0093384622675522621 0.042579142676110043 -0.052750945879298329 -0.0015105938710285056 -0.0092740035454082857
leaf_weight=91.706353947520256 363.20277873426676 149.6191331371665 146.01662468910217 10.594264663755892 643.27498557418585 16.166490644216537 9.7013232484459859 63.291080549359322 89.812116086483002
leaf_count=1224 1961 1031 782 56 3257 178 45 349 513
internal_value=0 -0.00279177 -0.000787331 -0.00309503 -0.00837254 0.0230127 0.0043635 0.00763374 0.00563355
internal_weight=0 1412.22 1262.6 1116.59 653.869 171.164 462.716 79.4576 453.015
internal_count=9396 7645 6614 5832 3313 1751 2519 527 2474
is_linear=0
shrinkage=0.05


Tree=57
num_leaves=10
num_cat=0
split_feature=6 6 0 5 3 4 4 1 4
split_gain=37.6068 20.613 28.9233 25.3098 15.5424 28.1885 32.2738 21.977 19.9731
threshold=76.500000000000014 344.50000000000006 -1.0000000180025095e-35 3.5000000000000004 1.0000000180025095e-35 16.500000000000004 20.500000000000004 1.0000000180025095e-35 9.5000000000000018
decision_type=2 2 2 2 2 2 2 2 2
left_child=-1 2 -2 4 7 8 -7 -4 -6
right_child=1 -3 3 -5 5 6 -8 -9 -10
leaf_value=0.036954473190426572 0.045863490956728051 -0.0084255779693847409 0.029646904870176811 0.023259273190509407 -0.0046942229347762552 0.028057105293977508 -0.0074234969731263702 -0.018265268866260405 -0.029293433845974843
leaf_weight=65.568359035998583 37.914153881371021 639.15980798006058 77.91849060356617 114.21963151171803 203.89484898000956 107.80947547405958 156.86288917809725 34.135745875537395 138.42418936267495
leaf_count=927 303 3498 720 709 1000 555 814 165 705
internal_value=0 -0.0016089 0.00339393 0.00143977 -0.0020376 -0.00519788 0.00705008 0.0150377 -0.0146648
internal_weight=0 1510.34 871.179 833.265 719.046 606.991 264.672 112.054 342.319
internal_count=9396 8469 4971 4668 3959 3074 1369 885 1705
is_linear=0
shrinkage=0.05


Tree=58
num_leaves=10
num_cat=0
split_feature=6 6 5 0 2 6 6 6 4
split_gain=35.1198 16.9501 20.3097 15.6524 14.4417 12.9498 11.0567 10.8457 8.17613
threshold=113.50000000000001 923.50000000000011 1.5000000000000002 1405.5000000000002 1.0000000180025095e-35 134.50000000000003 62.500000000000007 226.50000000000003 15.500000000000002
decision_type=2 2 2 2 2 2 2 2 2
left_child=6 2 4 7 -2 -5 -1 -4 -9
right_child=1 -3 3 5 -6 -7 -8 8 -10
leaf_value=0.043375193615511357 -0.010595453526830535 -0.02192922118927626 0.020611844711412579 0.045838414442220719 0.013304259626624843 -0.0096106186968439276 0.01398377329270745 -0.0029345990295236387 0.012689236250983059
leaf_weight=43.311096884310246 528.77422960102558 104.15991113334894 154.68930167704821 10.714710026979445 71.425072990357876 197.58552228659391 122.10714687779546 173.22553096711636 161.44963586330414
leaf_count=653 2802 735 962 70 380 1019 1098 862 815
internal_value=0 -0.00256407 -0.00100343 0.00479673 -0.00774414 -0.00667332 0.0217681 0.00968052 0.0046088
internal_weight=0 1402.02 1297.86 697.665 600.199 208.3 165.418 489.364 334.675
internal_count=9396 7645 6910 3728 3182 1089 1751 2639 1677
is_linear=0
shrinkage=0.05


Tree=59
num_leaves=10
num_cat=0
split_feature=6 6 2 5 3 3 3 3 3
split_gain=32.7723 17.9938 22.8709 22.7718 11.6955 12.2254 10.843 10.7379 12.3703
threshold=76.500000000000014 651.50000000000011 1.0000000180025095e-35 1.5000000000000002 5.5000000000000009 6.5000000000000009 7.5000000000000009 1.0000000180025095e-35 4.5000000000000009
decision_type=2 2 2 2 2 2 2 2 2
left_child=-1 2 3 7 -5 -6 -7 -2 -9
right_child=1 -3 -4 4 5 6 -8 8 -10
leaf_value=0.035574925870905376 0.0051881863864229024 -0.01428495237423162 0.019465588518225954 0.009286755381888518 -0.059095022826546655 0.030984051708589672 -0.0082026309508250721 -0.022466540546710975 -0.0051385594100763921
leaf_weight=61.784793496131897 103.9609433375299 231.02563905715942 145.94632196053863 440.86809685453773 9.9276456832885724 20.031821727752686 128.96765658259392 183.3904737457633 235.0255800485611
leaf_count=927 662 1553 845 2513 46 96 637 922 1195
internal_value=0 -0.00146421 0.000875365 -0.0015487 0.00509688 -0.00651989 -0.0028632 -0.00917717 -0.012748
internal_weight=0 1499.14 1268.12 1122.17 599.795 158.927 148.999 522.377 418.416
internal_count=9396 8469 6916 6071 3292 779 733 2779 2117
is_linear=0
shrinkage=0.05


Tree=60
num_leaves=10
num_cat=0
split_feature=5 0 3 3 4 4 4 3 3
split_gain=18.2767 14.0422 11.8717 36.1593 21.4541 11.6173 50.3134 29.8881 22.1117
threshold=1.5000000000000002 742.50000000000011 2.5000000000000004 4.5000000000000009 2.5000000000000004 15.500000000000002 8.5000000000000018 7.5000000000000009 7.5000000000000009
decision_type=2 2 2 2 2 2 2 2 2
left_child=2 -2 4 -4 -1 6 8 -7 -5
right_child=1 -3 3 5 -6 7 -8 -9 -10
leaf_value=-0.051819778105022224 0.010552499129831895 -0.0023670670623487451 -0.037599107652863561 -0.067653839247292374 0.0049811476965630277 0.025888375002089098 -0.049225004052779207 -0.015892932708145738 0.021695373278487848
leaf_weight=17.260802626609802 481.66534526646137 372.86474576592445 99.80634905397892 7.2978515774011603 279.58465417474508 88.015310801565647 57.208302117884159 82.573992393910885 68.283572219312191
leaf_count=94 3089 2232 530 35 1790 496 302 461 367
internal_value=0 0.00491677 -0.00597711 -0.0115597 0.0016109 -0.00295375 -0.0140214 0.00567454 0.0127473
internal_weight=0 854.53 700.031 403.185 296.845 303.379 132.79 170.589 75.5814
internal_count=9396 5321 4075 2191 1884 1661 704 957 402
is_linear=0
shrinkage=0.05


end of trees

feature_importances:
Column_6=164
Column_3=162
Column_4=67
Column_1=56
Column_0=49
Column_5=28
Column_2=23

parameters:
[boosting: gbdt]
[objective: binary]
[metric: auc,l2]
[tree_learner: serial]
[device_type: cpu]
[linear_tree: 0]
[data: ]
[valid: ]
[num_iterations: 200]
[learning_rate: 0.05]
[num_leaves: 10]
[num_threads: -1]
[deterministic: 0]
[force_col_wise: 0]
[force_row_wise: 0]
[histogram_pool_size: -1]
[max_depth: 8]
[min_data_in_leaf: 20]
[min_sum_hessian_in_leaf: 0.001]
[bagging_fraction: 0.990203]
[pos_bagging_fraction: 1]
[neg_bagging_fraction: 1]
[bagging_freq: 8]
[bagging_seed: 3]
[feature_fraction: 0.908241]
[feature_fraction_bynode: 1]
[feature_fraction_seed: 2]
[extra_trees: 0]
[extra_seed: 6]
[early_stopping_round: 2]
[first_metric_only: 0]
[max_delta_step: 0]
[lambda_l1: 0]
[lambda_l2: 0.413047]
[linear_lambda: 0]
[min_gain_to_split: 0]
[drop_rate: 0.1]
[max_drop: 50]
[skip_drop: 0.5]
[xgboost_dart_mode: 0]
[uniform_drop: 0]
[drop_seed: 4]
[top_rate: 0.2]
[other_rate: 0.1]
[min_data_per_group: 100]
[max_cat_threshold: 32]
[cat_l2: 10]
[cat_smooth: 10]
[max_cat_to_onehot: 4]
[top_k: 20]
[monotone_constraints: ]
[monotone_constraints_method: basic]
[monotone_penalty: 0]
[feature_contri: ]
[forcedsplits_filename: ]
[refit_decay_rate: 0.9]
[cegb_tradeoff: 1]
[cegb_penalty_split: 0]
[cegb_penalty_feature_lazy: ]
[cegb_penalty_feature_coupled: ]
[path_smooth: 0]
[interaction_constraints: ]
[verbosity: 1]
[saved_feature_importance_type: 0]
[max_bin: 255]
[max_bin_by_feature: ]
[min_data_in_bin: 3]
[bin_construct_sample_cnt: 200000]
[data_random_seed: 1]
[is_enable_sparse: 1]
[enable_bundle: 1]
[use_missing: 1]
[zero_as_missing: 0]
[feature_pre_filter: 1]
[pre_partition: 0]
[two_round: 0]
[header: 0]
[label_column: ]
[weight_column: ]
[group_column: ]
[ignore_column: ]
[categorical_feature: ]
[forcedbins_filename: ]
[objective_seed: 5]
[num_class: 1]
[is_unbalance: 0]
[scale_pos_weight: 1]
[sigmoid: 1]
[boost_from_average: 1]
[reg_sqrt: 0]
[alpha: 0.9]
[fair_c: 1]
[poisson_max_delta_step: 0.7]
[tweedie_variance_power: 1.5]
[lambdarank_truncation_level: 30]
[lambdarank_norm: 1]
[label_gain: ]
[eval_at: ]
[multi_error_top_k: 1]
[auc_mu_weights: ]
[num_machines: 1]
[local_listen_port: 12400]
[time_out: 120]
[machine_list_filename: ]
[machines: ]
[gpu_platform_id: -1]
[gpu_device_id: -1]
[gpu_use_dp: 0]
[num_gpu: 1]

end of parameters

pandas_categorical:null
