tree
version=v3
num_class=1
num_tree_per_iteration=1
label_index=0
max_feature_idx=10
objective=binary sigmoid:1
feature_names=Column_0 Column_1 Column_2 Column_3 Column_4 Column_5 Column_6 Column_7 Column_8 Column_9 Column_10
feature_infos=[0:75] [0:11] [0:2] [0:3] [-6847:81204] [0:1] [0:1] [0:30] [0:11] [2:3881] [0:35]
tree_sizes=4271 4238 4259 4295 4256 4285 4264 4314 4270 4258 4284 4255 4278 4273 4272

Tree=0
num_leaves=40
num_cat=0
split_feature=9 9 9 8 8 8 4 8 10 8 8 7 9 9 6 9 8 8 8 7 10 8 7 8 1 4 9 7 8 4 7 7 7 8 9 10 6 8 8
split_gain=1427.68 372.076 160.04 147.402 124.406 87.8018 75.8673 58.6128 50.9647 44.5574 42.8553 35.9349 35.2852 33.9808 26.7802 26.4477 28.7131 26.3407 22.7129 72.2426 20.5281 19.3637 55.1698 17.9772 15.194 14.7479 13.6826 13.4946 13.243 12.9803 12.8219 11.6654 10.1024 9.96011 9.53887 9.53068 9.34732 9.23032 45.0867
threshold=201.50000000000003 475.50000000000006 129.50000000000003 9.5000000000000018 7.5000000000000009 9.5000000000000018 48.500000000000007 7.5000000000000009 2.5000000000000004 6.5000000000000009 6.5000000000000009 3.5000000000000004 612.50000000000011 392.50000000000006 1.0000000180025095e-35 77.500000000000014 9.5000000000000018 3.5000000000000004 8.5000000000000018 15.500000000000002 1.0000000180025095e-35 8.5000000000000018 15.500000000000002 1.0000000180025095e-35 2.5000000000000004 1729.0000000000002 355.50000000000006 4.5000000000000009 3.5000000000000004 200.50000000000003 15.500000000000002 26.500000000000004 18.500000000000004 9.5000000000000018 797.50000000000011 1.5000000000000002 1.0000000180025095e-35 7.5000000000000009 6.5000000000000009
decision_type=2 2 2 2 2 2 2 2 2 2 2 2 2 2 2 2 2 2 2 2 2 2 2 2 2 2 2 2 2 2 2 2 2 2 2 2 2 2 2
left_child=2 3 15 4 6 7 26 8 9 17 14 -6 33 21 20 -1 23 29 -9 -20 24 30 -23 -17 -8 -22 28 -19 -2 -4 -13 -32 -24 36 -14 37 -3 38 -25
right_child=1 12 5 -5 11 -7 10 18 -10 -11 -12 13 34 -15 -16 16 -18 27 19 -21 25 22 32 35 -26 -27 -28 -29 -30 -31 31 -33 -34 -35 -36 -37 -38 -39 -40
leaf_value=-0.63283937662549306 -0.19900847070245647 0.19547347334843054 -0.26347329859071916 0.41066191789776429 0.31491203734021689 0.31425142172807585 -0.0059581734519450619 -0.56529213540571477 -0.51653385590135847 0.46878314270554777 0.48815672952299238 -0.52301727233067841 0.30469026916335062 -0.056930928614681686 -0.25560813220756284 -0.15630677283040156 0.052252156741465661 -0.075184145091958449 0.40321953356792051 -0.60872988310373355 -0.070909362674706086 0.40648811091736359 -0.59331725436637917 -0.46387048301888523 0.22613647794423267 0.12882067967427968 -0.072983714926303525 -0.40841403852882308 -0.53302717806360389 0.01924483475420842 -0.2212455541941187 -0.59429446900388327 -0.18935224559804481 0.46878314270554777 0.40938500127205291 -0.61054843934698078 -0.047081293480605031 -0.56421245274563681 0.45493879463059994
leaf_weight=183.85581748187542 19.957212209701538 112.75824898481369 19.458281904459 60.370566934347153 8.4818151891231519 21.952933430671692 35.42405167222023 78.332057923078537 36.671377435326576 10.477536410093306 20.955072820186615 65.609335139393806 136.207973331213 37.419772893190384 24.198119804263115 12.972187936305998 8.7312803417444211 14.718444004654883 9.7291409522295016 17.462560683488846 98.289270132780075 9.9786061048507673 13.720583394169809 70.099707886576653 91.054780706763268 50.142495676875114 18.709886446595192 42.159610792994499 23.200259193778038 56.878054797649384 32.430469840764999 9.729140952229498 9.4796757996082288 10.477536410093306 206.05821606516838 72.095429107546806 16.464700073003769 56.878054797649384 4.9893030524253836
leaf_count=737 80 452 78 242 34 88 142 314 147 42 84 263 546 150 97 52 35 59 39 70 394 40 55 281 365 201 75 169 93 228 130 39 38 42 826 289 66 228 20
internal_value=-0.0925736 0.11772 -0.425109 -0.0342626 -0.0816438 -0.26151 0.0164797 -0.30597 -0.201866 -0.121094 0.0752639 -0.282118 0.316012 -0.310924 0.0459769 -0.547917 -0.478352 -0.168243 -0.483375 -0.245702 0.0726199 -0.378311 -0.177286 -0.499809 0.161366 -0.00323504 -0.287205 -0.322419 -0.379744 -0.0530731 -0.439936 -0.309253 -0.430445 0.188244 0.367971 -0.521564 0.164684 -0.472256 -0.401557
internal_weight=0 1111.12 717.462 629.151 568.781 307.84 381.931 285.887 180.363 143.692 320.064 186.849 481.967 178.368 299.109 409.622 225.766 133.214 105.524 27.1917 274.911 140.948 33.1789 217.035 126.479 148.432 61.8674 56.8781 43.1575 76.3363 107.769 42.1596 23.2003 139.7 342.266 204.062 129.223 131.967 75.089
internal_count=7330 4454 2876 2522 2280 1234 1531 1146 723 576 1283 749 1932 715 1199 1642 905 534 423 109 1102 565 133 870 507 595 248 228 173 306 432 169 93 560 1372 818 518 529 301
is_linear=0
shrinkage=1


Tree=1
num_leaves=40
num_cat=0
split_feature=9 9 5 9 4 5 8 9 5 8 8 8 0 0 8 8 8 8 0 4 4 0 8 7 0 8 8 4 8 7 0 0 0 7 4 8 4 0 9
split_gain=762.414 226.515 236.269 59.4573 46.972 46.9095 46.4603 36.2052 29.4914 28.0003 25.9555 23.575 23.224 26.5459 21.9013 21.2028 20.5938 19.9467 19.3019 17.5452 16.7223 14.714 14.4068 15.8359 12.9739 12.6218 12.3975 8.40058 8.05002 18.4144 7.86512 6.72942 6.66826 6.64572 6.27889 6.1608 6.10203 5.9096 5.78907
threshold=176.50000000000003 395.50000000000006 1.0000000180025095e-35 114.50000000000001 62.500000000000007 1.0000000180025095e-35 9.5000000000000018 612.50000000000011 1.0000000180025095e-35 7.5000000000000009 1.0000000180025095e-35 6.5000000000000009 42.500000000000007 11.500000000000002 9.5000000000000018 6.5000000000000009 3.5000000000000004 9.5000000000000018 11.500000000000002 976.50000000000011 947.50000000000011 40.500000000000007 1.0000000180025095e-35 14.500000000000002 22.500000000000004 9.5000000000000018 1.5000000000000002 246.50000000000003 2.5000000000000004 19.500000000000004 6.5000000000000009 12.500000000000002 20.500000000000004 20.500000000000004 196.50000000000003 8.5000000000000018 2462.5000000000005 22.500000000000004 797.50000000000011
decision_type=2 2 2 2 2 2 2 2 2 2 2 2 2 2 2 2 2 2 2 2 2 2 2 2 2 2 2 2 2 2 2 2 2 2 2 2 2 2 2
left_child=3 2 4 25 21 10 9 8 27 11 -5 19 13 -6 16 18 -7 22 -12 28 -20 31 33 -24 -21 30 -22 35 29 -4 -1 -2 -27 -15 -17 -3 -26 -30 -9
right_child=1 7 6 5 12 14 -8 38 -10 -11 15 -13 -14 17 -16 34 -18 -19 20 24 26 -23 23 -25 36 32 -28 -29 37 -31 -32 -33 -34 -35 -36 -37 -38 -39 -40
leaf_value=-0.017741550685762535 0.082614088389773369 0.11170192637303165 -0.2518090254591957 0.37009636812672658 0.36297431242268108 -0.088686151404080468 0.34888946828417328 0.28462153320687689 0.066161597126366156 -0.34984431740421568 0.19792430042269774 0.43254153945120294 0.43517629518793083 0.12000818193935232 0.31540091162860812 -0.13443531755508034 -0.40212419175488717 0.39210598600781371 -0.33177282442952222 -0.16431521453817544 -0.32041830557324558 0.35338541177087407 0.14736281639634943 -0.044589416664474857 0.35565734238020513 -0.27821933839510277 0.092333666557486829 0.3214271257991041 -0.25301256618352203 0.35317385450013106 -0.38685055878067459 -0.21266085216573508 0.21099039708023573 0.48318346074677793 0.14544727403344709 0.43477857572005207 0.0016898077593866757 -0.4814586990273152 0.3670928537449526
leaf_weight=5.3052479922771445 8.4564774930477125 36.044126316905022 22.834091812372211 11.377404347062109 55.986707478761673 23.753343269228935 12.252279371023176 133.38034352660179 109.9746880531311 117.98584102094173 10.648250401020048 5.8947087973356238 36.927532330155373 7.7125532329082516 4.6405345201492301 9.1867365986108762 94.003630071878433 22.809599101543427 51.320334449410439 22.056638211011887 9.6683874726295489 5.542153224349021 89.675860777497292 67.783132895827293 8.6745455861091632 4.7637972235679609 19.316564589738846 98.826492577791214 28.565008088946342 5.4554073810577384 304.86432521045208 36.50837542116642 4.8801930248737335 11.413462072610853 31.33169549703598 6.0948302745819083 8.668780714273451 16.640819907188416 198.08391326665878
leaf_count=23 35 145 92 46 228 97 51 546 443 500 44 25 151 31 19 39 404 95 214 89 40 23 365 278 35 20 80 401 117 22 1328 152 20 46 132 25 35 68 826
internal_value=0 0.136185 0.00546478 -0.282943 0.16698 -0.177723 -0.216836 0.268977 0.182771 -0.246374 -0.0607986 -0.143198 0.213122 0.180705 -0.313871 -0.0985819 -0.339151 0.129221 -0.178875 -0.173956 -0.229197 -0.0998588 0.0948684 0.0647782 -0.0122914 -0.370049 -0.0465707 0.273527 -0.260359 -0.133519 -0.380552 -0.157012 -0.0313889 0.33943 0.0816487 0.160223 0.180724 -0.338818 0.334094
internal_weight=0 1174.25 591.844 585.06 342.816 265.247 249.028 582.404 250.94 236.776 142.849 118.79 292.309 255.381 122.398 131.472 117.757 199.395 90.9535 112.895 80.3053 50.507 176.585 157.459 39.4 319.814 28.985 140.965 73.4953 28.2895 310.17 44.9649 9.64399 19.126 40.5184 42.139 17.3433 45.2058 331.464
internal_count=7330 4824 2438 2506 1404 1115 1034 2386 1014 983 595 483 1194 1043 520 549 501 815 378 458 334 210 720 643 159 1391 120 571 299 114 1351 187 40 77 171 170 70 185 1372
is_linear=0
shrinkage=0.3


Tree=2
num_leaves=40
num_cat=0
split_feature=9 9 5 9 5 4 0 9 8 4 5 8 8 8 8 0 0 9 4 8 8 9 8 8 8 4 4 8 9 4 8 1 8 9 1 4 4 1 4
split_gain=449.184 94.3796 100.951 67.8926 50.1829 32.4011 28.6086 25.5865 22.3953 22.6813 20.6351 15.99 17.8758 14.3887 20.1456 14.3321 12.8152 11.1353 10.9967 10.2385 10.0255 9.30099 9.01755 8.51539 14.6749 7.5491 7.31232 7.27346 6.93759 6.64258 6.13418 5.65066 5.50618 5.21336 5.94205 5.82908 5.12969 4.74155 4.71952
threshold=206.50000000000003 383.50000000000006 1.0000000180025095e-35 116.50000000000001 1.0000000180025095e-35 102.50000000000001 42.500000000000007 654.50000000000011 6.5000000000000009 253.50000000000003 1.0000000180025095e-35 9.5000000000000018 4.5000000000000009 9.5000000000000018 7.5000000000000009 14.500000000000002 11.500000000000002 77.500000000000014 52.500000000000007 1.0000000180025095e-35 3.5000000000000004 135.50000000000003 9.5000000000000018 3.5000000000000004 2.5000000000000004 976.50000000000011 2251.5000000000005 1.0000000180025095e-35 475.50000000000006 558.50000000000011 3.5000000000000004 1.0000000180025095e-35 1.5000000000000002 416.50000000000006 1.5000000000000002 268.50000000000006 1489.5000000000002 4.5000000000000009 13.500000000000002
decision_type=2 2 2 2 2 2 2 2 2 2 2 2 2 2 2 2 2 2 2 2 2 2 2 2 2 2 2 2 2 2 2 2 2 2 2 2 2 2 2
left_child=3 2 6 17 5 -5 8 10 9 20 18 12 -6 14 25 31 -7 -1 -3 -17 -2 32 23 24 27 -4 -23 29 33 -19 -20 -11 -18 -12 -35 -36 -21 -26 -30
right_child=1 7 13 4 11 16 -8 -9 -10 15 28 -13 -14 -15 -16 19 21 22 30 36 -22 26 -24 -25 37 -27 -28 -29 38 -31 -32 -33 -34 34 35 -37 -38 -39 -40
leaf_value=-0.36978209646459986 -0.0015039518347304821 0.034509066888633984 -0.13992399639552427 -0.2566170991813565 -0.062232914700027474 0.2323950651550751 0.41759776991185843 0.27072097380636334 0.23594035672399066 -0.0092211313587042005 0.091748959445920236 0.21875328075855646 -0.31804649399374507 0.24241630545031631 -0.27801845950686893 0.32779732445203602 -0.36449884576743569 -0.2503798675431923 0.3185730889784012 -0.084209721373158367 -0.27264235170815793 -0.0010841874694970666 0.095184334401414911 -0.31992252445769309 -0.02163844314284941 0.034372452450822329 0.17766715589348042 -0.33473723121935173 -0.047735081162322647 0.22610310362837238 0.19064002583324419 0.32409264942925392 -0.060971838947580348 -0.25899232312306364 0.19868883910621316 -0.14130500819655611 0.087448443729399764 0.40064446384846941 0.13914369402668963
leaf_weight=144.37350532412529 25.59821155667305 26.219523742794991 60.140280187129974 38.321117237210274 31.540994986891747 28.377472579479218 29.015834838151932 261.60417261719704 75.721856877207756 5.4056142270565024 18.6219522356987 6.3531936407089225 113.06043437123299 7.8172611594200125 82.181785717606544 9.3375630527734739 7.3779087215662029 5.5783535242080671 60.657783046364784 34.125972390174866 23.386933237314224 69.314347952604294 6.4028017222881308 89.811218351125717 5.1911467015743238 35.43368074297905 29.107692942023277 24.74512454867363 14.579333931207655 4.6486279368400574 79.235788956284523 29.308516278862953 18.930537328124046 13.241623282432558 7.734084457159045 10.416534408926962 28.63244791328907 4.2144448310136795 70.693739429116249
leaf_count=738 105 109 254 169 132 118 129 1188 331 22 77 28 549 36 382 40 33 24 255 138 100 294 26 439 25 145 122 121 60 20 340 123 82 53 31 42 116 20 292
internal_value=0 0.120406 0.0173213 -0.202818 -0.112683 -0.0106438 0.137723 0.202053 0.102324 0.037167 0.142314 -0.2419 -0.262407 -0.151682 -0.169261 0.11463 0.0511692 -0.310964 0.213101 0.038119 -0.131523 0.00963928 -0.250135 -0.266726 -0.158137 -0.075366 0.0520278 -0.247357 0.0552164 -0.0336181 0.246479 0.272429 -0.148154 -0.0334128 -0.107767 0.00414191 -0.00586528 0.171883 0.107156
internal_weight=0 1009.11 446.106 627.349 342.384 191.429 260.533 563.005 231.517 155.795 301.4 150.955 144.601 185.573 177.756 106.81 153.108 284.965 166.113 72.096 48.9851 124.73 140.592 134.189 44.3777 95.574 98.422 34.9721 135.287 10.227 139.894 34.7141 26.3084 50.0142 31.3922 18.1506 62.7584 9.40559 85.2731
internal_count=7308 4368 1921 2940 1527 818 1104 2447 975 644 1259 709 681 817 781 439 649 1413 704 294 205 531 675 649 210 399 416 165 555 44 595 145 115 203 126 73 254 45 352
is_linear=0
shrinkage=0.3


Tree=3
num_leaves=40
num_cat=0
split_feature=0 8 2 4 0 8 8 3 3 4 10 8 8 4 4 10 8 8 10 8 10 0 2 8 3 3 0 0 10 0 4 8 4 10 1 0 1 3 4
split_gain=65.8006 59.9853 40.4341 23.3034 20.48 18.3174 16.4439 15.246 15.2387 14.4902 13.9335 11.6424 28.6473 7.00564 8.01042 6.75239 6.7192 6.58999 6.1673 5.89206 5.80313 5.75814 4.81824 4.5126 4.30612 4.28372 4.26126 4.00287 3.71843 3.68588 4.27423 3.92365 3.566 3.38212 4.48896 3.26486 3.19762 3.17722 3.14828
threshold=42.500000000000007 9.5000000000000018 1.5000000000000002 947.50000000000011 7.5000000000000009 4.5000000000000009 1.5000000000000002 1.5000000000000002 1.0000000180025095e-35 38.500000000000007 2.5000000000000004 7.5000000000000009 6.5000000000000009 2675.5000000000005 2161.5000000000005 2.5000000000000004 4.5000000000000009 3.5000000000000004 1.0000000180025095e-35 4.5000000000000009 1.0000000180025095e-35 14.500000000000002 1.0000000180025095e-35 7.5000000000000009 1.5000000000000002 2.5000000000000004 19.500000000000004 46.500000000000007 5.5000000000000009 11.500000000000002 -1.0000000180025095e-35 2.5000000000000004 1786.5000000000002 1.0000000180025095e-35 6.5000000000000009 28.500000000000004 4.5000000000000009 1.5000000000000002 209.50000000000003
decision_type=2 2 2 2 2 2 2 2 2 2 2 2 2 2 2 2 2 2 2 2 2 2 2 2 2 2 2 2 2 2 2 2 2 2 2 2 2 2 2
left_child=1 2 3 8 16 6 18 20 22 19 11 12 17 14 15 -11 -4 -10 24 -9 -6 -21 -1 29 -5 -13 37 -2 35 31 -31 -22 -8 -24 -35 -20 -12 -7 -18
right_child=27 -3 4 5 7 26 32 9 10 13 36 25 -14 -15 -16 -17 38 -19 28 21 23 -23 33 -25 -26 -27 -28 -29 -30 30 -32 -33 -34 34 -36 -37 -38 -39 -40
leaf_value=-0.065037706283152599 0.35596714439082389 0.23793158460170691 0.36343687939285318 0.03306791008397824 0.020261236533934478 -0.047014304769444119 0.14365887364009861 -0.2922995543461781 0.010092355975724996 0.12380222628919769 -0.13830014211996253 -0.11432743226470071 0.49028509881251425 0.22125956934821944 -0.25109250108708403 -0.08449044944625228 -0.0071430417812889347 -0.093850926966300291 -0.083884974895713546 0.21123160854044523 0.26517447166977809 -0.16657095230726379 -0.16251857877393569 -0.15277903387949077 0.26389325404207231 -0.35529458290728549 -0.086002089408906454 0.21050569276761058 -0.27969872642201737 0.20344069043883767 -0.10465606625148305 -0.0074272620840693023 0.34107654432358836 -0.32620832465025867 -0.023723828317175902 0.080894872832428591 -0.24785062854878903 0.092746030074071659 0.19729886393235213
leaf_weight=15.418724477291105 24.952206537127495 77.26922033727169 18.385459184646606 19.512589663267136 92.271177247166634 37.287318632006645 14.52500708401203 11.087938293814659 115.64927591383457 99.403242975473404 57.794378370046616 134.99838075041771 9.4012837707996351 40.076994508504868 6.1802480071783057 16.158517330884933 9.7534966915845889 104.24248351156712 28.188494130969048 6.2173960655927667 6.0227595567703274 8.1733571141958219 27.096822172403336 46.470206707715988 11.464937284588816 6.8465740829706183 153.84260173141956 58.710799857974052 5.4350517094135276 4.2293751388788214 49.878440886735916 20.109578117728233 20.328364595770836 44.828188121318817 4.9311364144086829 17.30299736559391 42.33620972931385 23.827009618282318 21.935727745294571
leaf_count=77 120 374 82 87 444 185 65 54 525 459 300 689 41 186 29 80 47 501 129 29 26 42 136 241 53 36 749 282 28 21 240 93 89 232 25 81 215 114 102
internal_value=0 -0.0188114 -0.0335212 -0.0705624 0.039144 -0.00746701 0.0880992 0.0167851 -0.107686 0.0795816 -0.0857906 -0.0589381 -0.0171132 0.112697 0.0766612 0.094584 0.219781 -0.0392229 0.0144764 -0.129996 -0.0369485 -0.00270122 -0.219095 -0.0785761 0.119617 -0.126432 -0.0594083 0.254618 -0.0496912 -0.0353353 -0.0799276 0.0569025 0.260064 -0.249758 -0.296442 -0.0211319 -0.185012 0.00759691 0.134717
internal_weight=0 1428.88 1351.61 895.258 456.354 331.714 116.757 406.279 563.543 187.298 471.269 371.138 229.293 161.819 121.742 115.562 50.0747 219.892 81.9041 25.4787 218.982 14.3908 92.2749 126.71 30.9775 141.845 214.957 83.663 50.9265 80.2402 54.1078 26.1323 34.8534 76.8561 49.7593 45.4915 100.131 61.1143 31.6892
internal_count=7308 6906 6532 4357 2175 1580 532 1944 2777 879 2307 1792 1067 754 568 539 231 1026 378 125 1065 71 470 621 140 725 1048 402 238 380 261 119 154 393 257 210 515 299 149
is_linear=0
shrinkage=0.3


Tree=4
num_leaves=40
num_cat=0
split_feature=9 9 5 9 4 8 8 9 8 0 4 5 8 8 0 3 9 8 0 0 1 4 0 8 3 0 0 1 9 3 9 0 0 4 4 2 8 8 2
split_gain=251.673 89.7938 68.3939 27.3531 21.304 15.1219 16.0505 14.6865 13.8481 13.7206 12.461 11.749 10.4486 31.9241 9.6397 13.6363 9.44428 8.41123 8.40309 7.39486 7.16726 6.43624 6.04301 5.94784 5.72992 5.62143 5.40635 5.18434 4.64706 4.99092 4.43042 4.25121 4.21019 4.58009 5.52559 4.4747 4.11309 4.11245 3.55446
threshold=164.50000000000003 446.50000000000006 1.0000000180025095e-35 77.500000000000014 102.50000000000001 1.0000000180025095e-35 9.5000000000000018 797.50000000000011 1.0000000180025095e-35 42.500000000000007 976.50000000000011 1.0000000180025095e-35 7.5000000000000009 6.5000000000000009 32.500000000000007 1.0000000180025095e-35 296.50000000000006 8.5000000000000018 12.500000000000002 30.500000000000004 1.0000000180025095e-35 185.50000000000003 9.5000000000000018 5.5000000000000009 1.0000000180025095e-35 42.500000000000007 17.500000000000004 3.5000000000000004 216.50000000000003 1.5000000000000002 238.50000000000003 26.500000000000004 9.5000000000000018 1696.5000000000002 2368.0000000000005 1.5000000000000002 3.5000000000000004 9.5000000000000018 1.5000000000000002
decision_type=2 2 2 2 2 2 2 2 2 2 2 2 2 2 2 2 2 2 2 2 2 2 2 2 2 2 2 2 2 2 2 2 2 2 2 2 2 2 2
left_child=3 2 4 -1 8 11 9 -3 -2 12 16 -5 13 18 15 27 36 22 -7 23 -18 -20 -10 30 -12 -9 -25 -6 -24 -30 -17 32 -26 35 -35 -34 -4 -38 -8
right_child=1 7 10 5 14 6 38 25 17 -11 24 -13 -14 -15 -16 19 20 -19 21 -21 -22 -23 28 26 31 -27 -28 -29 29 -31 -32 -33 33 34 -36 -37 37 -39 -40
leaf_value=-0.31927865258382865 0.4476858868027585 0.14449422236470111 -0.10507670051304761 0.26951903244609887 -0.3752810138825618 -0.021060436406066196 0.19347782302333233 0.26826856198920279 0.16554880303364214 0.15988400539575848 -0.22293325915424086 -0.14173854474542669 -0.28649534344344768 0.42901113662844098 0.20946768059651483 -0.0062189366952446956 0.18120255160169746 0.17535899761739002 -0.31502862154200834 -0.1460297953510723 -0.10807046803525854 -0.16868820836826834 -0.3241976217068761 0.23831663369445211 0.21747322006099701 -0.062388280874165099 0.088678280000065654 0.033130239439356043 -0.21562308245901113 0.015490141833559883 0.12067071979637933 0.12052904214670809 -0.071052076977554238 -0.38710821317468669 -0.069442863682439654 0.19305266273022395 -0.26459651776317311 0.036843073536709403 -0.092926947871075569
leaf_weight=114.4571730196476 4.2581735700368872 281.13572186231613 23.99095031619072 13.18439456820488 7.2292546778917295 23.441494300961494 12.486477360129358 155.6115909665823 4.9612357616424552 9.7402502596378309 10.761035934090613 11.564552932977676 83.603845402598381 7.8253483325242987 86.839645281434059 39.667661115527153 8.7996063679456693 8.4144294261932355 40.705006167292595 9.587544381618498 54.223778337240219 83.535510808229446 13.701097890734671 53.962736383080482 5.199812412261962 4.7003655880689612 36.871493950486183 4.4407425820827484 19.511865213513374 14.626215502619742 65.640724688768387 21.82107712328434 14.140813902020454 6.2632644176483181 21.326159194111824 9.4812370985746384 74.384249925613403 4.2612930387258521 5.4916149675846091
leaf_count=748 18 1269 102 57 31 110 57 797 21 43 50 49 493 34 418 172 41 41 230 41 257 428 66 259 24 28 168 21 88 64 290 100 64 31 95 42 406 24 24
internal_value=0 0.0824693 0.00923789 -0.19503 0.091624 -0.146076 -0.166877 0.185995 -0.0634648 -0.186654 -0.110351 0.0777442 -0.200889 -0.154564 0.125019 0.091128 -0.158945 -0.100333 -0.186013 0.109077 -0.0672454 -0.217053 -0.144753 0.12168 -0.0197433 0.258509 0.177896 -0.221885 -0.177477 -0.11708 0.0729509 0.00869208 -0.0348357 -0.0611839 -0.143775 0.0356669 -0.215018 -0.248213 0.105934
internal_weight=0 1065.81 624.366 406.036 369.713 291.578 266.83 441.448 65.473 248.851 254.653 24.7489 239.111 155.507 304.24 217.4 165.66 61.2148 147.682 205.73 63.0234 124.241 52.8004 196.143 88.9934 160.312 90.8342 11.67 47.8392 34.1381 105.308 78.2324 56.4113 51.2115 27.5894 23.6221 102.636 78.6455 17.9781
internal_count=7301 5028 2934 2273 1698 1525 1419 2094 298 1338 1236 106 1295 802 1400 982 830 280 768 930 298 658 239 889 406 825 427 52 218 152 462 356 256 232 126 106 532 430 81
is_linear=0
shrinkage=0.3


Tree=5
num_leaves=40
num_cat=0
split_feature=9 9 5 8 9 8 8 8 8 5 10 1 10 4 8 8 9 9 1 8 8 8 1 4 9 9 10 8 9 10 9 8 8 1 10 4 4 4 2
split_gain=145.712 58.0676 37.5535 17.2735 16.1135 15.3544 12.248 14.154 14.9887 10.4345 14.2795 10.1316 10.0557 9.32665 8.31702 10.4318 7.64862 7.46748 6.72505 6.65641 6.93806 6.6331 6.34417 6.333 6.20913 6.06504 5.98802 5.83295 5.56557 8.84976 7.76197 6.05717 5.18744 4.81932 4.80062 6.80342 4.40077 4.12447 6.22647
threshold=144.50000000000003 551.50000000000011 1.0000000180025095e-35 1.0000000180025095e-35 77.500000000000014 6.5000000000000009 9.5000000000000018 7.5000000000000009 6.5000000000000009 1.0000000180025095e-35 1.0000000180025095e-35 2.5000000000000004 1.5000000000000002 38.500000000000007 3.5000000000000004 6.5000000000000009 301.50000000000006 214.50000000000003 1.0000000180025095e-35 9.5000000000000018 3.5000000000000004 8.5000000000000018 7.5000000000000009 111.50000000000001 797.50000000000011 162.50000000000003 1.0000000180025095e-35 2.5000000000000004 379.50000000000006 2.5000000000000004 527.50000000000011 1.0000000180025095e-35 1.0000000180025095e-35 4.5000000000000009 2.5000000000000004 196.50000000000003 1729.0000000000002 1196.5000000000002 1.5000000000000002
decision_type=2 2 2 2 2 2 2 2 2 2 2 2 2 2 2 2 2 2 2 2 2 2 2 2 2 2 2 2 2 2 2 2 2 2 2 2 2 2 2
left_child=4 2 3 36 -1 12 7 8 28 10 14 23 13 -5 -6 -16 21 -14 -15 20 27 -9 -20 -7 -3 -13 -23 -11 29 31 32 -4 -30 -19 35 -12 -2 38 -37
right_child=1 24 6 5 9 11 -8 16 -10 19 34 25 17 18 15 -17 -18 33 22 -21 -22 26 -24 -25 -26 -27 -28 -29 30 -31 -32 -33 -34 -35 -36 37 -38 -39 -40
leaf_value=-0.28739531362922305 0.31642715065539356 0.12573675689433503 -0.15398215824268896 -0.12535139022391592 0.22647570284960428 -0.32057822057331037 0.22278004554100928 -0.25162967328603364 0.44787709516064006 -0.19787349076211905 -0.27897801347397944 -0.10149885552888946 -0.21856047950258153 0.24209563073616966 -0.28066384268648592 0.10581508117064541 -0.07472117688605516 0.065148811604508347 0.0064677254177982948 0.1880188378078298 -0.27850128694525617 0.15471479630775153 0.14005802280845964 0.039781116663863782 0.21211534910823607 0.19272069576640991 -0.23938537933809836 0.11434111293386416 -0.097626630412396234 -0.26198905807488826 -0.25116754491701204 0.012847227055124756 0.20141077835344096 -0.11541409390621982 -0.27679586971401909 -0.074234045578354627 0.11063980314779383 -0.13715591373428543 0.30038536903326218
leaf_weight=92.701850831508636 28.297115236520767 163.21944081783295 26.533900514245033 25.452008575201035 16.615052044391632 5.1147237122058895 12.353824958205221 63.87413127720356 5.8094487041234961 14.691616877913475 13.696261316537855 6.6186683177947989 25.069170489907265 17.835917562246323 10.04879115521908 16.087133474647999 71.153078243136406 27.955177113413811 102.96741096675396 3.4703488349914542 63.771664582192898 7.5990831330418569 46.234170407056808 25.13428258895874 140.54553307592869 98.468771934509277 6.0600875541567802 8.2780156433582306 6.6665554642677334 17.510806828737259 5.4837574660778037 73.204314917325974 22.315647199749947 25.037679940462112 21.356056705117226 9.6948696821928078 14.362826406955717 15.42122709751129 6.5249115526676169
leaf_count=748 135 789 112 123 75 24 69 421 27 73 86 32 121 77 56 82 331 123 472 17 447 43 211 126 825 518 37 39 28 91 23 337 93 115 135 55 74 80 31
internal_value=0 0.0548443 0.0108714 0.0667981 -0.184049 0.0476469 -0.0678677 -0.0797283 -0.0170215 -0.135831 -0.0733618 0.130068 0.00635395 0.0431817 0.0618194 -0.0437598 -0.146053 -0.0843388 0.0689781 -0.211295 -0.227658 -0.211162 0.0479934 -0.0228187 0.165813 0.174036 -0.0210442 -0.0853392 -0.0353769 -0.0665143 0.0703264 -0.0317497 0.132432 -0.0202729 -0.159942 -0.103945 0.247963 -0.0269317 0.0782512
internal_weight=0 1070.88 767.113 448.548 292.358 405.888 318.565 306.211 157.524 199.656 109.444 135.336 270.552 192.49 42.751 26.1359 148.686 78.062 167.037 90.2116 86.7413 77.5333 149.202 30.249 303.765 105.087 13.6592 22.9696 151.715 117.249 34.466 99.7382 28.9822 52.9929 66.6933 45.3373 42.6599 31.641 16.2198
internal_count=7301 5377 3763 2151 1924 1942 1612 1543 711 1176 600 700 1242 883 213 138 832 359 760 576 559 501 683 150 1614 550 80 112 684 540 144 449 121 238 387 252 209 166 86
is_linear=0
shrinkage=0.3


Tree=6
num_leaves=40
num_cat=0
split_feature=9 5 0 9 9 3 0 3 7 7 7 9 4 0 9 4 0 9 5 0 0 1 1 0 7 9 6 3 9 7 3 7 4 4 7 4 7 0 4
split_gain=85.7877 36.8297 19.3562 20.1675 17.8325 15.2062 17.8529 13.1241 11.8654 10.9039 9.79681 9.26733 10.3883 8.69605 8.59189 8.58659 8.48423 8.02189 7.19766 6.38094 6.36281 5.94549 5.33184 4.98854 4.86868 4.74364 4.73655 4.40132 4.3439 7.21133 4.25962 5.00256 4.25721 4.19151 4.00203 3.90563 3.83459 3.58707 3.42646
threshold=351.50000000000006 1.0000000180025095e-35 11.500000000000002 108.50000000000001 668.50000000000011 1.5000000000000002 39.500000000000007 1.5000000000000002 3.5000000000000004 26.500000000000004 7.5000000000000009 129.50000000000003 2209.5000000000005 15.500000000000002 139.50000000000003 1843.5000000000002 6.5000000000000009 59.500000000000007 1.0000000180025095e-35 41.500000000000007 16.500000000000004 1.0000000180025095e-35 3.5000000000000004 7.5000000000000009 10.500000000000002 61.500000000000007 1.0000000180025095e-35 2.5000000000000004 182.50000000000003 15.500000000000002 1.0000000180025095e-35 3.5000000000000004 135.50000000000003 92.500000000000014 18.500000000000004 623.50000000000011 28.500000000000004 8.5000000000000018 2945.5000000000005
decision_type=2 2 2 2 2 2 2 2 2 2 2 2 2 2 2 2 2 2 2 2 2 2 2 2 2 2 2 2 2 2 2 2 2 2 2 2 2 2 2
left_child=1 2 9 25 16 6 8 14 22 10 -1 -7 13 24 -3 23 -2 -9 37 20 -19 33 -5 -12 -13 -4 30 -6 29 -8 -16 -32 -27 -10 -29 -15 -33 -18 -23
right_child=4 7 3 5 27 11 28 17 21 -11 15 12 -14 35 26 -17 18 19 -20 -21 -22 38 -24 -25 -26 32 -28 34 -30 -31 31 36 -34 -35 -36 -37 -38 -39 -40
leaf_value=0.011686173525479314 0.32392469644831384 -0.2630940401688171 -0.32016666202985966 0.27646063664528303 0.17783853308297473 -0.18796811200236385 -0.2038785164813362 -0.33180556148638668 -0.21883833566333721 -0.24113900185645507 0.47402906579906323 0.09367555301144613 0.22984186729561951 0.14160924027405639 -0.23583591144684912 0.0073798310503612593 -0.10540017225539142 0.050313054812363381 -0.0051430283565749475 0.37409454705326373 -0.10940551833025992 -0.20255054773065889 -0.057403106072961639 0.2298009506429986 -0.19955048616064622 -0.29474344147431542 -0.26644594785849229 -0.24037500879421214 0.19298779479206937 0.23923807857489707 0.10413886579659284 -0.12574240437107687 -0.08387159535881282 0.08634267352718647 0.18822600246862073 0.00076459754707285013 0.17076886814883752 0.096475545112130329 -0.039243485189146464
leaf_weight=22.914305120706558 9.7504049837589246 78.610537819564342 18.049200370907784 8.7975817769765872 176.56927258521318 11.751456812024115 7.7792052626609784 8.3950715065002424 5.4413973540067699 6.206056483089923 12.876285761594771 7.0166304409503963 34.313298515975475 47.425885632634163 21.452107340097427 9.712094306945799 8.1955317109823209 37.942016042768955 149.3536763265729 3.2141462713479987 54.45808057487011 85.016178168356419 8.1508829817175847 19.63988795876503 17.530593767762184 11.450536377727984 22.079223208129406 4.2945410907268515 24.026174910366535 5.4508983939886093 10.672385379672049 83.589332275092602 34.190878517925739 14.195586726069449 3.2947593778371811 28.22343098372221 3.9534232243895522 153.69306368380785 13.502578675746916
leaf_count=116 51 674 179 41 1096 66 38 83 33 36 67 35 169 234 140 52 42 216 665 17 342 423 39 100 86 98 138 27 143 26 50 509 243 68 20 135 21 775 63
internal_value=0 -0.0648916 -0.00968566 -0.0364699 0.0938522 -0.00562087 -0.0659592 -0.142051 -0.116638 0.133542 0.169852 0.0654775 0.0878605 0.0388846 -0.183488 0.255228 0.0511061 -0.0540806 0.0423614 -0.0290685 -0.0438529 -0.1503 0.117075 0.32877 -0.115656 -0.190307 -0.139038 0.168227 0.11747 -0.0204859 -0.115134 -0.0883545 -0.137807 0.00045337 -0.0542514 0.0892 -0.112001 0.0861409 -0.18029
internal_weight=0 778.027 453.661 382.312 505.151 318.622 172.36 324.366 135.104 71.3486 65.1426 146.261 134.51 100.197 220.357 42.2283 320.993 104.009 311.242 95.6142 92.4001 118.156 16.9485 32.5162 24.5472 63.6906 141.746 184.159 37.2563 13.2301 119.667 98.2151 45.6414 19.637 7.5893 75.6493 87.5428 161.889 98.5188
internal_count=7356 4680 2490 2119 2676 1599 874 2190 667 371 335 725 659 490 1532 219 1533 658 1482 575 558 587 80 167 121 520 858 1143 207 64 720 580 341 101 47 369 530 817 486
is_linear=0
shrinkage=0.3


Tree=7
num_leaves=40
num_cat=0
split_feature=9 10 5 9 4 3 3 3 4 4 4 1 2 2 9 2 4 9 4 1 4 5 6 10 1 1 4 4 6 1 10 4 4 4 1 4 9 2 9
split_gain=46.7677 28.2813 21.7159 17.0098 13.1957 7.23283 7.13995 5.60099 4.90882 9.92201 6.1379 6.09902 4.64169 6.52746 4.61699 5.24536 5.76627 4.60018 4.27543 4.18032 4.14078 4.08435 7.53002 6.42251 5.07245 4.26994 4.14482 4.05246 3.99052 4.20357 4.23314 4.2119 3.83142 8.77389 3.78786 3.75989 3.51541 3.48377 5.34653
threshold=251.50000000000003 3.5000000000000004 1.0000000180025095e-35 668.50000000000011 131.50000000000003 1.5000000000000002 1.5000000000000002 1.0000000180025095e-35 462.50000000000006 1529.5000000000002 328.50000000000006 1.0000000180025095e-35 1.0000000180025095e-35 1.5000000000000002 61.500000000000007 1.0000000180025095e-35 800.50000000000011 59.500000000000007 4576.5000000000009 1.0000000180025095e-35 140.50000000000003 1.0000000180025095e-35 1.0000000180025095e-35 1.0000000180025095e-35 6.5000000000000009 1.0000000180025095e-35 786.50000000000011 7624.0000000000009 1.0000000180025095e-35 1.0000000180025095e-35 1.0000000180025095e-35 479.50000000000006 6.5000000000000009 52.500000000000007 7.5000000000000009 -69.999999999999986 106.50000000000001 1.5000000000000002 543.50000000000011
decision_type=2 2 2 2 2 2 2 2 2 2 2 2 2 2 2 2 2 2 2 2 2 2 2 2 2 2 2 2 2 2 2 2 2 2 2 2 2 2 2
left_child=1 2 4 6 35 19 18 -6 10 -10 11 -8 -5 -14 -9 16 -16 -7 21 -4 -17 22 23 24 25 -2 -25 -11 29 -19 31 -31 34 -34 -13 -1 -37 -23 -39
right_child=3 -3 5 12 7 17 8 14 9 27 -12 32 13 -15 15 20 -18 28 -20 -21 -22 37 -24 26 -26 -27 -28 -29 -30 30 -32 -33 33 -35 -36 36 -38 38 -40
leaf_value=-0.37791742107208687 0.23348057584344523 -0.27482969809242302 -0.05289773065978548 0.26041385467657091 -0.09391863492681099 -0.31629439702665868 0.42499352084717285 -0.1893270553196387 -0.07307110693108132 0.13640826319783356 0.30758591273814634 0.098282072760093722 0.064807607485433169 0.19758449624589286 -0.25391667856251871 0.41300666380159567 0.076295873946446643 0.3279819805197815 -0.13153225966347792 -0.1879100854595038 0.07521679379344233 -0.060610724095787778 -0.16336821351763625 -0.058842374598494764 0.24448888637075999 0.0066905490784068614 0.090374383199270658 -0.05439622592541362 -0.20247732916433028 -0.072887372297748443 -0.093576444611653445 0.17760055988098192 -0.29982243650894225 0.069630230891089065 0.40280788000002249 -0.24175071444163806 -0.054906792067608491 -0.014474145380164252 0.24812613721945376
leaf_weight=4.5385856777429572 9.9333191663026792 53.503920715302229 25.836056232452393 22.380255080759525 24.565050601959229 4.8814658075571051 4.2950839549303046 6.4233332052826873 50.081803441047668 56.056337058544159 13.458969242870806 18.063728205859665 91.339369378983974 52.55623122304678 9.0697414651513117 3.1452543884515753 9.6449702158570272 3.3323481902480117 22.204877898097038 106.33314353227615 172.92903762310743 103.13945735245943 14.562614656984804 42.079762250185013 22.912587910890579 28.5272426456213 27.556373417377472 12.07671884447336 8.9883750677108747 9.9000967070460337 26.51308174431324 14.966705948114393 6.7325083240866652 34.878410823643208 4.4934602677822104 11.579128101468084 40.173019163310528 31.830981239676476 8.7347360104322416
leaf_count=34 52 473 201 151 143 62 21 74 256 294 68 84 613 379 44 17 49 21 110 870 905 514 68 205 126 160 143 66 60 70 174 83 32 170 22 119 227 156 40
internal_value=0 -0.068282 -0.0452913 0.0502612 0.0083931 -0.120656 0.023148 0.0408067 0.067331 0.028138 0.123685 0.08676 0.133561 0.113505 0.0573299 0.0656453 -0.0847064 -0.0414466 -0.00526537 -0.161635 0.0817023 0.00450916 0.0399006 0.0627052 0.133294 0.066149 0.000293314 0.102529 -0.0194812 0.0111963 -0.0105151 0.0780844 0.062898 0.0087313 0.161885 -0.121306 -0.0974642 -0.0313475 0.0429888
internal_weight=0 536.323 482.819 677.895 282.068 200.751 511.619 225.777 200.137 118.215 81.9222 68.4632 166.276 143.896 201.212 194.789 18.7147 68.5821 311.482 132.169 176.074 289.277 145.572 131.009 61.3731 38.4606 69.6361 68.1331 63.7006 54.7122 51.3799 24.8668 64.1681 41.6109 22.5572 56.2907 51.7521 143.705 40.5657
internal_count=7356 3626 3153 3730 1612 1541 2587 1232 1013 616 397 329 1143 992 1089 1015 93 470 1574 1071 922 1464 754 686 338 212 348 360 408 348 327 153 308 202 106 380 346 710 196
is_linear=0
shrinkage=0.3


Tree=8
num_leaves=40
num_cat=0
split_feature=9 7 8 8 8 9 7 7 7 8 8 9 8 0 4 0 7 7 7 8 8 0 9 0 7 1 8 8 8 8 9 8 7 0 0 0 0 7 8
split_gain=30.6365 14.641 17.8613 36.1604 22.8961 17.4702 13.681 12.0966 24.4023 11.0294 14.9874 17.2777 14.6059 12.0366 10.8865 9.14455 8.8576 7.69495 10.5909 13.2478 15.6742 9.96595 7.49663 6.56066 7.04483 8.35375 6.47349 6.35966 6.35048 17.8563 6.33734 5.64056 5.58302 5.42648 5.41287 5.40918 5.33987 5.94094 5.72978
threshold=114.50000000000001 14.500000000000002 3.5000000000000004 1.5000000000000002 9.5000000000000018 510.50000000000006 28.500000000000004 27.500000000000004 20.500000000000004 8.5000000000000018 7.5000000000000009 284.50000000000006 6.5000000000000009 54.500000000000007 963.50000000000011 34.500000000000007 3.5000000000000004 1.0000000180025095e-35 7.5000000000000009 4.5000000000000009 1.5000000000000002 14.500000000000002 59.500000000000007 11.500000000000002 19.500000000000004 2.5000000000000004 5.5000000000000009 9.5000000000000018 2.5000000000000004 3.5000000000000004 281.50000000000006 5.5000000000000009 3.5000000000000004 16.500000000000004 9.5000000000000018 43.500000000000007 17.500000000000004 17.500000000000004 6.5000000000000009
decision_type=2 2 2 2 2 2 2 2 2 2 2 2 2 2 2 2 2 2 2 2 2 2 2 2 2 2 2 2 2 2 2 2 2 2 2 2 2 2 2
left_child=22 9 3 6 5 7 15 8 36 10 12 32 17 27 26 23 -13 31 28 20 -20 -21 -1 -3 -25 -26 -10 -11 33 -30 -8 -2 -12 -19 -7 -6 37 -4 -38
right_child=1 2 4 -5 35 34 30 -9 14 13 11 16 -14 -15 -16 -17 -18 18 19 21 -22 -23 -24 24 25 -27 -28 -29 29 -31 -32 -33 -34 -35 -36 -37 38 -39 -40
leaf_value=-0.27274860063819323 0.05917192063074566 0.13721425138530322 -0.0087933266484559788 0.44000626122876035 0.22505483180526578 0.26115263045395337 0.0050707862262306972 -0.30196904523355628 -0.18876296662279823 0.35779308170770646 0.19257417003139712 0.31827849323644491 0.36171820301220503 -0.33984700264067913 0.17035142168735729 0.12802603037475552 -0.0090353742150712044 0.22033330153873582 0.093919588309481952 0.23281710541113482 0.37185875213172276 -0.093455828986057157 -0.10191217160574716 -0.2024917853776694 0.32114913261378669 -0.084288873759116506 0.033597200376830685 0.12647194160731159 -0.18632020485885861 0.046876097052921187 0.33242113913654209 0.47895222985924685 -0.24480954487304465 0.020584718601573456 -0.0033709608506920109 -0.090547034153551337 -0.37203656805191593 -0.23498294227489552 -0.18136022073831171
leaf_weight=29.904657069593668 5.2817414700984937 9.9838105291128141 21.805415492504835 19.607232734560966 28.169729351997375 7.3471536040306082 8.3738613948225993 33.276315923780203 20.773103427141905 19.043657541275024 2.6809541285037986 7.9577667564153662 14.283765286207197 3.4664057716727248 28.327645890414715 22.118635825812817 85.065763838589191 17.247804895043373 59.830753892660141 10.750243939459322 26.218020088970661 36.410162635147572 101.98282157629728 40.560502506792545 5.3599293529987362 25.694241441786289 26.787753589451313 24.87501173466444 46.679381512105465 79.812638938426971 14.441188529133795 6.3108464106917381 37.703874822705984 41.194889448583126 90.391297481954098 5.7930849194526663 23.887332797050476 19.902472130954266 36.496743839234114
leaf_count=452 28 57 124 100 186 50 42 195 115 102 15 43 91 23 149 122 482 91 314 62 137 211 918 214 29 142 170 179 241 420 86 32 337 222 561 43 128 112 217
internal_value=0 0.0126099 -0.0247284 0.0630406 -0.0621427 -0.0878616 0.00403782 -0.136345 -0.105081 0.0474035 0.0336612 -0.0516418 0.0667516 0.185157 0.0237556 -0.0423173 0.0195738 0.0537672 0.0449181 0.109345 0.179255 -0.0184275 -0.140995 -0.0886874 -0.120468 -0.0127389 -0.063898 0.227917 -0.0015552 -0.0393351 0.213337 0.291849 -0.214986 0.0800733 0.0169954 0.171012 -0.200712 -0.117321 -0.257747
internal_weight=0 1013.91 489.097 146.139 342.958 308.995 126.532 211.257 177.98 524.814 477.429 133.408 344.02 47.3851 75.8885 103.717 93.0235 329.736 318.144 133.209 86.0488 47.1604 131.887 81.5985 71.6147 31.0542 47.5609 43.9187 184.935 126.492 22.815 11.5926 40.3848 58.4427 97.7385 33.9628 102.092 41.7079 60.3841
internal_count=7242 5872 2842 792 2050 1821 692 1210 1015 3030 2726 877 1849 304 434 564 525 1758 1698 724 451 273 1370 442 385 171 285 281 974 661 128 60 352 313 611 229 581 236 345
is_linear=0
shrinkage=0.3


Tree=9
num_leaves=40
num_cat=0
split_feature=9 9 4 3 7 0 4 7 7 4 2 7 0 4 0 2 9 0 0 10 9 7 0 0 9 7 1 0 0 0 3 4 9 0 1 7 9 1 0
split_gain=20.7956 13.09 12.3149 8.42347 10.1965 8.48564 8.09026 7.83715 15.2349 5.57478 6.99149 5.05176 4.76692 5.26842 4.79938 4.0933 3.93151 6.35613 3.55986 3.48045 4.72164 4.45717 3.78417 6.0994 8.26488 3.29423 3.2718 3.51349 8.31924 4.36914 3.10317 3.06557 3.04384 2.98128 2.94503 4.86241 4.31188 2.8398 7.98735
threshold=77.500000000000014 383.50000000000006 -69.999999999999986 1.0000000180025095e-35 14.500000000000002 44.500000000000007 13742.500000000002 20.500000000000004 26.500000000000004 1353.5000000000002 1.5000000000000002 12.500000000000002 36.500000000000007 280.50000000000006 11.500000000000002 1.0000000180025095e-35 249.50000000000003 32.500000000000007 15.500000000000002 2.5000000000000004 1451.5000000000002 27.500000000000004 44.500000000000007 36.500000000000007 431.50000000000006 1.0000000180025095e-35 1.0000000180025095e-35 42.500000000000007 58.500000000000007 19.500000000000004 1.0000000180025095e-35 43.500000000000007 341.50000000000006 28.500000000000004 4.5000000000000009 9.5000000000000018 589.50000000000011 2.5000000000000004 30.500000000000004
decision_type=2 2 2 2 2 2 2 2 2 2 2 2 2 2 2 2 2 2 2 2 2 2 2 2 2 2 2 2 2 2 2 2 2 2 2 2 2 2 2
left_child=-1 2 32 5 25 31 15 12 9 10 -9 -7 14 -14 -6 37 -10 -18 -11 20 22 34 23 -17 -25 -5 33 29 -29 -28 -24 -4 -2 -27 -21 -36 -37 38 -3
right_child=1 6 3 4 7 11 -8 8 16 18 -12 -13 13 -15 -16 19 17 -19 -20 21 -22 -23 30 24 -26 26 27 28 -30 -31 -32 -33 -34 -35 35 36 -38 -39 -40
leaf_value=-0.20312569012993129 -0.28952789667747975 0.16533786564006306 -0.34869778520614053 0.1977753427000917 0.032488954259907742 -0.11595322139049116 -0.35234488244118944 -0.064638706357032519 -0.15830699340134755 0.053216281060398905 0.15417438973742437 0.26758487659303676 0.39369773299517102 -0.035088250346741165 -0.1471138662993586 0.02726132172155573 0.078940243473352795 -0.31250296432811503 0.29078644429242445 0.19313281726923118 0.24295270184637871 -0.13487930803159864 -0.0096804524680916566 0.20447040980635819 -0.21124419466801875 0.068293424169349998 0.045577384149709348 0.29423798178427257 -0.2528596617634995 -0.038066920112470266 0.27554457644009089 -0.13545568569957731 0.069858090453613048 0.27330512160474218 0.29478610736364386 -0.22509948076652772 0.087795094120362613 0.18832164784135666 -0.29430265566548719
leaf_weight=44.794990159571171 18.254695683717731 11.553134366869928 6.8711727522313586 10.859858348965643 15.570714101195334 5.1150778159499151 4.3187454491853705 28.101178858429193 41.786558039486408 8.7988564744591731 24.363089699298143 7.2901705577969551 3.1230596117675296 11.45390387624502 92.747733160853386 248.86481666564941 17.775713592767719 4.5167468637228003 16.346416562795639 31.451022118330002 8.6802999824285489 5.997646637260913 5.4541943222284308 5.2652307152748135 20.526300176978111 30.825257241725922 127.72104727476835 10.326944284141062 3.1165341287851325 100.06393491849303 9.0095593333244306 49.118522070348263 2.3201037049293509 7.9339279085397711 5.2455019652843502 6.2241287752985981 10.1799900829792 30.63078261911869 4.5961579903960219
leaf_count=736 171 68 69 61 94 32 23 181 291 50 142 46 19 67 583 1454 101 26 103 189 72 35 36 26 124 187 758 69 18 609 60 339 12 50 33 28 66 188 26
internal_value=0 0.00514862 -0.0214724 -0.0139017 -0.00165256 -0.113088 0.0471847 -0.0442526 0.00384867 0.0931311 0.0371678 0.110095 -0.0996276 0.0607726 -0.121284 0.0516276 -0.10424 -0.0023989 0.208708 0.0406433 0.0274065 0.107034 0.0207753 0.0128393 -0.125478 0.0371044 0.0307388 0.0176957 0.1656 0.00883204 0.169293 -0.162748 -0.248726 0.11142 0.134752 0.0489719 -0.0321779 0.134912 0.0325664
internal_weight=0 1052.4 644.401 623.826 555.431 68.3949 407.998 264.584 141.689 77.6095 52.4643 12.4052 122.895 14.577 108.318 403.679 64.079 22.2925 25.1453 356.899 297.8 59.0983 289.12 274.656 25.7915 290.848 279.988 241.228 13.4435 227.785 14.4638 55.9897 20.5748 38.7592 53.1006 21.6496 16.4041 46.7801 16.1493
internal_count=7242 6506 4078 3895 3409 486 2428 1657 894 476 323 78 763 86 677 2405 418 127 153 2123 1772 351 1700 1604 150 1752 1691 1454 87 1367 96 408 183 237 316 127 94 282 94
is_linear=0
shrinkage=0.3


Tree=10
num_leaves=40
num_cat=0
split_feature=9 10 9 0 1 10 4 4 1 0 0 1 4 4 7 0 5 9 7 9 7 0 5 4 4 0 7 0 2 5 7 7 4 7 10 0 7 7 7
split_gain=17.0422 12.6615 9.47843 13.6774 7.59071 6.73037 6.07636 5.26159 4.79935 5.82138 4.77902 4.72908 7.32361 9.37036 7.03529 4.33258 5.80675 4.26554 6.6469 4.44742 4.26127 4.2607 3.89356 3.81846 5.37695 3.86345 3.37286 3.17218 3.67899 3.06655 3.00523 5.36617 5.15319 3.81342 3.38375 3.58946 3.3481 2.95682 7.23716
threshold=187.50000000000003 2.5000000000000004 797.50000000000011 42.500000000000007 7.5000000000000009 1.0000000180025095e-35 9434.0000000000018 -1.0000000180025095e-35 8.5000000000000018 33.500000000000007 7.5000000000000009 1.0000000180025095e-35 1759.5000000000002 1003.5000000000001 22.500000000000004 16.500000000000004 1.0000000180025095e-35 344.50000000000006 26.500000000000004 290.50000000000006 17.500000000000004 6.5000000000000009 1.0000000180025095e-35 13742.500000000002 7169.5000000000009 29.500000000000004 12.500000000000002 22.500000000000004 1.0000000180025095e-35 1.0000000180025095e-35 14.500000000000002 7.5000000000000009 2209.5000000000005 1.5000000000000002 1.0000000180025095e-35 38.500000000000007 26.500000000000004 20.500000000000004 26.500000000000004
decision_type=2 2 2 2 2 2 2 2 2 2 2 2 2 2 2 2 2 2 2 2 2 2 2 2 2 2 2 2 2 2 2 2 2 2 2 2 2 2 2
left_child=1 6 3 4 11 15 7 -1 -7 17 -3 12 13 14 20 16 -6 19 -19 -10 -2 -13 30 24 25 -23 -8 -17 -29 -15 31 32 33 -9 -32 36 -36 -24 -39
right_child=2 10 -4 -5 5 8 26 22 9 -11 -12 21 -14 29 -16 27 -18 18 -20 -21 -22 23 37 -25 -26 -27 -28 28 -30 -31 34 -33 -34 -35 35 -37 -38 38 -40
leaf_value=-0.25376267014526022 0.040072645059080911 0.15158204298929229 0.11708602059409276 0.19842743774967223 0.14909694262492529 0.18039888761625825 0.43329355503682349 -0.29766551612142034 -0.054472872137001353 0.18422227922174475 -0.22712274346912892 0.23233806075427976 0.24572502001092428 -0.071944270295964299 0.26323411144793335 0.33225615000689918 -0.10414806070761724 0.064398374973595574 -0.32549018825889497 -0.29057969506106118 -0.21720907484067345 -0.014791946678639168 -0.106062691072265 -0.27234619173479963 0.1874443412767163 -0.083303147113651083 0.013414262198561896 0.38816327041720411 0.07848873587833162 -0.44036283399872789 0.022530562016525035 0.13007684673867045 0.17538322045586899 -0.035267642556544555 -0.087429470058546108 0.12671213086160116 -0.31478019725676176 0.18937021725005562 -0.18816190029254887
leaf_weight=9.6016269829124195 36.305132310837507 3.0907385163009158 93.096657823771238 34.568288240581751 22.13365413993597 12.791512250900267 3.6603562310338011 5.9524598605930796 26.312106229364872 11.288949087262152 43.010047132149339 5.4197598472237578 14.343073196709154 3.6573969274759275 11.322288788855074 11.868531495332716 12.66034000366926 36.092569328844547 4.2192713171243659 9.7460270971059781 6.691462591290473 278.36638792231679 71.2611711807549 5.6145488992333403 10.030483916401861 100.80458948761225 3.1343298703432083 4.118369027972224 18.121932227164507 4.6514288634061813 35.164008218795061 34.167299315333366 8.48429913446307 26.721620664000511 22.962526749819521 4.884191431105136 7.7399949990212908 10.532805910333993 7.7687926758080712
leaf_count=131 198 19 811 275 148 80 20 34 146 62 572 33 81 22 64 69 71 182 22 50 36 1565 750 28 55 547 27 24 104 23 226 216 47 153 159 32 66 88 91
internal_value=0 -0.0569868 0.0274042 0.0151165 0.00525871 0.0597856 -0.0304727 -0.0383055 0.0101912 -0.0149924 -0.2012 -0.0141086 0.0539034 0.00934409 0.0550064 0.131854 0.0568827 -0.0448354 0.0222162 -0.119512 -0.000769573 -0.0272082 -0.0293231 -0.0308843 -0.027266 -0.0330396 0.2454 0.20757 0.138716 -0.283574 0.000891799 0.0425411 -0.0303974 -0.0845568 -0.0434457 -0.108405 -0.146373 -0.078498 0.0288177
internal_weight=0 298.136 774.225 681.128 646.56 169.353 252.035 245.241 100.45 87.6589 46.1008 477.207 76.9708 62.6277 54.3189 68.9028 34.794 76.37 40.3118 36.0581 42.9966 400.236 235.639 394.816 389.201 379.171 6.79469 34.1088 22.2403 8.30883 146.076 75.3257 41.1584 32.6741 70.7507 35.5867 30.7025 89.5628 18.3016
internal_count=7327 2631 4696 3885 3610 958 2040 1993 542 462 591 2652 424 343 298 416 219 400 204 196 234 2228 1862 2195 2167 2112 47 197 128 45 933 450 234 187 483 257 225 929 179
is_linear=0
shrinkage=0.3


Tree=11
num_leaves=40
num_cat=0
split_feature=9 9 8 0 9 3 8 7 7 8 8 7 0 1 9 9 8 9 0 7 7 8 8 8 7 8 7 8 8 9 8 9 9 1 9 7 3 8 8
split_gain=10.1152 5.92978 7.29459 7.70378 5.90927 5.4413 5.18228 16.7116 8.78651 35.58 12.5885 6.75787 6.53675 6.36422 6.13865 6.94286 7.77135 7.52928 5.83499 5.17023 5.14705 13.4431 8.3055 4.46473 8.41686 26.8181 5.05407 9.39225 5.60179 4.1678 4.97199 5.6976 3.87299 6.13067 3.84392 3.61209 3.41911 3.35738 3.1698
threshold=142.50000000000003 797.50000000000011 9.5000000000000018 42.500000000000007 162.50000000000003 1.5000000000000002 3.5000000000000004 3.5000000000000004 5.5000000000000009 1.5000000000000002 2.5000000000000004 28.500000000000004 21.500000000000004 6.5000000000000009 471.50000000000006 732.50000000000011 7.5000000000000009 654.50000000000011 16.500000000000004 2.5000000000000004 26.500000000000004 4.5000000000000009 4.5000000000000009 3.5000000000000004 6.5000000000000009 1.5000000000000002 13.500000000000002 8.5000000000000018 7.5000000000000009 108.50000000000001 5.5000000000000009 88.500000000000014 129.50000000000003 1.0000000180025095e-35 243.50000000000003 8.5000000000000018 2.5000000000000004 6.5000000000000009 9.5000000000000018
decision_type=2 2 2 2 2 2 2 2 2 2 2 2 2 2 2 2 2 2 2 2 2 2 2 2 2 2 2 2 2 2 2 2 2 2 2 2 2 2 2
left_child=5 2 3 6 -5 23 8 12 10 11 18 -10 13 -8 20 17 -17 -16 -2 -4 21 -9 -22 24 -1 -26 27 28 29 30 -25 -32 33 -7 -13 -11 -35 -34 -28
right_child=1 -3 19 4 -6 32 7 14 9 35 -12 34 -14 -15 15 16 -18 -19 -20 -21 22 -23 -24 26 25 -27 38 -29 -30 -31 31 -33 37 36 -36 -37 -38 -39 -40
leaf_value=-0.23431979631790772 0.28830544453238988 0.090956055543726502 -0.1773068490558361 -0.17434027611272046 0.19891617482047041 0.36373997836510091 -0.059228425761422163 0.39525595907307914 -0.015529127821506212 0.15394389505730349 -0.18334621762877262 -0.052571083766281647 0.26481019355886598 0.22109521482275721 -0.0039375521240568832 -0.45003342832336529 -0.0093765305665144214 0.18735697378016125 -0.00712265618816596 0.15840835855674276 -0.35757528829926094 -0.063751725526560915 -0.06927616558861345 0.51949035467452132 -0.096444116450887407 0.65702685501190872 -0.2590630218608998 0.31744568162707409 -0.31452856572711402 -0.20087762448897664 -0.27900371401693286 0.28186631235999943 0.27710105630898185 -0.031192569717722135 0.27524723291667913 0.42715949922785557 -0.27087827428952743 -0.026120671656147121 0.028978280840890044
leaf_weight=11.117317505180834 8.5308903828263301 85.436659891158342 4.4311995990574351 4.2930407375097301 26.732568807899952 3.0924304090440264 19.037012711167339 5.6911284998059264 137.48256919905543 5.7716238647699383 35.869242303073406 4.3142130374908474 20.910742722451687 11.556268975138662 89.057922005653381 5.6908945664763424 9.3032083436846733 23.181012384593487 19.350017249584198 40.609989147633314 13.590589225292204 238.67670621350408 26.233848974108696 1.9210222288966194 17.977008661255244 5.358082238584756 32.682356899604201 4.7376755848526946 9.4077743645757437 6.1165670529007921 3.2396189421415329 2.9069955684244633 7.3697893880307657 47.488195540383458 11.872960545122622 22.29301181435585 5.8533554952591649 5.7555753141641617 3.7986175268888465
leaf_count=82 46 811 39 22 228 26 100 31 712 31 173 22 111 66 419 36 60 145 96 324 77 1532 175 25 188 37 516 29 181 47 49 26 43 488 83 126 63 42 20
internal_value=0 0.0159959 0.00781152 0.00065698 0.1465 -0.0642071 -0.005769 -0.0244509 0.0294523 0.0630546 -0.0662387 0.00615289 0.136332 0.0473923 -0.0446336 0.0101246 -0.180265 0.0358281 0.0846496 0.124757 -0.069139 -0.0527543 -0.168928 -0.109223 -0.0217787 0.080586 -0.155501 -0.0598363 -0.137588 -0.0175491 0.122908 -0.0132324 0.000157476 -0.0340799 0.188292 0.372425 -0.0583874 0.145704 -0.229076
internal_weight=0 869.917 784.481 739.439 31.0256 168.822 708.414 462.929 245.485 181.734 63.7501 153.67 51.504 30.5933 411.425 127.233 14.9941 112.239 27.8809 45.0412 284.192 244.368 39.8244 99.263 34.4524 23.3351 64.8106 28.3297 23.592 14.1842 8.06764 6.14661 69.5593 56.434 16.1872 28.0646 53.3416 13.1254 36.481
internal_count=7327 5465 4654 4291 250 1862 4041 2752 1289 974 315 817 277 166 2475 660 96 564 142 363 1815 1563 252 1200 307 225 893 357 328 147 100 75 662 577 105 157 551 85 536
is_linear=0
shrinkage=0.3


Tree=12
num_leaves=40
num_cat=0
split_feature=9 7 8 8 8 8 7 9 9 9 9 8 8 9 7 7 3 7 4 1 7 8 8 5 7 8 7 9 9 9 9 1 9 8 1 7 8 7 4
split_gain=9.69166 4.27194 11.1665 15.1211 9.92145 29.1414 8.51031 8.34292 7.13964 6.41507 6.30178 5.96821 11.0308 8.65834 5.78618 5.89706 4.9597 5.64266 5.60536 3.99406 3.89625 8.97703 3.64503 3.63798 3.60999 11.2427 7.28307 6.4504 5.12258 4.92005 3.40681 3.38405 3.356 3.34163 9.23751 8.18793 16.208 11.9852 9.02191
threshold=59.500000000000007 12.500000000000002 8.5000000000000018 9.5000000000000018 3.5000000000000004 1.5000000000000002 28.500000000000004 112.50000000000001 131.50000000000003 233.50000000000003 543.50000000000011 7.5000000000000009 6.5000000000000009 192.50000000000003 10.500000000000002 3.5000000000000004 1.5000000000000002 1.0000000180025095e-35 4180.0000000000009 9.5000000000000018 20.500000000000004 6.5000000000000009 1.0000000180025095e-35 1.0000000180025095e-35 16.500000000000004 1.0000000180025095e-35 19.500000000000004 359.50000000000006 604.50000000000011 838.50000000000011 264.50000000000006 1.5000000000000002 178.50000000000003 5.5000000000000009 7.5000000000000009 19.500000000000004 6.5000000000000009 16.500000000000004 -221.49999999999997
decision_type=2 2 2 2 2 2 2 2 2 2 2 2 2 2 2 2 2 2 2 2 2 2 2 2 2 2 2 2 2 2 2 2 2 2 2 2 2 2 2
left_child=-1 2 10 9 5 6 19 -7 20 -4 11 12 16 -13 15 -15 17 -2 -19 24 31 -22 -18 -17 28 26 -26 -27 -3 -30 -24 -6 -5 34 -10 37 -37 -35 -38
right_child=1 4 3 32 8 7 -8 -9 33 -11 -12 13 -14 14 -16 23 22 18 -20 -21 21 -23 30 -25 25 27 -28 -29 29 -31 -32 -33 -34 35 -36 36 38 -39 -40
leaf_value=-0.23539220073229727 0.29342135358697702 -0.06443779159313022 0.55734461993045026 -0.16474998583775485 -0.058498066770803284 0.83950890352216123 0.18311208534086446 0.29277894483133032 -0.12297289442114742 0.15809203456668594 0.080123153133610694 -0.28970394569806185 0.29957125176448052 0.18958929278093387 0.12050725058575054 0.06186503326989358 0.25140459839297191 -0.034334756736549774 -0.25715626576864226 0.24262708512263836 -0.2770843399992769 0.11728825789395617 0.079826695365094361 -0.2204478139350298 -0.026563050924341015 -0.1552748028406791 0.29006917305434154 0.057983858540160915 -0.52025562391395364 -0.0071004973262987119 -0.037111886974142375 -0.31541912357048218 0.090867357836473997 0.028166267940148884 0.10492172834051905 0.42450816015584131 -0.46333147059792523 -0.14500908626230957 0.03375205580006687
leaf_weight=15.825154412537811 4.1893566213548175 29.218415282666683 9.3603070788085443 6.2484131380915668 6.5474137384444502 2.8460113853216198 18.753923680633307 17.864388089627028 77.667764026671648 6.1644654162228099 83.686056956648827 15.384044449776409 10.959815666079519 4.9163829088211086 15.082451701164244 5.046819023787978 7.0169570520520201 125.58758088573813 10.871099106967447 4.3759774081408969 9.3381634503602999 11.241989446803926 52.116972625255585 20.279149547219276 11.506371378898622 37.736298184841871 14.854141447693108 19.111893430352211 4.695024073123931 2.5710772536695004 39.084780625998974 16.312054207548499 16.17217779904604 73.157786522060633 19.989446148276329 9.4352418556809408 3.215075869113206 70.457411974668503 89.973817126825452
leaf_count=456 24 156 53 33 94 15 138 125 507 48 633 234 83 30 94 25 38 739 58 25 137 106 301 154 75 289 91 111 27 25 197 208 146 508 131 52 26 478 634
internal_value=0 -0.00016351 0.0221589 0.177159 -0.0176775 0.0442495 -0.00416755 0.375059 -0.0438322 0.40275 0.00715907 -0.012542 0.0079804 -0.0967496 -0.0302943 -0.105793 -0.00563261 -0.041734 -0.0524286 -0.0327198 -0.158162 -0.0625804 0.0460444 -0.164147 -0.0431657 -0.00858146 0.152681 -0.083626 -0.121574 -0.343622 0.0297401 -0.242952 0.0188207 -0.0293089 -0.0762087 -0.010663 0.0539926 -0.056875 0.0156681
internal_weight=0 983.037 432.167 37.9454 550.87 163.534 142.823 20.7104 387.336 15.5248 394.221 310.535 249.827 60.7088 45.3248 30.2424 238.867 140.648 136.459 124.069 43.4396 20.5802 98.2187 25.326 119.693 83.2087 26.3605 56.8482 36.4845 7.2661 91.2018 22.8595 22.4206 343.897 97.6572 246.239 102.624 143.615 93.1889
internal_count=7304 6848 2890 280 3958 1077 937 140 2881 101 2610 1977 1440 537 303 209 1357 821 797 799 545 243 536 179 774 566 166 400 208 52 498 302 179 2336 638 1698 712 986 660
is_linear=0
shrinkage=0.3


Tree=13
num_leaves=40
num_cat=0
split_feature=9 10 7 8 8 5 7 9 0 8 0 0 9 9 8 9 9 7 1 7 7 8 8 9 9 0 7 7 0 9 8 9 9 10 0 7 7 1 7
split_gain=6.48773 4.19556 8.31391 18.7357 10.8803 9.60886 6.39789 5.92538 9.03156 5.82975 5.78065 5.1021 5.0901 4.36016 4.24365 4.14902 5.05565 4.03077 6.04782 3.93517 3.92336 4.18222 6.46345 5.10893 3.83442 9.10638 4.41542 7.14723 6.82205 4.94471 4.79663 3.96009 3.46311 3.38687 3.35819 5.42089 3.5355 3.17216 6.75941
threshold=59.500000000000007 1.0000000180025095e-35 7.5000000000000009 3.5000000000000004 1.0000000180025095e-35 1.0000000180025095e-35 12.500000000000002 152.50000000000003 7.5000000000000009 5.5000000000000009 10.500000000000002 47.500000000000007 465.50000000000006 624.50000000000011 1.0000000180025095e-35 1194.0000000000002 1057.5000000000002 23.500000000000004 1.0000000180025095e-35 25.500000000000004 12.500000000000002 8.5000000000000018 9.5000000000000018 583.50000000000011 416.50000000000006 8.5000000000000018 4.5000000000000009 2.5000000000000004 6.5000000000000009 133.50000000000003 1.5000000000000002 122.50000000000001 933.50000000000011 2.5000000000000004 14.500000000000002 19.500000000000004 13.500000000000002 8.5000000000000018 3.5000000000000004
decision_type=2 2 2 2 2 2 2 2 2 2 2 2 2 2 2 2 2 2 2 2 2 2 2 2 2 2 2 2 2 2 2 2 2 2 2 2 2 2 2
left_child=-1 2 37 4 34 11 15 8 -8 12 -11 -6 -5 -14 -10 16 24 -9 -19 -20 21 23 -23 -12 26 -26 27 29 -28 -3 -30 -29 -21 -27 -4 36 -36 -2 -39
right_child=1 6 3 9 5 -7 7 17 14 10 20 -13 13 -15 -16 -17 -18 18 19 32 -22 22 -24 -25 25 33 28 31 30 -31 -32 -33 -34 -35 35 -37 -38 38 -40
leaf_value=-0.21379717345179994 -0.067724734641242929 -0.34115428174635615 -0.074709137425272923 -0.15844908339157041 0.2318811801320296 0.50949396702243088 0.39045651883789706 -0.053861093018735436 0.082084776941426074 0.1777736707271162 -0.04332524852753538 -0.16118400926322521 0.24895613458792981 -0.082890039434126692 -0.20269273425058856 0.27143771991202292 -0.30821919164579364 0.25200755462905322 0.13322277726917486 -0.058050510946850035 -0.017089878324590663 0.42595296896240009 -0.10286189063433761 0.26792964962035803 -0.32842028544776941 0.075334998685935031 0.34081127820716262 0.41676209886463728 -0.15196112535668135 0.0095831548126099602 -0.0089388362123058573 0.11663412633046216 0.20716566499154049 0.25077421218326712 0.22447643931376349 0.28476845634599812 -0.056870348041294053 0.19174515876441747 -0.10276363554132265
leaf_weight=12.74222063180059 98.505280926823616 4.1048975512385395 11.288145273923872 31.509125040844083 24.907623901963238 11.76400165632367 2.5458326786756507 172.00539305619895 5.1979324594140044 20.431430688127875 19.298661351203922 3.2317194975912562 5.9390276893973342 8.338818743824957 41.802497699856758 5.6009634733200064 4.0949569381773463 9.2782112769782525 15.153564631938933 55.288718637079 119.91407728008926 6.5703970659524185 2.9093822166323662 6.0817213617265216 4.3506538122892371 47.766245115548372 3.7620718553662291 4.7266781236976412 33.252568297088146 22.721630312502384 57.258342351764441 21.76879920810461 4.6246011927723876 12.411934334784744 5.3676363825798097 10.772977028042076 14.309237550944088 14.046805657446386 13.642952155321835
leaf_count=456 667 32 81 221 173 62 15 1133 38 155 144 27 30 61 583 64 45 64 99 365 860 41 26 47 30 298 26 42 189 126 461 124 44 87 29 85 78 94 102
internal_value=0 7.55826e-05 0.0221106 0.0490761 0.171699 0.283346 -0.0178319 -0.0459487 -0.140718 0.00366377 0.0285867 0.185938 -0.0914206 0.0566436 -0.170989 0.0209483 0.0142202 -0.0275387 0.0261411 -0.00235807 0.00869333 0.0969846 0.264859 0.0327367 0.0207229 0.081604 -0.0059672 0.0628895 -0.044963 -0.0461657 -0.0616977 0.172837 -0.0369716 0.112215 0.0641362 0.115756 0.0213315 -0.0425323 0.0469354
internal_weight=0 956.546 428.829 302.634 81.6413 39.9033 527.716 305.897 49.5463 220.993 175.206 28.1393 45.787 14.2778 47.0004 221.82 216.219 256.35 84.3451 75.0669 154.774 34.8602 9.47978 25.3804 212.124 64.5288 147.595 53.322 94.273 26.8265 90.5109 26.4955 59.9133 60.1782 41.738 30.4499 19.6769 126.195 27.6898
internal_count=7304 6848 2983 2120 535 262 3865 2341 636 1585 1273 200 312 91 621 1524 1460 1705 572 508 1118 258 67 191 1415 415 1000 324 676 158 650 166 409 385 273 192 107 863 196
is_linear=0
shrinkage=0.3


Tree=14
num_leaves=40
num_cat=0
split_feature=8 8 8 4 9 0 10 9 1 2 0 1 0 8 9 4 9 0 4 8 0 9 9 10 8 9 9 4 9 2 1 9 8 1 10 1 4 4 0
split_gain=6.048 15.4032 4.67115 4.65906 4.6355 4.60642 6.55013 3.78787 3.70622 3.66802 4.46575 3.75219 3.63197 3.31315 3.04427 4.26622 3.04063 2.92418 2.98847 5.40543 8.48114 4.68116 4.6589 4.04667 3.43628 2.96989 6.79566 6.45086 2.84247 2.75552 3.19419 5.04423 4.39977 5.00775 4.66944 4.17789 3.98642 3.6336 3.06184
threshold=7.5000000000000009 6.5000000000000009 9.5000000000000018 2636.0000000000005 281.50000000000006 7.5000000000000009 1.5000000000000002 126.50000000000001 2.5000000000000004 1.0000000180025095e-35 41.500000000000007 9.5000000000000018 18.500000000000004 5.5000000000000009 142.50000000000003 8907.5000000000018 168.50000000000003 41.500000000000007 947.50000000000011 5.5000000000000009 17.500000000000004 958.50000000000011 577.50000000000011 1.0000000180025095e-35 4.5000000000000009 485.50000000000006 715.50000000000011 3962.0000000000005 1407.5000000000002 1.0000000180025095e-35 6.5000000000000009 174.50000000000003 10.500000000000002 4.5000000000000009 1.0000000180025095e-35 1.5000000000000002 1509.5000000000002 558.50000000000011 23.500000000000004
decision_type=2 2 2 2 2 2 2 2 2 2 2 2 2 2 2 2 2 2 2 2 2 2 2 2 2 2 2 2 2 2 2 2 2 2 2 2 2 2 2
left_child=1 5 4 -3 8 6 13 -7 12 -10 11 14 -2 16 15 -11 -1 18 19 21 -21 22 -9 -22 -20 27 -27 -26 -23 -4 32 -32 33 35 -34 -31 -35 -37 -39
right_child=2 3 29 -5 -6 7 -8 17 9 10 -12 -13 -14 -15 -16 -17 -18 -19 24 20 23 28 -24 -25 25 26 -28 -29 -30 30 31 -33 34 36 -36 37 -38 38 -40
leaf_value=-0.068470919054186091 -0.071861009631693812 0.32845034353105107 0.21588521126177118 0.034552777193855244 -0.013809020886315623 -0.062248463362314835 0.40232849203574766 -0.01913545678794807 -0.26056577222706057 -0.20165069552499809 0.34205029125333503 0.30068132098099937 -0.25634589375552957 -0.1843412473971662 -0.012951881046274151 0.37773899044159592 0.22380711350352303 0.097518712593567952 0.075139463431990711 0.23619682312799117 -0.15116234122052835 0.19445000620661568 -0.13193364508906438 0.070873130717177643 0.0037158957885299955 0.26874784159731357 -0.073213055479162459 -0.25947447824085662 -0.11469013795728067 -0.24055481093596193 -0.093153906710776363 0.25605396072957254 -0.047563937261789639 -0.11520349929747686 0.28491595192880914 0.31551975242624319 -0.6037967180834245 -0.26475252866414672 0.15672399184184943
leaf_weight=4.9193209744989934 18.988255051895976 18.463522970676426 7.5807144083082667 6.628861140459775 181.2086024787277 62.795596399344504 6.1679611187428227 182.11639246530831 6.5113202584907404 16.564157629385594 2.6269219089299432 2.5143632367253295 19.684616590850055 4.0904640443623057 37.983473751693964 1.049755485728382 8.6055163927376253 36.343066515401006 103.78690236993134 19.065381422638893 12.128782268613579 12.368098501116036 40.066695146262646 18.254607401788235 45.334478311240673 9.6694107167422789 10.995015341788529 10.085490614175795 3.2608833722770205 4.8362331613898286 5.597600311040881 10.449300430715082 8.72528527677059 3.444891143590211 6.4784152917563906 3.815032821148634 2.6414279155433178 2.8885933086276054 2.9381388910114765
leaf_count=28 262 131 58 53 1139 921 44 1054 88 310 17 24 320 27 305 15 72 269 631 114 76 121 262 121 227 55 96 51 35 38 30 104 81 27 53 29 22 25 24
internal_value=0 0.0223985 -0.0271444 0.251677 -0.0429852 0.0125682 0.14136 0.00711202 -0.0927813 -0.0499817 -0.0266429 -0.0444007 -0.166582 0.046569 -0.0610059 -0.163352 0.118038 0.0157838 0.00938661 -0.00960135 0.0804526 -0.0283772 -0.0395747 -0.0181613 0.0396886 -0.00873874 0.0878184 -0.0449241 0.12933 0.0493233 0.0242347 0.134586 -0.0257356 -0.11574 0.0959272 -0.0184285 -0.339444 0.0955551 -0.0540343
internal_weight=0 615.146 346.527 25.0924 287.131 590.054 23.7833 566.271 105.923 67.25 60.7387 58.1118 38.6729 17.6153 55.5974 17.6139 13.5248 503.475 467.132 287.261 49.4488 237.812 222.183 30.3834 179.871 76.0844 20.6644 55.42 15.629 59.3956 51.8149 16.0469 35.768 20.5643 15.2037 14.478 6.08632 9.64177 5.82673
internal_count=7359 4388 2971 184 2480 4204 171 4033 1341 759 671 654 582 127 630 325 100 3112 2843 1783 311 1472 1316 197 1060 429 151 278 156 491 433 134 299 165 134 116 49 78 49
is_linear=0
shrinkage=0.3


end of trees

feature_importances:
Column_8=126
Column_9=109
Column_0=79
Column_4=75
Column_7=73
Column_1=39
Column_10=26
Column_3=20
Column_5=19
Column_2=14
Column_6=5

parameters:
[boosting: gbdt]
[objective: binary]
[metric: auc,l2]
[tree_learner: serial]
[device_type: cpu]
[linear_tree: 0]
[data: ]
[valid: ]
[num_iterations: 200]
[learning_rate: 0.3]
[num_leaves: 40]
[num_threads: -1]
[deterministic: 0]
[force_col_wise: 0]
[force_row_wise: 0]
[histogram_pool_size: -1]
[max_depth: 9]
[min_data_in_leaf: 20]
[min_sum_hessian_in_leaf: 0.001]
[bagging_fraction: 0.819783]
[pos_bagging_fraction: 1]
[neg_bagging_fraction: 1]
[bagging_freq: 2]
[bagging_seed: 3]
[feature_fraction: 0.733566]
[feature_fraction_bynode: 1]
[feature_fraction_seed: 2]
[extra_trees: 0]
[extra_seed: 6]
[early_stopping_round: 2]
[first_metric_only: 0]
[max_delta_step: 0]
[lambda_l1: 0]
[lambda_l2: 0.195532]
[linear_lambda: 0]
[min_gain_to_split: 0]
[drop_rate: 0.1]
[max_drop: 50]
[skip_drop: 0.5]
[xgboost_dart_mode: 0]
[uniform_drop: 0]
[drop_seed: 4]
[top_rate: 0.2]
[other_rate: 0.1]
[min_data_per_group: 100]
[max_cat_threshold: 32]
[cat_l2: 10]
[cat_smooth: 10]
[max_cat_to_onehot: 4]
[top_k: 20]
[monotone_constraints: ]
[monotone_constraints_method: basic]
[monotone_penalty: 0]
[feature_contri: ]
[forcedsplits_filename: ]
[refit_decay_rate: 0.9]
[cegb_tradeoff: 1]
[cegb_penalty_split: 0]
[cegb_penalty_feature_lazy: ]
[cegb_penalty_feature_coupled: ]
[path_smooth: 0]
[interaction_constraints: ]
[verbosity: -1]
[saved_feature_importance_type: 0]
[max_bin: 255]
[max_bin_by_feature: ]
[min_data_in_bin: 3]
[bin_construct_sample_cnt: 200000]
[data_random_seed: 1]
[is_enable_sparse: 1]
[enable_bundle: 1]
[use_missing: 1]
[zero_as_missing: 0]
[feature_pre_filter: 1]
[pre_partition: 0]
[two_round: 0]
[header: 0]
[label_column: ]
[weight_column: ]
[group_column: ]
[ignore_column: ]
[categorical_feature: ]
[forcedbins_filename: ]
[objective_seed: 5]
[num_class: 1]
[is_unbalance: 0]
[scale_pos_weight: 1]
[sigmoid: 1]
[boost_from_average: 1]
[reg_sqrt: 0]
[alpha: 0.9]
[fair_c: 1]
[poisson_max_delta_step: 0.7]
[tweedie_variance_power: 1.5]
[lambdarank_truncation_level: 30]
[lambdarank_norm: 1]
[label_gain: ]
[eval_at: ]
[multi_error_top_k: 1]
[auc_mu_weights: ]
[num_machines: 1]
[local_listen_port: 12400]
[time_out: 120]
[machine_list_filename: ]
[machines: ]
[gpu_platform_id: -1]
[gpu_device_id: -1]
[gpu_use_dp: 0]
[num_gpu: 1]

end of parameters

pandas_categorical:null
