tree
version=v3
num_class=1
num_tree_per_iteration=1
label_index=0
max_feature_idx=79
objective=binary sigmoid:1
feature_names=Column_0 Column_1 Column_2 Column_3 Column_4 Column_5 Column_6 Column_7 Column_8 Column_9 Column_10 Column_11 Column_12 Column_13 Column_14 Column_15 Column_16 Column_17 Column_18 Column_19 Column_20 Column_21 Column_22 Column_23 Column_24 Column_25 Column_26 Column_27 Column_28 Column_29 Column_30 Column_31 Column_32 Column_33 Column_34 Column_35 Column_36 Column_37 Column_38 Column_39 Column_40 Column_41 Column_42 Column_43 Column_44 Column_45 Column_46 Column_47 Column_48 Column_49 Column_50 Column_51 Column_52 Column_53 Column_54 Column_55 Column_56 Column_57 Column_58 Column_59 Column_60 Column_61 Column_62 Column_63 Column_64 Column_65 Column_66 Column_67 Column_68 Column_69 Column_70 Column_71 Column_72 Column_73 Column_74 Column_75 Column_76 Column_77 Column_78 Column_79
feature_infos=[0:75] [-6847:81204] [0:2] [0:11] [0:3] [0:1] [0:1] [0:11] [0:30] [0:35] [3:3881] [0:1] [-627:81204] [740:3881] [-627:5250.75] [370.59561128526644:740] [-6847:-627] [3:740] [-627:14524832] [0.0002576655501159495:0.33333333333333331] [-44.857142857142854:2131] none [0:1] [0:1] none none none [0:1] none [0:1] [0:1] none none [0:1] [0:1] [0:1] [0:1] [0:1] [0:1] [0:1] none [0:1] [0:1] [0:1] [0:1] [0:1] [0:1] none [0:1] [0:1] [0:1] [0:1] [0:1] [0:1] none none none [0:1] [0:1] [0:1] [0:1] [0:1] [0:1] [0:1] [0:1] [0:1] [0:1] [0:1] [0:1] [0:1] [0:1] [0:1] [0:1] [0:1] [0:1] [0:3176] [-1410482:73437504] [0:1] [8.9589679268948217e-05:0.99995520516036551] [0.00017917935853789643:1]
tree_sizes=3249 3250 3247 3251 3281 3258 3266 3262 3285 3281 3307 3281

Tree=0
num_leaves=30
num_cat=0
split_feature=10 10 5 7 19 7 76 7 10 10 5 5 19 0 0 7 7 7 7 5 8 8 76 3 7 0 1 44 8
split_gain=1288.74 351.32 267.408 243.177 125.722 90.1384 60.1365 53.0579 47.1636 46.0943 37.2964 35.6179 31.7306 31.2364 26.0712 24.0917 32.6983 23.0836 21.7378 21.0518 20.7028 26.3403 20.3398 19.402 19.3484 18.3766 16.7664 16.3132 13.7418
threshold=205.50000000000003 447.50000000000006 1.0000000180025095e-35 3.5000000000000004 0.0087337909992372242 3.5000000000000004 86719.000000000015 1.0000000180025095e-35 134.50000000000003 651.50000000000011 1.0000000180025095e-35 1.0000000180025095e-35 0.012903762903762906 15.500000000000002 42.500000000000007 8.5000000000000018 4.5000000000000009 2.5000000000000004 8.5000000000000018 1.0000000180025095e-35 16.500000000000004 6.5000000000000009 198089.50000000003 4.5000000000000009 8.5000000000000018 10.500000000000002 974.50000000000011 1.0000000180025095e-35 26.500000000000004
decision_type=2 2 2 2 2 2 2 2 2 2 2 2 2 2 2 2 2 2 2 2 2 2 2 2 2 2 2 2 2
left_child=3 2 7 8 11 6 -4 -2 -1 19 17 27 18 -8 -15 16 -13 -10 -6 -3 21 -18 25 26 28 -12 -9 -5 -7
right_child=1 9 5 4 12 24 13 23 10 -11 22 15 -14 14 -16 -17 20 -19 -20 -21 -22 -23 -24 -25 -26 -27 -28 -29 -30
leaf_value=0.46457136172673413 0.36625731934321948 -0.0044519522975876163 0.24336250863897219 0.29799119930892914 0.31044126550087114 -0.10880211572413871 -0.18533089482036802 0.19103866391896362 0.44407737474846987 -0.20024679778111604 -0.023073616152431406 -0.24859876452704138 0.4523957571603679 0.10738441146995853 -0.23855136654838394 -0.16082515007079468 0.20334495523822796 0.070313730040790917 0.036845883649495773 -0.13577544068567182 0.28825014188148163 -0.15483840905512186 0.079241342112262081 0.28766037915409409 -0.22437565898541473 0.33520101068945424 0.014806503646304647 0.056237931060043947 0.10951130854152077
leaf_weight=278.53204983472824 95.667537689208984 95.418403476476669 55.058661013841629 23.916884422302246 36.373595058917999 82.463424414396286 29.646971315145493 50.075976759195328 85.951303392648697 288.24828413128853 5.9792211055755606 11.211039572954176 47.086366206407547 61.287016332149506 9.4671000838279706 34.131387144327164 15.944589614868166 6.9757579565048209 16.442858040332794 104.88550356030464 17.937663316726685 15.695455402135847 24.913421273231506 37.120997697114944 63.280090034008026 49.577708333730698 36.871863484382629 19.930737018585205 13.453247487545012
leaf_count=1118 384 383 221 96 146 331 119 201 345 1157 24 45 189 246 38 137 64 28 66 421 72 63 100 149 254 199 148 80 54
internal_value=0.117833 -0.0263217 0.0858328 0.32713 0.163629 -0.0322591 0.0763873 0.254877 0.413272 -0.148778 0.329806 0.0405547 0.333931 -0.0154151 0.0580566 -0.0279736 0.0489445 0.415874 0.22532 -0.0738614 0.120397 0.0236055 0.2287 0.16808 -0.137709 0.295368 0.116078 0.188863 -0.0784639
internal_weight=0 1022.95 534.393 690.6 238.671 314.657 155.46 219.736 451.929 488.552 173.397 138.768 99.9028 100.401 70.7541 94.9201 60.7887 92.9271 52.8165 200.304 49.5777 31.64 80.4704 124.069 159.197 55.5569 86.9478 43.8476 95.9167
internal_count=6878 4106 2145 2772 958 1263 624 882 1814 1961 696 557 401 403 284 381 244 373 212 804 199 127 323 498 639 223 349 176 385
is_linear=0
shrinkage=1


Tree=1
num_leaves=30
num_cat=0
split_feature=10 19 5 7 19 7 76 7 19 7 7 8 7 8 5 19 0 9 10 0 8 8 0 59 6 7 7 8 7
split_gain=849.614 227.913 192.181 168.158 85.75 56.3233 43.3965 36.2781 35.5261 32.8167 51.9509 48.0939 47.4895 46.3644 31.9299 22.5255 19.6688 19.5125 19.279 17.6197 16.933 20.76 14.6914 14.6515 12.6921 12.5553 13.1463 23.4098 26.2848
threshold=205.50000000000003 0.0020898664407194207 1.0000000180025095e-35 3.5000000000000004 0.011561079925153704 3.5000000000000004 86719.000000000015 2.5000000000000004 0.0060790835181079089 8.5000000000000018 4.5000000000000009 15.500000000000002 7.5000000000000009 5.5000000000000009 1.0000000180025095e-35 0.0015071598611641139 15.500000000000002 2.5000000000000004 380.50000000000006 42.500000000000007 20.500000000000004 14.500000000000002 11.500000000000002 1.0000000180025095e-35 1.0000000180025095e-35 8.5000000000000018 4.5000000000000009 16.500000000000004 7.5000000000000009
decision_type=2 2 2 2 2 2 2 2 2 2 2 2 2 2 2 2 2 2 2 2 2 2 2 2 2 2 2 2 2
left_child=3 15 7 8 9 6 22 18 14 10 -5 13 -13 23 -1 -2 -8 -16 -3 -18 21 -9 -4 -12 -17 26 -7 -28 -29
right_child=1 2 5 4 -6 25 16 20 -10 -11 11 12 -14 -15 17 24 19 -19 -20 -21 -22 -23 -24 -25 -26 -27 27 28 -30
leaf_value=0.25512176389888663 -0.25825153651266847 0.21312019993819128 -0.13787573740956405 -0.27762869787893196 0.25630269361486052 -0.30238651885121182 -0.246597115929553 -0.043228249738757191 0.27815161637978053 -0.14796467989274939 -0.018927132750243866 0.29009105182646183 -0.27063925315193071 -0.26593995439433055 -0.044033039394001459 -0.18597012284282666 -0.022705423968608748 0.25820215919544931 0.042210477018341123 -0.29857203889339051 -0.16831761281956664 0.1702989886251085 0.13719979830077031 0.26828732812979739 -0.026738192960356223 -0.27716576514970537 -0.21068769163679249 0.095362778255084074 -0.34103690494767991
leaf_weight=46.336434379220009 276.71671429276466 106.40197552740574 8.6267463713884336 17.733234137296677 54.263266667723656 21.185430094599724 32.979914858937263 41.148963540792465 338.85174296796322 60.62199579179287 14.78764696419239 46.09524904191494 6.3763366788625708 22.031317725777626 37.94478951394558 148.09052434563637 65.553519204258919 10.275861173868178 35.57219335436821 10.112671837210653 16.842721745371819 31.667417958378792 48.799428969621658 12.822009176015854 23.435228109359741 66.937912061810493 49.596492081880569 26.41726915538311 6.2315396964550009
leaf_count=194 1118 437 35 72 227 85 133 166 1424 244 60 188 26 89 154 594 263 42 145 41 68 128 198 52 94 271 199 106 25
internal_value=0 -0.116149 -0.0319391 0.17407 0.0375704 -0.128353 -0.0451694 0.108065 0.247817 -0.0289351 0.0317841 0.0870436 0.219283 -0.0538427 0.137865 -0.222655 -0.119239 0.0231491 0.170716 -0.0619756 0.00830354 0.0503715 0.0947132 0.117795 -0.164412 -0.208923 -0.163189 -0.125082 0.00665403
internal_weight=0 1016.32 568.074 668.14 234.731 336.441 166.072 231.633 433.409 180.468 119.846 102.113 52.4716 49.641 94.5571 448.242 108.646 48.2207 141.974 75.6662 89.6591 72.8164 57.4262 27.6097 171.526 170.369 103.431 82.2453 32.6488
internal_count=6878 4106 2300 2772 958 1356 670 944 1814 731 487 415 214 201 390 1806 437 196 582 304 362 294 233 112 688 686 415 330 131
is_linear=0
shrinkage=0.2


Tree=2
num_leaves=30
num_cat=0
split_feature=19 7 10 5 19 10 5 7 8 5 1 7 0 76 7 7 7 8 8 19 7 8 8 8 19 8 8 8 8
split_gain=587.904 159.358 106.468 86.5509 76.1467 51.02 43.2842 34.6311 34.0139 29.4494 22.3032 21.1702 21.1508 20.818 20.1639 20.0614 23.42 17.5742 18.0215 16.9297 15.2286 14.1774 17.0735 14.7917 13.5701 12.441 12.0405 15.511 11.433
threshold=0.0040080321285140569 3.5000000000000004 520.50000000000011 1.0000000180025095e-35 0.0087337909992372242 134.50000000000003 1.0000000180025095e-35 3.5000000000000004 4.5000000000000009 1.0000000180025095e-35 223.50000000000003 2.5000000000000004 11.500000000000002 250504.00000000003 1.0000000180025095e-35 8.5000000000000018 4.5000000000000009 16.500000000000004 8.5000000000000018 0.012903762903762906 7.5000000000000009 13.500000000000002 20.500000000000004 8.5000000000000018 0.0012507822277847312 26.500000000000004 21.500000000000004 14.500000000000002 15.500000000000002
decision_type=2 2 2 2 2 2 2 2 2 2 2 2 2 2 2 2 2 2 2 2 2 2 2 2 2 2 2 2 2
left_child=2 5 3 14 9 -2 11 10 -8 21 -5 -7 -10 -14 -1 16 -11 18 -18 28 -19 23 -23 -3 -4 -24 27 -16 -6
right_child=1 4 24 7 19 6 8 -9 12 15 -12 -13 13 -15 26 -17 17 20 -20 -21 -22 22 25 -25 -26 -27 -28 -29 -30
leaf_value=0.13224642772603687 0.26002496045789986 0.039137527996749043 -0.23191892080353427 0.072649587421762432 -0.033262544846394453 0.23958189838253788 -0.20077011147576079 -0.19382610060751221 -0.15040197993619164 -0.26531561652689412 -0.10259799947504894 -0.037871040796250199 0.18980684951683346 -0.02303563554056412 -0.039889914598490395 -0.21265378840265209 0.03227069983120983 0.20249730346416106 -0.22514182204872238 0.251162796557449 -0.17814783001579482 0.20781900553803556 -0.25087621280110561 -0.29216035386713568 -0.15590436036069771 0.11956869680843654 -0.1380992605580946 0.13409050161775668 0.15730047542675585
leaf_weight=79.213421791791916 244.23988881707191 15.494816169142725 183.67655003070831 40.822176933288574 21.189658790826797 109.99589721858501 18.698151677846909 132.76014113426208 12.266428619623182 16.07516123354435 96.635244756937027 12.017880499362944 59.046655759215355 26.347907274961472 49.038195326924324 50.595143705606461 25.018408015370369 20.531022280454639 18.347112730145454 41.780603393912315 4.664139360189437 27.698090225458145 6.4367555826902372 7.4558655619621268 210.26139044761658 6.7556588798761368 20.012854516506195 34.233486741781235 29.609338596463203
leaf_count=336 1118 63 774 168 87 490 77 551 50 68 395 49 249 107 199 210 103 87 76 189 19 115 26 30 867 28 81 141 125
internal_value=0 0.125285 -0.115749 -0.0494688 0.00851356 0.195737 0.129298 -0.12121 0.0416231 -0.0611715 -0.0504484 0.212194 0.0891312 0.124483 0.0568131 -0.113836 -0.0535027 -0.00165813 -0.0784837 0.15769 0.129119 0.0504103 0.120284 -0.0739561 -0.191696 -0.0647131 -0.0015412 0.0321565 0.0784403
internal_weight=0 774.265 846.653 452.716 291.652 482.613 238.373 270.218 116.359 199.072 137.457 122.014 97.661 85.3946 182.498 135.231 84.6358 68.5607 43.3655 92.5796 25.1952 63.8412 40.8905 22.9507 393.938 13.1924 103.285 83.2717 50.799
internal_count=6878 3366 3512 1871 1226 2140 1022 1114 483 825 563 539 406 356 757 563 353 285 179 401 106 262 169 93 1641 54 421 340 212
is_linear=0
shrinkage=0.2


Tree=3
num_leaves=30
num_cat=0
split_feature=10 10 5 7 7 19 20 7 0 19 8 7 7 8 8 7 8 65 10 0 8 8 7 6 8 0 57 14 4
split_gain=412.863 137.035 103.709 71.8351 40.0879 37.0419 29.1444 27.5617 23.1128 19.3698 17.1717 16.441 24.3488 16.643 23.399 16.1498 15.7488 14.2197 14.2129 13.4056 11.2939 13.0261 10.6584 11.4102 10.601 10.948 10.4905 10.2859 9.99265
threshold=175.50000000000003 410.50000000000006 1.0000000180025095e-35 3.5000000000000004 3.5000000000000004 0.012903762903762906 0.56199292380894295 2.5000000000000004 11.500000000000002 0.0015071598611641139 3.5000000000000004 8.5000000000000018 4.5000000000000009 16.500000000000004 5.5000000000000009 10.500000000000002 3.5000000000000004 1.0000000180025095e-35 113.50000000000001 42.500000000000007 19.500000000000004 15.500000000000002 8.5000000000000018 1.0000000180025095e-35 3.5000000000000004 10.500000000000002 1.0000000180025095e-35 1497.165192264948 1.0000000180025095e-35
decision_type=2 2 2 2 2 2 2 2 2 2 2 2 2 2 2 2 2 2 2 2 2 2 2 2 2 2 2 2 2
left_child=3 2 7 18 6 11 -4 16 -8 -3 -10 12 -5 14 -14 20 -2 27 -1 26 21 -9 23 -6 -20 28 -12 -11 -26
right_child=1 9 4 5 22 -7 8 15 10 17 19 -13 13 -15 -16 -17 -18 -19 24 -21 -22 -23 -24 -25 25 -27 -28 -29 -30
leaf_value=0.24735145010707027 -0.072979135476576487 -0.18647221069108544 0.13302189315844312 -0.20100643032300974 -0.12139287592000372 0.22486144935734642 -0.24778555039049641 0.012804019959795292 -0.2107403123938387 0.10089646995840483 0.095997447275084691 -0.089736809884674057 0.16246609053039485 0.1957949559084623 -0.11474653526317691 -0.27283660146133698 0.17957347552501132 -0.029781205950508479 -0.037231013255260202 -0.22216671340125332 -0.086433115485915202 0.1973032489311797 -0.21162740909204097 0.15328238406533767 0.13291981642513923 0.19376265603750895 -0.043946027821370283 -0.14647981810894248 -0.22361266395987767
leaf_weight=175.74409998953342 10.362727314233778 250.52485367655754 43.591883912682533 12.454888343811033 91.501963034272194 37.843293026089668 20.146383076906204 41.138409659266472 15.139875948429106 6.5315126925706855 50.522835820913315 48.659847125411034 22.098968207836151 34.7850671261549 25.455669805407524 6.3984801918268195 123.00076165795326 69.498907491564751 9.9737081825733167 8.0405168980360013 20.475463420152664 23.777172520756721 61.220081388950348 5.887517809867858 7.2504936307668668 112.47215507924557 36.28194734454155 169.39393129944801 4.5018444359302521
leaf_count=895 45 1118 184 54 390 189 85 167 62 27 207 202 92 157 109 26 561 287 47 35 84 102 274 25 34 542 149 708 21
internal_value=0 -0.0708331 -0.00276742 0.15106 -0.0737129 0.0507916 -0.00723446 0.101854 -0.0546787 -0.147232 -0.0179621 0.00400222 0.0524256 0.0921328 0.0145646 0.017278 0.159671 -0.10676 0.209464 0.0141303 0.0410602 0.0817673 -0.146174 -0.103812 0.158821 0.174682 0.0376215 -0.136932 -0.00855046
internal_weight=0 1053.44 557.486 491.24 332.333 181.298 173.723 225.153 130.132 495.949 109.985 143.454 94.7946 82.3397 47.5546 91.7895 133.363 245.424 309.942 94.8453 85.391 64.9156 158.61 97.3895 134.198 124.224 86.8048 175.925 11.7523
internal_count=6878 4536 2396 2342 1411 803 722 985 538 2140 453 614 412 358 201 379 606 1022 1539 391 353 269 689 415 644 597 356 735 55
is_linear=0
shrinkage=0.2


Tree=4
num_leaves=30
num_cat=0
split_feature=19 10 5 7 1 19 1 6 19 0 0 7 8 10 63 64 0 9 0 7 4 5 0 7 10 19 7 0 7
split_gain=290.444 93.8377 71.002 56.2756 32.1566 27.8464 21.7194 20.0388 15.9606 13.4693 16.2364 17.5653 13.7972 12.6553 12.1409 11.3712 14.4608 11.0993 10.6043 10.2376 9.80578 9.49656 11.9017 9.40947 9.23252 9.04012 8.89394 8.85121 8.84496
threshold=0.0057307060755336621 410.50000000000006 1.0000000180025095e-35 3.5000000000000004 61.500000000000007 0.012903762903762906 974.50000000000011 1.0000000180025095e-35 0.0012507822277847312 41.500000000000007 11.500000000000002 7.5000000000000009 14.500000000000002 113.50000000000001 1.0000000180025095e-35 1.0000000180025095e-35 17.500000000000004 2.5000000000000004 41.500000000000007 1.0000000180025095e-35 1.5000000000000002 1.0000000180025095e-35 10.500000000000002 2.5000000000000004 285.50000000000006 0.0070672260513435234 8.5000000000000018 26.500000000000004 4.5000000000000009
decision_type=2 2 2 2 2 2 2 2 2 2 2 2 2 2 2 2 2 2 2 2 2 2 2 2 2 2 2 2 2
left_child=1 2 6 13 18 14 20 9 -3 10 -6 12 -12 -2 17 -10 -17 26 -4 -8 24 23 -23 -15 -1 -16 28 -21 -5
right_child=3 8 4 5 7 -7 19 -9 15 -11 11 -13 -14 21 25 16 -18 -19 -20 27 -22 22 -24 -25 -26 -27 -28 -29 -30
leaf_value=0.15090568444273539 0.22786302366152539 -0.17535029204381269 0.12945244534540443 -0.19931674695175461 -0.18663286480877217 0.20385162950807492 0.11186139101213202 0.12326564138803248 -0.13037214858825064 -0.21430113453784849 -0.074239374654767126 -0.16150264447773269 0.053445014728818789 0.21346838850827346 -0.051794060956221279 -0.11561854479341138 0.014911715632586029 0.16036154374632738 -0.16240890807554298 0.010889222009147877 0.24478180604349023 -0.18081952053621542 0.10900699817461862 -0.040234752574817817 0.037891720337940998 0.13859203408115722 -0.15076145804119753 -0.16020867251157148 0.022889082098439775
leaf_weight=72.237118184566498 154.92024086415768 160.59799593687057 39.863888368010521 7.8593614399433127 46.409071579575539 33.897629454731941 20.892797186970711 16.514662757515907 178.85864467918873 35.32467095553875 76.400658562779427 45.146554961800575 59.691042318940163 61.547341004014015 13.587419107556341 70.125484079122543 64.929810777306557 9.1966862082481367 5.0699565857648841 32.720992341637611 24.537431120872498 5.754984736442565 49.194300666451454 6.2301567047834387 48.903323858976364 33.885630071163177 29.293009102344513 18.409145206212997 43.378258436918259
leaf_count=338 895 774 175 37 210 189 104 70 780 161 321 212 250 335 59 307 279 39 23 139 118 25 243 29 217 149 125 78 197
internal_value=0 -0.0590747 -0.00220189 0.133977 -0.0614454 0.0435062 0.0859975 -0.0866963 -0.123952 -0.100174 -0.0818618 -0.0544181 -0.018249 0.189479 0.00305569 -0.0973244 -0.0531111 -0.0401642 0.0945333 -0.00387971 0.130239 0.140007 0.0767583 0.189975 0.105763 0.0841402 -0.0642501 -0.0520467 -0.0134242
internal_weight=0 1016.63 542.121 448.745 324.421 171.098 217.701 279.487 474.512 262.972 227.647 181.238 136.092 277.647 137.2 313.914 135.055 89.7273 44.9338 72.0229 145.678 122.727 54.9493 67.7775 121.14 47.473 80.5306 51.1301 51.2376
internal_count=6878 4556 2416 2322 1422 795 994 1224 2140 1154 993 783 571 1527 606 1366 586 398 198 321 673 632 268 364 555 208 359 217 234
is_linear=0
shrinkage=0.2


Tree=5
num_leaves=30
num_cat=0
split_feature=10 10 7 9 8 7 0 5 7 7 0 1 8 7 10 0 78 0 8 5 8 8 5 0 0 5 18 1 3
split_gain=210.863 82.9656 62.9384 34.9121 33.0951 29.0204 24.3546 22.8394 21.025 19.9568 17.4947 15.3558 15.2173 19.8871 14.4487 14.2812 14.2449 12.8271 12.3523 11.7203 11.6014 10.7894 14.064 11.3089 10.3173 10.2608 10.1785 11.1637 9.70575
threshold=134.50000000000003 410.50000000000006 2.5000000000000004 1.0000000180025095e-35 3.5000000000000004 7.5000000000000009 41.500000000000007 1.0000000180025095e-35 4.5000000000000009 5.5000000000000009 11.500000000000002 36.500000000000007 8.5000000000000018 9.5000000000000018 651.50000000000011 6.5000000000000009 0.71555276832108949 17.500000000000004 15.500000000000002 1.0000000180025095e-35 25.500000000000004 3.5000000000000004 1.0000000180025095e-35 42.500000000000007 42.500000000000007 1.0000000180025095e-35 4081308.0000000005 553.50000000000011 3.5000000000000004
decision_type=2 2 2 2 2 2 2 2 2 2 2 2 2 2 2 2 2 2 2 2 2 2 2 2 2 2 2 2 2
left_child=5 2 4 8 -2 15 9 -6 -4 10 -5 -9 -7 -14 26 -1 -11 -13 -12 -10 -20 22 -17 -23 28 -15 27 -3 -19
right_child=1 14 3 6 7 12 -8 11 19 16 18 17 13 25 -16 21 -18 24 20 -21 -22 23 -24 -25 -26 -27 -28 -29 -30
leaf_value=-0.13813722920408941 -0.10614504547317499 0.083925583226138203 -0.22194988044274161 -0.19448760161581724 0.15424917217844639 0.14083422803102727 -0.19362875090851525 0.20682297326923826 0.010806638374114469 0.020655172004661698 0.045588023936075139 -0.10134839331335528 -0.26002955816549234 0.19986761186652946 -0.13997121407603128 0.1812681457642086 -0.16726350027695111 0.0088633871030871694 0.25130882904443519 -0.11022360707258494 -0.016034012058714391 0.21229702755485139 -0.23632677935817689 -0.11785110923967351 -0.19284640432854616 -0.082272608032774086 -0.095295954025831853 -0.079411597644897192 0.1750503118823693
leaf_weight=4.7968023568391791 34.277662083506584 31.159572750329971 47.691124126315117 6.579733431339263 143.05220721662045 25.123287007212639 19.371297597885132 16.499520882964134 48.704164460301399 54.790233239531517 37.422828957438469 31.553627282381058 12.025113046169283 9.6292784363031387 227.84771777689457 7.1203741133213025 22.096375823020935 33.215526297688484 35.205528169870377 91.992244824767113 7.8272623866796485 202.80911426246166 4.7910584211349487 3.8190886825323096 5.4916477501392356 9.7172182202339172 160.64829201996326 34.563272789120674 23.772086322307587
leaf_count=26 151 133 213 30 769 125 92 76 209 244 160 141 52 46 1157 44 101 142 160 436 34 1267 28 20 27 43 700 150 102
internal_value=0 -0.0386921 0.00662129 -0.0477151 0.0767246 0.155304 0.0144319 0.101668 -0.108011 0.0397387 0.104961 0.0330736 0.0268436 -0.0655258 -0.104398 0.187613 -0.0343734 0.00128245 0.130918 -0.0684812 0.203204 0.195182 0.00950398 0.205817 0.0536628 0.0602336 -0.0682708 -0.0019041 0.0794715
internal_weight=0 1113.76 659.543 371.681 287.862 279.831 183.293 253.585 188.388 163.922 87.0354 110.532 56.4949 31.3716 454.219 223.336 76.8866 94.0329 80.4556 140.696 43.0328 218.54 11.9114 206.628 62.4793 19.3465 226.371 65.7228 56.9876
internal_count=6878 5227 3087 1679 1408 1651 821 1257 858 729 384 488 266 141 2140 1385 345 412 354 645 194 1359 72 1287 271 89 983 283 244
is_linear=0
shrinkage=0.2


Tree=6
num_leaves=30
num_cat=0
split_feature=10 19 7 7 44 7 76 5 10 0 0 8 7 2 8 10 0 0 8 6 8 8 78 8 7 8 7 18 15
split_gain=151.209 55.4368 42.3302 26.3538 24.6975 23.6497 15.6125 13.2741 13.1701 13.7273 12.5316 15.7603 12.0533 11.7806 10.7923 10.6494 10.3165 10.3953 10.6765 9.47062 8.59251 14.2881 10.7046 8.16018 10.2872 7.90138 8.0517 7.70761 9.56155
threshold=138.50000000000003 0.0026143835522808366 3.5000000000000004 7.5000000000000009 1.0000000180025095e-35 1.0000000180025095e-35 169455.50000000003 1.0000000180025095e-35 613.50000000000011 42.500000000000007 11.500000000000002 3.5000000000000004 10.500000000000002 1.0000000180025095e-35 20.500000000000004 62.500000000000007 6.5000000000000009 42.500000000000007 3.5000000000000004 1.0000000180025095e-35 14.500000000000002 7.5000000000000009 0.66209012721734462 5.5000000000000009 9.5000000000000018 7.5000000000000009 2.5000000000000004 4421572.5000000009 388.27725240684225
decision_type=2 2 2 2 2 2 2 2 2 2 2 2 2 2 2 2 2 2 2 2 2 2 2 2 2 2 2 2 2
left_child=3 8 4 16 6 -6 -3 12 9 25 -8 -12 14 -10 20 -5 -1 18 -18 -7 21 22 -4 -17 -25 -2 27 28 -27
right_child=1 2 7 15 5 19 10 -9 13 -11 11 -13 -14 -15 -16 23 17 -19 -20 -21 -22 -23 -24 24 -26 26 -28 -29 -30
leaf_value=-0.099177499118516116 0.023561913712323957 0.1443259938701324 0.18934804005843608 0.20707952941467075 0.092361263457595225 -0.10479655511606201 -0.18236051121852329 -0.087669614564222287 -0.075610360311098315 -0.2331107108591684 -0.20516767353723045 0.089400803723463193 -0.22658270102933381 -0.16477053050497265 -0.10929032204942005 0.09790982699334437 0.0045510185932543584 -0.10213437731690389 0.19452088748996435 0.10872255955873439 0.14370315907847672 -0.17087595708871992 -0.13413808396749025 -0.19132386562600456 0.025197031549441813 0.18062515561148959 -0.10817338827072463 -0.060681852199811259 -0.050186974880259722
leaf_weight=5.2048698663711539 61.679186850786209 118.88807755708694 14.056012541055685 9.0682497918605787 51.091349750757217 71.586687728762627 9.0322916954755765 163.82240751385689 131.57822977006435 14.601338386535643 7.4550966024398795 68.235207751393318 7.1802771240472785 110.7048866301775 16.239389151334763 15.213464260101317 12.672962248325346 4.8499219119548789 185.51682683825493 8.8145790696144086 31.145013764500618 11.868090003728865 5.0898889750242224 15.568889543414114 18.750761613249779 13.90105150640011 74.118546113371849 54.374205142259598 13.652582556009291
leaf_count=27 271 618 58 61 285 325 46 798 697 71 33 321 30 592 68 72 76 25 1305 42 146 49 21 68 83 59 337 236 58
internal_value=0 -0.0333749 0.00786463 0.134892 0.0542493 -0.0132939 0.0977649 -0.0544366 -0.0841001 -0.0498468 0.0317797 0.0587717 0.00937626 -0.116707 0.0328027 0.0161622 0.168137 0.175307 0.182432 -0.0806509 0.0707296 -0.00410794 0.101651 -0.0211906 -0.0748889 -0.0368482 -0.0607246 -0.0172453 0.0678513
internal_weight=0 1059.11 584.504 266.846 335.103 131.493 203.611 249.401 474.61 232.327 84.7226 75.6903 85.5787 242.283 78.3984 58.6014 208.245 203.04 198.19 80.4013 62.159 31.014 19.1459 49.5331 34.3197 217.726 156.046 81.9278 27.5536
internal_count=6878 5161 2840 1717 1670 652 1018 1170 2321 1032 400 354 372 1289 342 284 1433 1406 1381 367 274 128 79 223 151 961 690 353 117
is_linear=0
shrinkage=0.2


Tree=7
num_leaves=30
num_cat=0
split_feature=10 19 7 9 5 7 6 0 0 19 5 2 7 8 7 8 9 1 8 76 8 0 5 7 8 15 10 2 57
split_gain=111.096 42.3069 35.5933 24.9222 22.3138 17.9814 16.3347 15.6296 15.4717 13.3498 12.9521 13.756 12.5851 13.9737 22.8114 12.6836 10.37 12.184 9.66333 9.23734 8.39444 8.65643 8.51289 8.08915 7.9074 7.85432 7.83037 7.25785 7.41897
threshold=123.50000000000001 0.002936863895118165 2.5000000000000004 1.0000000180025095e-35 1.0000000180025095e-35 7.5000000000000009 1.0000000180025095e-35 41.500000000000007 7.5000000000000009 0.001050972439448966 1.0000000180025095e-35 1.0000000180025095e-35 4.5000000000000009 15.500000000000002 7.5000000000000009 7.5000000000000009 2.5000000000000004 1240.5000000000002 8.5000000000000018 709155.00000000012 3.5000000000000004 6.5000000000000009 1.0000000180025095e-35 5.5000000000000009 1.5000000000000002 394.9526620985622 257.50000000000006 1.5000000000000002 1.0000000180025095e-35
decision_type=2 2 2 2 2 2 2 2 2 2 2 2 2 2 2 2 2 2 2 2 2 2 2 2 2 2 2 2 2
left_child=5 9 4 12 26 20 24 8 -5 -2 11 19 -4 15 -15 -14 17 -10 -7 25 22 -22 -1 -18 -6 -11 -3 28 -26
right_child=1 2 3 7 6 18 -8 -9 16 10 -12 -13 13 14 -16 -17 23 -19 -20 -21 21 -23 -24 -25 27 -27 -28 -29 -30
leaf_value=0.15446118028953654 -0.13669837829221029 0.16498834357307313 -0.1745322681941727 -0.23631365711478131 -0.22304680869959231 0.12849505185365412 0.18457160555693647 -0.15426730682039558 0.086020062396904184 0.044876740772657374 -0.08464857883680689 -0.074298849875156101 -0.019237143865070704 0.15891914992422462 -0.098661908966090978 -0.19901257909465331 0.23290355577587529 -0.057970348605715233 -0.056611390666769339 -0.06005318444303398 -0.0901202116671381 0.18976180534682163 -0.1845589529030609 0.026057579309137727 0.017917472186635162 0.26771452377575705 0.0515146176496225 0.14673819802804439 -0.11121780713048729
leaf_weight=5.6653354018926603 87.700062662363052 85.80277007818222 44.393181383609772 6.5138521641492835 6.7718136608600608 19.315699264407158 16.871214151382446 16.191592797636986 61.686624512076378 80.876801460981369 223.62195806205273 90.165999442338943 30.242420017719269 25.730956837534904 27.997546061873436 32.31571838259697 21.161095589399338 37.10468901693821 25.211570352315903 33.313147693872452 4.174290493130683 141.13990668952465 4.8414196372032166 11.858908891677855 47.676885157823563 6.2231491506099692 35.009992212057114 9.8976040631532651 27.543940156698227
leaf_count=40 524 568 210 32 30 109 83 83 292 377 1112 434 141 118 144 158 108 174 120 158 21 1148 26 55 224 29 187 47 126
internal_value=0 -0.0250778 0.0139051 -0.0297061 0.0736898 0.136992 0.00783128 0.0275943 0.0495522 -0.0657331 -0.0512023 -0.0155216 -0.0846892 -0.0495512 0.0251532 -0.11328 0.0648539 0.0319118 0.0244335 0.0286664 0.168904 0.181328 -0.0035281 0.160701 -0.0257697 0.0628074 0.132592 -0.00838193 -0.0299586
internal_weight=0 1066.67 544.771 315.197 229.574 200.348 108.761 154.517 138.325 521.901 434.201 210.579 160.68 116.287 53.7285 62.5581 131.811 98.7913 44.5273 120.413 155.821 145.314 10.5068 33.02 91.8902 87.1 120.813 85.1184 75.2208
internal_count=6878 5414 2780 1515 1265 1464 510 744 661 2634 2110 998 771 561 262 299 629 466 229 564 1235 1169 66 163 427 406 755 397 350
is_linear=0
shrinkage=0.2


Tree=8
num_leaves=30
num_cat=0
split_feature=19 0 9 10 5 7 6 1 76 4 4 7 4 19 0 57 63 3 2 8 15 7 8 0 76 76 76 75 15
split_gain=95.6287 26.9251 25.9162 25.5482 23.0535 18.0515 17.1577 14.7717 14.6247 13.046 15.3201 10.9348 10.6942 10.247 9.55921 9.1144 9.01512 8.74009 8.17278 7.79807 6.9509 6.75754 6.52335 6.19639 6.05452 6.58652 5.90708 6.22283 5.63452
threshold=0.0056657678479712387 42.500000000000007 2.5000000000000004 365.50000000000006 1.0000000180025095e-35 10.500000000000002 1.0000000180025095e-35 -1.0000000180025095e-35 6953.0000000000009 1.5000000000000002 1.0000000180025095e-35 1.0000000180025095e-35 2.5000000000000004 0.0071685508735868453 19.500000000000004 1.0000000180025095e-35 1.0000000180025095e-35 10.500000000000002 1.0000000180025095e-35 26.500000000000004 373.28089644520918 8.5000000000000018 10.500000000000002 12.500000000000002 678331.00000000012 1075269.0000000002 60879.000000000007 69.500000000000014 388.61377105297214
decision_type=2 2 2 2 2 2 2 2 2 2 2 2 2 2 2 2 2 2 2 2 2 2 2 2 2 2 2 2 2
left_child=1 3 4 5 11 6 7 -1 -6 10 17 -2 23 22 19 21 28 -9 24 -10 -12 -16 -13 -11 -18 -26 -17 -28 -5
right_child=2 -3 -4 16 8 -7 -8 9 14 12 20 13 -14 -15 15 26 18 -19 -20 -21 -22 -23 -24 -25 25 -27 27 -29 -30
leaf_value=0.19776504442359821 0.20553835728489145 -0.16750977925625588 0.20323521266678407 -0.070776689135044341 0.14754189921000102 -0.18986677183590558 0.13668665657816778 0.034193876401486661 -0.10889655233693347 -0.045120136048620169 -0.016507768968944288 -0.16013629074999766 -0.047441260238863886 0.12897675514596493 0.11670568372011916 0.082620911963500021 0.04263425320822789 -0.16989904741728024 -0.068303769403712619 0.12446864253977566 -0.11518109744380345 -0.098465711083984775 0.052297135626817641 0.19840342611898226 -0.17272749451772862 -0.003271209242196647 -0.23114579639198496 0.017222368454394378 -0.16160889472045187
leaf_weight=14.844820186495779 46.009823359549046 53.883917197585106 68.31079176813364 181.1221956461668 25.143562510609627 15.862711176276205 46.203742243349552 146.90844330191612 46.811297245323658 4.6723953858017948 50.198956221342087 8.6233452111482638 13.815219856798647 53.71502660214901 37.614545464515686 6.672120779752734 75.147025585174561 8.2080875933170301 104.80327224731445 5.9211296364665023 66.367411017417908 6.3360687941312781 14.608436919748781 26.28056712448597 11.862115666270254 34.125878870487213 9.5207579806447047 6.5160490572452536 32.296827793121338
leaf_count=87 419 304 556 964 179 83 234 742 254 25 240 43 70 372 247 42 362 44 551 37 322 31 75 141 62 179 51 32 169
internal_value=0 -0.0314098 0.0938033 -0.0224696 0.0653992 0.0145442 0.0234695 0.00742466 0.0111057 -0.00192144 -0.018472 0.128797 0.0972552 0.0814691 -0.0183205 0.0319109 -0.055579 0.0226788 -0.0276054 -0.0814043 -0.0730402 0.0846275 -0.0289351 0.161458 0.00779615 -0.0489168 -0.0695955 -0.133733 -0.0850062
internal_weight=0 886.604 335.803 832.72 267.492 393.362 377.5 331.296 144.536 316.451 271.683 122.957 44.7682 76.9468 119.392 66.6595 439.357 155.117 225.938 52.7324 116.566 43.9506 23.2318 30.953 121.135 45.988 22.7089 16.0368 213.419
internal_count=6917 4579 2338 4275 1782 1988 1905 1671 873 1584 1348 909 236 490 694 403 2287 786 1154 291 562 278 118 166 603 241 125 83 1133
is_linear=0
shrinkage=0.2


Tree=9
num_leaves=30
num_cat=0
split_feature=19 9 0 10 7 5 6 7 75 1 0 8 7 76 14 0 0 20 3 20 6 75 15 19 75 1 14 77 18
split_gain=66.9568 21.1879 19.71 19.2688 18.1999 16.6118 13.6399 13.0369 11.2554 10.127 9.38459 8.37696 8.23018 7.44333 7.75876 7.43416 7.17397 7.36699 7.16568 6.92376 9.99978 6.61429 7.28746 6.43854 8.25677 7.36069 7.05603 6.87575 6.03741
threshold=0.0056657678479712387 2.5000000000000004 42.500000000000007 613.50000000000011 1.0000000180025095e-35 1.0000000180025095e-35 1.0000000180025095e-35 10.500000000000002 222.50000000000003 -1.0000000180025095e-35 6.5000000000000009 27.500000000000004 8.5000000000000018 3673.5000000000005 1549.977095655848 11.500000000000002 19.500000000000004 2.5501380834023757 1.5000000000000002 9.5466818999186813 1.0000000180025095e-35 185.50000000000003 380.89476384684406 0.001050972439448966 474.50000000000006 396.50000000000006 1543.7558035265249 1.0000000180025095e-35 8284767.5000000009
decision_type=2 2 2 2 2 2 2 2 2 2 2 2 2 2 2 2 2 2 2 2 2 2 2 2 2 2 2 2 2
left_child=2 4 3 5 -2 7 9 8 16 -7 -11 28 -13 -6 19 -5 21 -18 -17 20 -15 22 -1 -20 25 27 -26 -25 -12
right_child=1 -3 -4 15 13 6 -8 -9 -10 10 11 12 -14 14 -16 18 17 -19 23 -21 -22 -23 -24 24 26 -27 -28 -29 -30
leaf_value=-0.021870824392333746 0.16616122111407081 0.1878700835276626 -0.14771592777929143 -0.16761696673827695 0.11532650712548552 0.22447783844962005 0.090859164269731757 -0.22590634592837239 -0.026722125160717782 -0.20923406783731791 -0.078521497697718573 0.13492323258645417 -0.080284114740488743 -0.092470034444014193 0.074215238588615937 -0.12381610854179133 0.15435663077046916 0.037771008204123033 -0.089372490115879763 0.036212640965998008 0.13183948867308973 0.15647127830123181 0.099032323744495207 0.11658510734784489 0.18689799463321566 -0.11116519822939937 -0.053243884802977884 -0.062420226738945574 -0.015767641319572354
leaf_weight=69.486291341483593 47.980500660836697 60.076396405696869 49.475817926228046 27.48513987660408 33.501964971423149 4.8322316259145728 32.554641917347908 6.7594565898179999 69.78356758505106 13.287817582488058 149.39630357921124 19.13172909617424 10.501962065696718 54.595587238669395 55.576332978904247 45.652999594807625 53.977498054504395 36.881903119385242 47.944727152585983 54.139964580535889 8.6531901583075506 14.053874045610426 27.170243740081787 16.587438359856606 14.075530037283899 27.063463553786278 6.93173924088478 16.412582561373711 104.40859687328339
leaf_count=356 475 556 304 173 250 24 153 31 317 75 735 87 62 312 342 277 296 186 321 347 56 71 139 88 83 156 40 96 509
internal_value=0 0.0816372 -0.0260395 -0.0185267 0.0561081 -0.000824876 -0.030853 0.0352365 0.0423067 -0.0441725 -0.049066 -0.0410598 0.0585626 0.0300576 0.013143 -0.0719488 0.0662143 0.107683 -0.0562853 -0.0160397 -0.0606736 0.031718 0.0125833 -0.0318494 0.0026437 -0.035203 0.108498 0.0281099 -0.0528207
internal_weight=0 314.524 863.856 814.38 254.448 612.226 334.113 278.113 271.353 301.559 296.726 283.439 29.6337 206.467 172.965 202.154 201.57 90.8594 174.668 117.389 63.2488 110.71 96.6565 129.015 81.0708 60.0635 21.0073 33 253.805
internal_count=6917 2338 4579 4275 1782 3041 1645 1396 1365 1492 1468 1393 149 1307 1057 1234 1048 482 1061 715 368 566 495 784 463 340 123 184 1244
is_linear=0
shrinkage=0.2


Tree=10
num_leaves=30
num_cat=0
split_feature=19 19 7 1 8 7 9 71 7 5 0 18 10 8 8 8 7 7 57 8 5 63 64 42 20 10 18 14 14
split_gain=48.7174 15.8186 14.7432 11.6026 11.5599 12.7899 10.1892 12.0206 9.09516 7.62867 9.54006 7.56981 7.16281 8.83429 12.2327 10.3251 9.80163 9.32788 7.09404 8.35845 7.08376 6.57455 6.77177 7.70124 8.92454 6.24929 7.83511 6.7385 6.70557
threshold=0.0069204980842911884 0.003478271389856756 7.5000000000000009 -1.0000000180025095e-35 6.5000000000000009 9.5000000000000018 2.5000000000000004 1.0000000180025095e-35 10.500000000000002 1.0000000180025095e-35 11.500000000000002 10000233.000000002 267.50000000000006 15.500000000000002 20.500000000000004 27.500000000000004 1.0000000180025095e-35 7.5000000000000009 1.0000000180025095e-35 11.500000000000002 1.0000000180025095e-35 1.0000000180025095e-35 1.0000000180025095e-35 1.0000000180025095e-35 1.4317392419022335 442.50000000000006 7588337.5000000009 1618.5930044146291 1597.0610343372994
decision_type=2 2 2 2 2 2 2 2 2 2 2 2 2 2 2 2 2 2 2 2 2 2 2 2 2 2 2 2 2
left_child=1 8 9 -3 -4 -6 7 12 21 -2 11 -11 13 16 -15 -16 -5 -18 -12 -20 -7 -1 23 24 -23 26 -24 28 -27
right_child=2 3 4 6 5 20 -8 -9 -10 10 18 -13 -14 14 15 -17 17 -19 19 -21 -22 22 25 -25 -26 27 -28 -29 -30
leaf_value=-0.054157289780911277 0.16844555283642393 0.18501860010048035 0.13605465148816476 0.10442891436954788 -0.17625847282065935 0.15384337302783818 0.10022542525295138 0.092485249314251741 -0.17899090230078579 0.038472261393159381 0.15279362763433479 -0.29502397084725207 0.078036697190677212 0.086423140828916167 -0.11773600839243006 0.056272662828675761 -0.12873825891918211 -0.013864711652327558 -0.15410918084454439 0.093266433215551753 -0.070462811641389414 -0.054160483880965893 -0.0059319155871209043 -0.10103157230181299 0.093061568593525615 -0.00083092617894741467 0.15371815825491383 -0.11436803388404991 0.22252566176278982
leaf_weight=288.30313279479742 73.441462442278862 14.806335769593714 17.297449477016926 11.592046499252318 18.292190946638584 11.163329727947712 41.461624786257744 42.874183252453804 17.007938720285892 6.4392752051353437 43.167252592742443 3.847478561103344 25.597690060734749 46.841843038797379 34.672601796686649 21.65753361582756 71.867782637476921 46.629268430173397 7.2071254998445538 17.010448150336742 10.134628839790821 44.803955465555191 23.688090346753597 54.092076748609543 25.112708285450935 72.415564596652985 24.755259163677692 19.297721177339554 5.1065817624330512
leaf_count=1612 819 109 105 89 89 61 246 281 106 39 401 26 129 251 186 110 353 238 49 162 48 252 118 286 130 373 121 103 25
internal_value=0 -0.0171891 0.0897 0.0157916 0.00282673 -0.056736 0.00812858 -0.00472947 -0.0377323 0.12224 0.0774357 -0.0971219 -0.0210371 -0.0321104 0.011574 -0.0509646 -0.0666324 -0.0838821 0.104808 0.0173845 0.0482626 -0.0332042 -0.0106878 -0.0448893 -0.000882503 0.0185847 0.07668 -0.0108251 0.0157435
internal_weight=0 932.584 208.001 358.001 56.8876 39.5901 343.195 301.733 574.583 151.113 77.6716 10.2868 258.859 233.261 103.172 56.3301 130.089 118.497 67.3848 24.2176 21.298 557.575 269.272 124.009 69.9167 145.263 48.4433 96.8199 77.5221
internal_count=6917 5118 1799 1992 303 198 1883 1637 3126 1496 677 65 1356 1227 547 296 680 591 612 211 109 3020 1408 668 382 740 239 501 398
is_linear=0
shrinkage=0.2


Tree=11
num_leaves=30
num_cat=0
split_feature=19 9 5 1 7 0 10 6 65 8 4 7 7 8 0 64 18 0 3 16 7 4 0 9 0 10 7 8 3
split_gain=34.4241 18.1448 15.8676 14.4265 11.2226 10.8433 8.43473 10.22 8.02638 16.6051 7.57402 7.29759 7.13322 7.09564 6.27167 6.85656 11.0476 7.1552 6.16246 6.02785 6.02333 5.98348 5.92517 5.90792 5.75704 5.59318 5.45564 5.32468 5.30067
threshold=0.0044346116027531969 2.5000000000000004 1.0000000180025095e-35 90.500000000000014 1.0000000180025095e-35 42.500000000000007 613.50000000000011 1.0000000180025095e-35 1.0000000180025095e-35 3.5000000000000004 1.5000000000000002 10.500000000000002 9.5000000000000018 11.500000000000002 6.5000000000000009 1.0000000180025095e-35 11045737.500000002 12.500000000000002 1.0000000180025095e-35 -1211.4999999999998 8.5000000000000018 1.0000000180025095e-35 11.500000000000002 1.0000000180025095e-35 33.500000000000007 788.50000000000011 7.5000000000000009 23.500000000000004 1.5000000000000002
decision_type=2 2 2 2 2 2 2 2 2 2 2 2 2 2 2 2 2 2 2 2 2 2 2 2 2 2 2 2 2
left_child=5 2 4 -4 27 6 7 8 14 -10 -5 12 20 -11 -1 18 21 -18 -16 -12 -6 -17 -8 -15 -25 -7 -3 -2 -24
right_child=1 26 3 10 11 25 22 -9 9 13 19 -13 -14 23 15 16 17 -19 -20 -21 -22 -23 28 24 -26 -27 -28 -29 -30
leaf_value=-0.17907325912806674 0.20044399260102691 0.17490242898345787 0.11180805966968455 -0.048825250982951603 0.042238197360684765 -0.15944919008539643 -0.14607826119201647 0.07530234166663935 -0.20684762096490672 0.12056702412553791 0.10269675182164353 -0.17729318001501057 0.16660354763910856 -0.053117603943885518 -0.15487525904145294 0.026956555743147249 0.27044940752453661 0.049419402075742629 -0.038504792080268246 -0.16523986257886619 -0.19276414573920567 -0.067390879930982001 -0.10189299564412278 0.02933028074006476 0.23929188058904224 0.071157219748544456 0.027515803297185889 0.027123702880433039 -0.019471376223046476
leaf_weight=10.4719837680459 34.500269636511803 51.054244220256805 33.812387220561504 139.92016544193029 69.027385026216507 31.614474453032017 23.948933698236942 55.897892355918884 10.037275880575178 39.32877666503191 23.325268097221855 5.0071982815861693 18.000981293618679 28.948993064463139 20.274593904614449 51.539683267474174 7.9923784434795406 19.281359478831291 145.8333302885294 3.2606295719742766 3.9642265439033499 54.861032895743847 41.314672216773033 29.321805343031883 5.7283174991607657 4.428478777408599 12.828392416238783 9.1805363297462446 123.26062320172787
leaf_count=63 424 567 240 801 506 216 173 271 48 208 154 25 89 148 102 251 42 95 713 18 17 278 277 152 31 36 79 109 784
internal_value=0 0.0487014 0.0301714 -0.00594067 0.0817316 -0.0244914 -0.0186522 -0.00453537 -0.0151772 0.0302384 -0.0302202 0.0429136 0.0562934 0.0545069 -0.0318025 -0.0262524 0.00745965 0.119342 -0.0532995 0.0664365 0.0277637 -0.0218123 -0.054409 0.0130456 0.0676619 -0.130299 0.145925 0.16502 -0.0405066
internal_weight=0 403.882 339.999 200.318 139.681 704.085 668.042 479.517 423.62 113.365 166.506 95.9998 90.9926 103.328 310.254 299.782 133.674 27.2737 166.108 26.5859 72.9916 106.401 188.524 63.9991 35.0501 36.043 63.8826 43.6808 164.575
internal_count=6917 3029 2383 1213 1170 3888 3636 2402 2131 587 973 637 612 539 1544 1481 666 137 815 172 523 529 1234 331 183 252 646 533 1061
is_linear=0
shrinkage=0.2


end of trees

feature_importances:
Column_7=69
Column_8=54
Column_0=42
Column_10=28
Column_19=26
Column_5=25
Column_1=12
Column_76=11
Column_9=10
Column_6=9
Column_4=7
Column_3=6
Column_18=6
Column_14=5
Column_15=5
Column_2=4
Column_20=4
Column_57=4
Column_75=4
Column_63=3
Column_64=3
Column_44=2
Column_65=2
Column_78=2
Column_16=1
Column_42=1
Column_59=1
Column_71=1
Column_77=1

parameters:
[boosting: gbdt]
[objective: binary]
[metric: auc,l2]
[tree_learner: serial]
[device_type: cpu]
[linear_tree: 0]
[data: ]
[valid: ]
[num_iterations: 200]
[learning_rate: 0.2]
[num_leaves: 30]
[num_threads: -1]
[deterministic: 0]
[force_col_wise: 0]
[force_row_wise: 0]
[histogram_pool_size: -1]
[max_depth: 9]
[min_data_in_leaf: 20]
[min_sum_hessian_in_leaf: 0.001]
[bagging_fraction: 0.728832]
[pos_bagging_fraction: 1]
[neg_bagging_fraction: 1]
[bagging_freq: 8]
[bagging_seed: 3]
[feature_fraction: 0.997783]
[feature_fraction_bynode: 1]
[feature_fraction_seed: 2]
[extra_trees: 0]
[extra_seed: 6]
[early_stopping_round: 2]
[first_metric_only: 0]
[max_delta_step: 0]
[lambda_l1: 0]
[lambda_l2: 0.700647]
[linear_lambda: 0]
[min_gain_to_split: 0]
[drop_rate: 0.1]
[max_drop: 50]
[skip_drop: 0.5]
[xgboost_dart_mode: 0]
[uniform_drop: 0]
[drop_seed: 4]
[top_rate: 0.2]
[other_rate: 0.1]
[min_data_per_group: 100]
[max_cat_threshold: 32]
[cat_l2: 10]
[cat_smooth: 10]
[max_cat_to_onehot: 4]
[top_k: 20]
[monotone_constraints: ]
[monotone_constraints_method: basic]
[monotone_penalty: 0]
[feature_contri: ]
[forcedsplits_filename: ]
[refit_decay_rate: 0.9]
[cegb_tradeoff: 1]
[cegb_penalty_split: 0]
[cegb_penalty_feature_lazy: ]
[cegb_penalty_feature_coupled: ]
[path_smooth: 0]
[interaction_constraints: ]
[verbosity: -1]
[saved_feature_importance_type: 0]
[max_bin: 255]
[max_bin_by_feature: ]
[min_data_in_bin: 3]
[bin_construct_sample_cnt: 200000]
[data_random_seed: 1]
[is_enable_sparse: 1]
[enable_bundle: 1]
[use_missing: 1]
[zero_as_missing: 0]
[feature_pre_filter: 1]
[pre_partition: 0]
[two_round: 0]
[header: 0]
[label_column: ]
[weight_column: ]
[group_column: ]
[ignore_column: ]
[categorical_feature: ]
[forcedbins_filename: ]
[objective_seed: 5]
[num_class: 1]
[is_unbalance: 0]
[scale_pos_weight: 1]
[sigmoid: 1]
[boost_from_average: 1]
[reg_sqrt: 0]
[alpha: 0.9]
[fair_c: 1]
[poisson_max_delta_step: 0.7]
[tweedie_variance_power: 1.5]
[lambdarank_truncation_level: 30]
[lambdarank_norm: 1]
[label_gain: ]
[eval_at: ]
[multi_error_top_k: 1]
[auc_mu_weights: ]
[num_machines: 1]
[local_listen_port: 12400]
[time_out: 120]
[machine_list_filename: ]
[machines: ]
[gpu_platform_id: -1]
[gpu_device_id: -1]
[gpu_use_dp: 0]
[num_gpu: 1]

end of parameters

pandas_categorical:null
