tree
version=v3
num_class=1
num_tree_per_iteration=1
label_index=0
max_feature_idx=10
objective=binary sigmoid:1
feature_names=Column_0 Column_1 Column_2 Column_3 Column_4 Column_5 Column_6 Column_7 Column_8 Column_9 Column_10
feature_infos=[18:95] [-6847:81204] [0:2] [0:11] [0:3] [0:1] [0:1] [0:11] [1:31] [1:63] [2:3881]
tree_sizes=3440 3539 3437 3531 3219 3441 3227 3437 3527

Tree=0
num_leaves=32
num_cat=0
split_feature=10 10 7 5 10 7 7 10 1 10 7 7 5 5 7 9 5 8 7 8 10 8 6 0 10 5 10 7 2 2 8
split_gain=1872.15 508.619 369.305 366.898 177.641 134.272 101.544 86.9333 68.7975 63.4365 57.6843 75.9091 50.8238 39.1876 33.1466 31.4678 30.3507 29.5317 27.208 21.5131 14.5315 10.8002 10.5702 10.0007 9.4471 8.28046 7.77469 11.1931 4.89689 1.72255 0.60615
threshold=205.50000000000003 410.50000000000006 3.5000000000000004 1.0000000180025095e-35 87.500000000000014 3.5000000000000004 2.5000000000000004 654.50000000000011 111.50000000000001 136.50000000000003 8.5000000000000018 4.5000000000000009 1.0000000180025095e-35 1.0000000180025095e-35 2.5000000000000004 3.5000000000000004 1.0000000180025095e-35 4.5000000000000009 8.5000000000000018 20.500000000000004 474.50000000000006 4.5000000000000009 1.0000000180025095e-35 24.500000000000004 797.50000000000011 1.0000000180025095e-35 59.500000000000007 7.5000000000000009 1.0000000180025095e-35 1.0000000180025095e-35 26.500000000000004
decision_type=2 2 2 2 2 2 2 2 2 2 2 2 2 2 2 2 2 2 2 2 2 2 2 2 2 2 2 2 2 2 2
left_child=2 3 9 6 26 8 17 13 -5 21 11 -6 14 20 -11 -14 -12 -2 -7 -8 -3 25 -15 -23 28 -1 30 -28 -9 -26 -4
right_child=1 7 4 5 10 18 19 24 -10 12 16 -13 15 22 -16 -17 -18 -19 -20 -21 -22 23 -24 -25 29 -27 27 -29 -30 -31 -32
leaf_value=0.12053096312654617 0.10259331335289622 0.10403500582916943 0.12332842687808936 0.11377142900556687 0.090887000721408776 0.094817723556479896 0.10733111700648787 0.09277136295173101 0.10004261027163638 0.12137132920363687 0.10469024344942329 0.10918037728009652 0.1077125900964202 0.091673133469349841 0.1022107124525472 0.12091540619348518 0.092396350129933441 0.11809600207706228 0.087321392840373463 0.097308773567534729 0.097273833901255352 0.11016621147834939 0.099979220335493973 0.12271495218762107 0.088465941157529732 0.10872253479265878 0.12129815678098398 0.11094673618413674 0.088694888484626921 0.086555694972222541 0.11815591141736469
leaf_weight=13.712360709905624 13.2137294113636 43.630238622426987 35.652137845754623 47.369973361492157 26.676774471998215 120.91808989644051 89.005686789751053 72.550853937864304 156.07159644365311 115.68246126174927 29.917877912521362 143.60581398010254 85.515267699956894 175.767532736063 9.723310321569441 22.687724083662033 60.83301842212677 163.55106592178345 82.523479908704758 27.923352718353271 117.42767080664635 6.7315225303173056 17.202779799699783 384.19541552662849 143.60581398010254 10.720572918653488 22.18909278512001 20.443883240222931 58.090546280145645 128.14824372529984 5.9835755825042716
leaf_count=55 53 175 143 190 107 485 357 291 626 464 120 576 343 705 39 91 244 656 331 112 471 27 69 1541 576 43 89 82 233 514 24
internal_value=0.104736 0.0975044 0.115301 0.103645 0.106943 0.0974982 0.112159 0.0918198 0.103247 0.119745 0.102865 0.106298 0.115554 0.0954459 0.119884 0.110512 0.0964378 0.116936 0.0917589 0.104927 0.0991014 0.122094 0.0924063 0.122503 0.0886375 0.115444 0.119544 0.116401 0.090931 0.0875489 0.122671
internal_weight=0 1457 994.271 700.577 345.302 406.883 293.694 756.424 203.442 648.969 261.033 170.283 233.609 354.028 125.406 108.203 90.7509 176.765 203.442 116.929 161.058 415.36 192.97 390.927 402.395 24.4329 84.2687 42.633 130.641 271.754 41.6357
internal_count=9832 5844 3988 2810 1385 1632 1178 3034 816 2603 1047 683 937 1420 503 434 364 709 816 469 646 1666 774 1568 1614 98 338 171 524 1090 167
is_linear=0
shrinkage=1


Tree=1
num_leaves=32
num_cat=0
split_feature=10 10 7 5 10 7 7 10 1 10 7 7 5 5 7 9 5 8 7 8 10 8 0 10 1 5 10 7 2 2 8
split_gain=1835.39 497.994 362.524 359.599 174.293 131.469 99.6374 85.0538 67.4451 62.3275 56.5148 74.3818 49.9016 38.358 32.5439 30.8931 29.7189 28.984 26.6185 21.0832 14.2329 10.6082 9.82232 9.23709 8.25955 8.13238 7.64144 10.9945 4.79054 1.68397 0.594339
threshold=205.50000000000003 410.50000000000006 3.5000000000000004 1.0000000180025095e-35 87.500000000000014 3.5000000000000004 2.5000000000000004 654.50000000000011 111.50000000000001 136.50000000000003 8.5000000000000018 4.5000000000000009 1.0000000180025095e-35 1.0000000180025095e-35 2.5000000000000004 3.5000000000000004 1.0000000180025095e-35 4.5000000000000009 8.5000000000000018 20.500000000000004 474.50000000000006 4.5000000000000009 24.500000000000004 797.50000000000011 243.50000000000003 1.0000000180025095e-35 59.500000000000007 7.5000000000000009 1.0000000180025095e-35 1.0000000180025095e-35 26.500000000000004
decision_type=2 2 2 2 2 2 2 2 2 2 2 2 2 2 2 2 2 2 2 2 2 2 2 2 2 2 2 2 2 2 2
left_child=2 3 9 6 26 8 17 13 -5 21 11 -6 14 20 -11 -14 -12 -2 -7 -8 -3 25 -23 28 -15 -1 30 -28 -9 -25 -4
right_child=1 7 4 5 10 18 19 23 -10 12 16 -13 15 24 -16 -17 -18 -19 -20 -21 -22 22 -24 29 -26 -27 27 -29 -30 -31 -32
leaf_value=0.015653234093795539 -0.0021218150745573143 -0.00069438036933692658 0.018426901679604864 0.0089495878623227915 -0.013702966993469139 -0.0098148155752164224 0.0025692130171631857 -0.011838788478064669 -0.004645793350541284 0.016484481067070757 -4.5683390609660207e-05 0.0044006796443445068 0.0029469983501495397 -0.0090266494056069017 -0.0025007418565339639 0.016033551671518549 -0.01220972124779118 0.013236100121334247 -0.017226949388198014 -0.0073512629531720507 -0.0073852981471529775 0.0053790294165845121 0.017817164479585951 -0.01609534057068129 -0.013597013789152391 0.0039480391943857839 0.016413275640843418 0.006151055994039035 -0.015869468118552724 -0.017983562597723466 0.013300393936991443
leaf_weight=13.700181990861893 13.21519599854946 43.631834536790848 35.61440446972847 47.346621453762054 26.694834515452385 120.97788661718369 88.993451446294785 72.593691632151604 156.10906752943993 115.57384705543518 29.917949438095093 143.57172203063965 85.501764178276062 59.621071979403496 9.7245795428752881 22.667047709226608 60.869995355606079 163.4295117855072 82.59245790541172 27.9338219165802 117.47189404070377 6.7295607626438132 383.80325871706009 143.71862125396729 133.46611580252647 10.718294411897659 22.168357595801353 20.43704429268837 58.135591626167297 128.25962376594543 5.9791073799133292
leaf_count=55 53 175 143 190 107 485 357 291 626 464 120 576 343 239 39 91 244 656 331 112 471 27 1541 576 535 43 89 82 233 514 24
internal_value=0 -0.00715734 0.0104656 -0.00108079 0.00218561 -0.00716339 0.00735139 -0.0127796 -0.00147473 0.0148717 -0.00185244 0.00154608 0.0107165 -0.00919355 0.0150089 0.0057206 -0.00821259 0.0120857 -0.0128399 0.000188371 -0.00557716 0.0172015 0.0176065 -0.0159259 -0.0121996 0.0106093 0.0146732 0.0115566 -0.0136587 -0.0170018 0.0177756
internal_weight=0 1457.5 993.672 700.598 345.253 407.026 293.572 756.898 203.456 648.419 261.055 170.267 233.467 354.191 125.298 108.169 90.7879 176.645 203.57 116.927 161.104 414.951 390.533 402.708 193.087 24.4185 84.1989 42.6054 130.729 271.978 41.5935
internal_count=9832 5844 3988 2810 1385 1632 1178 3034 816 2603 1047 683 937 1420 503 434 364 709 816 469 646 1666 1568 1614 774 98 338 171 524 1090 167
is_linear=0
shrinkage=0.01


Tree=2
num_leaves=31
num_cat=0
split_feature=10 10 5 10 5 1 10 9 0 1 5 1 10 5 0 8 0 4 10 3 6 10 1 0 2 9 8 2 8 10
split_gain=1799.52 487.657 352.465 233.792 169.592 88.2617 83.2481 62.0614 46.9335 44.9714 37.5546 37.5013 35.5071 21.7895 32.4189 18.8517 16.8713 16.2737 13.9413 12.3263 10.3137 9.03754 8.56583 6.53868 4.68898 3.85889 2.12918 1.64783 1.17294 0.297704
threshold=205.50000000000003 410.50000000000006 1.0000000180025095e-35 124.50000000000001 1.0000000180025095e-35 61.500000000000007 654.50000000000011 3.5000000000000004 60.500000000000007 157.50000000000003 1.0000000180025095e-35 974.50000000000011 77.500000000000014 1.0000000180025095e-35 28.500000000000004 4.5000000000000009 59.500000000000007 1.5000000000000002 474.50000000000006 4.5000000000000009 1.0000000180025095e-35 797.50000000000011 686.50000000000011 30.500000000000004 1.0000000180025095e-35 1.5000000000000002 11.500000000000002 1.0000000180025095e-35 2.5000000000000004 61.500000000000007
decision_type=2 2 2 2 2 2 2 2 2 2 2 2 2 2 2 2 2 2 2 2 2 2 2 2 2 2 2 2 2 2
left_child=3 2 11 12 19 16 10 9 -7 -6 18 17 28 26 -15 -13 -4 -2 -3 22 -12 24 -5 -9 -8 -21 -14 -23 -1 -30
right_child=1 6 5 4 7 8 21 23 -10 -11 20 15 13 14 -16 -17 -18 -19 -20 25 -22 27 -24 -25 -26 -27 -28 -29 29 -31
leaf_value=0.012364703504673447 0.0084371235857011329 -0.00068745255614397231 0.0063439657471720742 0.011961219023327757 0.0059173845729867374 -0.0075640934257586645 -0.011714786092127677 0.0014130102020378031 -0.018535719212786246 -0.005035715283649109 -0.012795131105332742 -0.010356346413624819 0.013180391841418056 -0.0034704187206145809 0.011377078489858326 0.0037083237503959922 -0.010246177032527778 0.016063732895128607 -0.0073090724123838716 0.012119700366692044 -0.0045962473469248902 -0.01592433451049213 0.0066806131541355881 0.013069745598206915 -0.01570139908016404 0.016902691190484462 0.016247064385500984 -0.017791638971407956 0.018185873965990883 0.016749501773915258
leaf_weight=6.7215186953544608 163.15333527326584 43.633401766419411 50.842080518603325 77.926124960184097 48.355548694729805 304.90124709904194 72.631000623106956 5.7304076403379431 44.669460847973824 163.79289896786213 175.97237449884415 10.47070576250553 41.814948707818985 16.44928565621376 130.71741962432861 85.697279766201973 6.7329767793416968 34.11463762819767 117.5124676823616 33.362342849373817 17.216041579842567 143.81161022186279 52.793278351426125 32.111310809850693 58.172835454344749 45.300548136234283 93.08793418109417 128.34906020760536 166.6814281642437 78.133894607424736
leaf_count=27 655 175 204 313 194 1222 291 23 179 657 705 42 168 66 525 344 27 137 471 134 69 576 212 129 233 182 374 514 670 314
internal_value=0 -0.00708406 -0.00107004 0.0103685 0.00513463 -0.00708979 -0.0126454 -0.000427465 -0.00897859 -0.00253504 -0.00909813 0.00728134 0.0148696 0.0124083 0.00971439 0.00215361 0.00436722 0.00977509 -0.00552006 0.0117679 -0.0120715 -0.0157569 0.00984573 0.0113258 -0.0135149 0.0149199 0.0153232 -0.0168208 0.0176143 0.0177454
internal_weight=0 1457.88 700.582 992.979 459.372 407.146 757.299 249.99 349.571 212.148 354.334 293.436 533.606 282.07 147.167 96.168 57.5751 197.268 161.146 209.382 193.188 402.965 130.719 37.8417 130.804 78.6629 134.903 272.161 251.537 244.815
internal_count=9832 5844 2810 3988 1844 1632 3034 1003 1401 851 1420 1178 2144 1133 591 386 231 792 646 841 774 1614 525 152 524 316 542 1090 1011 984
is_linear=0
shrinkage=0.01


Tree=3
num_leaves=32
num_cat=0
split_feature=10 10 7 7 10 10 8 0 10 7 7 0 6 8 7 7 7 8 6 1 10 10 0 10 7 10 1 2 8 2 8
split_gain=1764.45 477.609 353.955 282.379 168.851 81.5136 81.2089 73.5493 60.1374 55.3573 72.6939 43.094 30.1165 29.4294 21.0784 20.4845 15.3272 13.1347 12.2296 10.4357 8.84776 8.43062 8.41364 7.45681 10.8036 7.45667 5.75463 4.59194 3.46896 1.61396 0.598029
threshold=205.50000000000003 410.50000000000006 3.5000000000000004 3.5000000000000004 87.500000000000014 654.50000000000011 4.5000000000000009 60.500000000000007 147.50000000000003 8.5000000000000018 4.5000000000000009 57.500000000000007 1.0000000180025095e-35 4.5000000000000009 1.0000000180025095e-35 2.5000000000000004 9.5000000000000018 4.5000000000000009 1.0000000180025095e-35 61.500000000000007 797.50000000000011 522.50000000000011 24.500000000000004 59.500000000000007 7.5000000000000009 161.50000000000003 1110.5000000000002 1.0000000180025095e-35 5.5000000000000009 1.0000000180025095e-35 26.500000000000004
decision_type=2 2 2 2 2 2 2 2 2 2 2 2 2 2 2 2 2 2 2 2 2 2 2 2 2 2 2 2 2 2 2
left_child=2 3 8 6 23 14 19 -8 17 10 -6 12 -5 25 21 -15 -11 26 -16 -2 27 -3 -19 30 -25 -10 -1 -7 -13 -22 -4
right_child=1 5 4 11 9 20 7 -9 13 16 -12 28 -14 15 18 -17 -18 22 -20 -21 29 -23 -24 24 -26 -27 -28 -29 -30 -31 -32
leaf_value=0.012522415495894341 0.0040976493171021042 -0.0016845517349835814 0.01811239338230872 -0.0077635819694672004 -0.013587429614155889 -0.0115929432859801 0.0069504079472502787 -0.016265722923613623 0.0074809226510214226 -0.015159402199123871 0.0043069830660836675 -0.0091356308931639114 0.0038859308637640821 0.013168088101792525 -0.011182236323280911 0.0053111468343466041 -0.0057304787008647922 0.0061350675835990286 -0.0038992054527476885 -0.010530762625732612 -0.0157572647324936 -0.0077133230745348568 0.017304301649921083 0.016137490853932433 0.0059600105314121963 -0.0062274984322912251 0.0020344122143246372 -0.01553713854581416 -0.017715080839692723 -0.017604698242606142 0.013024991349040964
leaf_weight=19.903847485780719 5.4806992113590232 43.660900503396988 35.523020341992378 227.0595658570528 26.706985339522362 72.662932679057121 341.99968339502811 13.975883170962332 5.4763370901346233 23.202837914228439 143.49054005742073 6.2420227080583564 24.438706919550896 137.82411956787109 235.17613902688026 44.337696373462677 67.593795269727707 7.2210388928651801 25.952450707554817 36.671045482158661 143.88535594940186 49.668930858373642 412.5498870909214 22.120718315243721 20.412136867642403 12.700409591197966 7.2165288776159278 58.20250691473484 44.691705837845802 128.41719642281532 5.9665356874465934
leaf_count=80 22 175 143 910 107 291 1373 56 22 93 576 25 98 554 942 178 271 29 104 147 576 199 1660 89 82 51 29 233 179 514 24
internal_value=0 -0.0070119 0.0102728 -0.00105939 0.00209019 -0.0125138 0.00447302 0.00602792 0.0146321 -0.00188193 0.0014829 -0.00834 -0.00662878 0.0100565 -0.00900416 0.0112658 -0.00817575 0.0166764 -0.0104629 -0.00861552 -0.0155918 -0.00490527 0.017116 0.0143969 0.0113179 -0.00205099 0.00977662 -0.013374 -0.0167144 -0.0166442 0.0174649
internal_weight=0 1458.19 992.246 700.559 345.017 757.626 398.127 355.976 647.23 260.994 170.198 302.432 251.498 200.339 354.458 182.162 90.7966 446.891 261.129 42.1517 403.168 93.3298 419.771 84.0224 42.5329 18.1767 27.1204 130.865 50.9337 272.303 41.4896
internal_count=9832 5844 3988 2810 1385 3034 1598 1429 2603 1047 683 1212 1008 805 1420 732 364 1798 1046 169 1614 374 1689 338 171 73 109 524 204 1090 167
is_linear=0
shrinkage=0.01


Tree=4
num_leaves=29
num_cat=0
split_feature=7 5 5 1 7 0 0 7 8 7 8 8 7 8 8 2 8 0 1 4 9 3 6 1 9 8 8 7
split_gain=401.149 186.316 116.389 93.2361 92.347 71.0192 56.3263 52.5885 52.561 42.3156 39.6501 42.1595 36.4217 33.0894 25.665 25.4071 15.1635 18.0129 13.7008 12.9463 9.7532 9.64588 8.53916 8.35921 7.8638 5.84398 1.81418 1.67201
threshold=3.5000000000000004 1.0000000180025095e-35 1.0000000180025095e-35 202.50000000000003 8.5000000000000018 29.500000000000004 60.500000000000007 4.5000000000000009 17.500000000000004 10.500000000000002 21.500000000000004 16.500000000000004 1.0000000180025095e-35 27.500000000000004 18.500000000000004 1.0000000180025095e-35 26.500000000000004 33.500000000000007 630.50000000000011 1.5000000000000002 4.5000000000000009 3.5000000000000004 1.0000000180025095e-35 1166.5000000000002 5.5000000000000009 19.500000000000004 15.500000000000002 9.5000000000000018
decision_type=2 2 2 2 2 2 2 2 2 2 2 2 2 2 2 2 2 2 2 2 2 2 2 2 2 2 2 2
left_child=2 9 12 14 7 22 -7 25 -9 10 11 -2 15 -12 19 18 17 -14 -1 -4 -17 -16 -5 -18 27 -3 -11 -6
right_child=1 4 3 5 24 6 -8 8 -10 26 13 -13 16 -15 21 20 23 -19 -20 -21 -22 -23 -24 -25 -26 -27 -28 -29
leaf_value=0.010992987678238952 -0.001362797986592068 -0.010347629466706565 0.00057550020457703755 -0.01402708016680477 -0.016601379622890447 2.0010752517852388e-06 -0.014226889567895125 -0.0077775688312792714 0.00078060242578243929 -0.017190306201242483 -0.017454225452477736 0.0065963947873159826 -0.0021241841709629481 -0.0006291202921490448 0.011116950134292062 0.0042076920970063013 0.010541954956489517 0.0036395655150412839 0.0063710955526622209 0.0078247772406305535 0.011673258176705052 0.0048676461784678809 -0.0015849024690692587 0.00051977574170599099 -0.0024381695783359386 -0.016535258285225875 -0.0092280883200767643 -0.014086043583288941
leaf_weight=174.84144242107868 124.89402960240841 29.210669115185738 105.88984721899033 52.630315825343132 45.702064022421837 389.75658571720123 29.704053327441216 163.89042714238167 127.4331459403038 11.469574242830278 18.20601749420166 142.0326564013958 76.993288055062294 31.918317750096321 66.92580409348011 217.83186833560467 34.800540521740913 181.96568603813648 103.5375287681818 31.867916092276573 18.896220535039902 40.079431757330894 6.2360671609640113 10.94891421496868 5.4914224296808234 37.459487333893776 5.2339184433221808 148.8477359265089
leaf_count=703 501 117 425 211 183 1564 119 657 511 46 73 570 309 128 269 875 140 731 416 128 76 161 25 44 22 150 21 596
internal_value=0 -0.00539141 0.00303265 0.000107917 -0.008925 -0.00246053 -0.00101365 -0.00587721 -0.00403658 0.000519025 0.00134118 0.00287457 0.00561148 -0.00679775 0.00512462 0.00723241 0.00286754 0.00192549 0.00928138 0.00226387 0.00481554 0.00879339 -0.0127215 0.0081596 -0.0143649 -0.013874 -0.0148718 -0.0146979
internal_weight=0 891.789 1542.91 723.09 558.035 478.327 419.461 357.994 291.324 333.755 317.051 266.927 819.815 50.1243 244.763 515.107 304.708 258.959 278.379 137.758 236.728 107.005 58.8664 45.7495 200.041 66.6702 16.7035 194.55
internal_count=9771 3575 6196 2902 2236 1919 1683 1435 1168 1339 1272 1071 3294 201 983 2070 1224 1040 1119 553 951 430 236 184 801 267 67 779
is_linear=0
shrinkage=0.01


Tree=5
num_leaves=31
num_cat=0
split_feature=10 10 5 7 10 7 7 1 10 5 10 7 5 8 9 7 5 8 7 7 8 0 5 1 7 2 10 0 10 0
split_gain=1755.82 456.224 365.543 313.565 149.023 98.881 92.036 66.4275 61.322 59.4072 57.4848 51.2569 41.0026 29.5741 28.7291 27.8662 25.0676 25.0475 23.4232 21.3838 16.9898 9.62615 8.82924 6.6076 6.60518 5.90184 5.94162 2.32224 2.30853 1.22378
threshold=205.50000000000003 443.50000000000006 1.0000000180025095e-35 3.5000000000000004 79.500000000000014 3.5000000000000004 2.5000000000000004 202.50000000000003 153.50000000000003 1.0000000180025095e-35 649.50000000000011 8.5000000000000018 1.0000000180025095e-35 16.500000000000004 2.5000000000000004 10.500000000000002 1.0000000180025095e-35 4.5000000000000009 8.5000000000000018 2.5000000000000004 4.5000000000000009 25.500000000000004 1.0000000180025095e-35 894.50000000000011 1.0000000180025095e-35 1.0000000180025095e-35 894.50000000000011 29.500000000000004 68.500000000000014 27.500000000000004
decision_type=2 2 2 2 2 2 2 2 2 2 2 2 2 2 2 2 2 2 2 2 2 2 2 2 2 2 2 2 2 2
left_child=3 2 6 8 27 7 17 -4 20 13 16 -11 19 -6 -14 -8 24 -2 -7 -10 22 -22 -1 -18 -3 26 -12 -5 -29 -27
right_child=1 10 5 4 9 18 15 -9 12 11 25 -13 14 -15 -16 -17 23 -19 -20 -21 21 -23 -24 -25 -26 29 -28 28 -30 -31
leaf_value=0.013840533475881751 -0.0012909911623210741 -0.0039257917886235515 0.0054517476077387108 0.0085503365086306935 -0.0012833198716419106 -0.0094311351918295004 0.0011944626030749035 -0.0063637391113603378 0.015643034464443425 -0.00033654636557982294 -0.012378174800471872 -0.011769678496723193 3.0031350582813395e-05 0.0099597465709393446 0.012074035362117558 -0.017830942574462369 -0.010311702513922365 0.012066875178691741 -0.016044501543936628 -0.0025284419348669779 0.0072644645819989074 0.017113814099474683 0.0032355049440092017 -0.014669025832364908 -0.0083686425132147753 -0.019048352099934173 -0.015758945060897513 0.017458528843234219 0.012634912271022033 -0.016160987160680675
leaf_weight=17.883279427886009 15.212586134672163 65.371526092290878 68.734238684177399 5.2173047959804526 39.11534483730793 135.12162180244923 116.90966808795929 153.22717389464378 79.685405939817429 111.66822992265224 112.91450709104538 60.191239506006241 54.564564511179924 57.76801073551178 30.835881799459457 7.9847888052463523 85.927747443318367 174.52011322975159 90.71521757543087 6.9753941446542731 10.692732036113737 422.5177318751812 14.190935730934141 63.958632200956345 70.144401758909225 26.741266503930092 112.19929160177708 46.156137704849243 17.394282460212708 159.94345760345459
leaf_count=72 61 262 276 21 157 541 469 614 321 448 452 241 219 232 124 32 344 702 363 28 43 1703 57 256 281 107 449 186 70 640
internal_value=0 -0.00699272 -0.00164538 0.0103375 0.00254121 -0.00744764 0.00661214 -0.00270281 0.0144633 -0.000824285 -0.0128376 -0.00435235 0.00933906 0.00542906 0.00440183 -5.57563e-05 -0.00937288 0.0109956 -0.0121027 0.0141773 0.0163521 0.0168751 0.00921102 -0.0121928 -0.00623686 -0.0152315 -0.0140791 0.0156479 0.0161941 -0.0166
internal_weight=0 1459.63 762.425 974.856 337.511 447.798 314.627 221.961 637.346 268.743 697.201 171.859 172.061 96.8834 85.4004 124.894 285.402 189.733 225.837 86.6608 465.285 433.21 32.0742 149.886 135.516 411.799 225.114 68.7677 63.5504 186.685
internal_count=9771 5849 3058 3922 1355 1794 1264 890 2567 1078 2791 689 692 389 343 501 1143 763 904 349 1875 1746 129 600 543 1648 901 277 256 747
is_linear=0
shrinkage=0.01


Tree=6
num_leaves=29
num_cat=0
split_feature=7 5 5 1 7 0 0 7 8 7 8 8 7 8 8 2 9 7 1 4 9 3 0 6 9 8 8 7
split_gain=385.192 179.252 112.032 90.0626 88.7715 69.0765 54.8356 51.3659 51.4189 41.0107 39.0243 40.9192 35.3849 32.4963 24.8839 24.6416 14.6482 20.9435 13.3159 12.6226 9.474 9.41507 9.22699 8.38055 7.67441 5.71922 1.74511 1.65055
threshold=3.5000000000000004 1.0000000180025095e-35 1.0000000180025095e-35 202.50000000000003 8.5000000000000018 29.500000000000004 60.500000000000007 4.5000000000000009 17.500000000000004 10.500000000000002 21.500000000000004 16.500000000000004 1.0000000180025095e-35 27.500000000000004 18.500000000000004 1.0000000180025095e-35 3.5000000000000004 2.5000000000000004 630.50000000000011 1.5000000000000002 4.5000000000000009 3.5000000000000004 27.500000000000004 1.0000000180025095e-35 5.5000000000000009 19.500000000000004 15.500000000000002 9.5000000000000018
decision_type=2 2 2 2 2 2 2 2 2 2 2 2 2 2 2 2 2 2 2 2 2 2 2 2 2 2 2 2
left_child=2 9 12 14 7 23 -7 25 -9 10 11 -2 15 -12 19 18 17 -14 -1 -4 -17 -16 -18 -5 27 -3 -11 -6
right_child=1 4 3 5 24 6 -8 8 -10 26 13 -13 16 -15 21 20 22 -19 -20 -21 -22 -23 -24 -25 -26 -27 -28 -29
leaf_value=0.010813358818925516 -0.0013252369428157851 -0.010173021085101113 0.00055352856370160001 -0.013828915652159754 -0.016291394045674871 1.0450912153038812e-05 -0.014026093200472201 -0.0076382812866113781 0.00082559856916899555 -0.016900494458037624 -0.017303522078712476 0.0065172687480554142 0.0029414004108652388 -0.00063198046171947665 0.010950781904104492 0.0041244745321564625 -0.0057125707336256127 -0.0048349661381896 0.0062539484891353707 0.0077146176624338014 0.01148877941881735 0.0047736286669756425 0.006947401673002244 -0.0015065127080437543 -0.002303679046826703 -0.016290495680145012 -0.0090889799220171472 -0.01380133197982894
leaf_weight=174.54060913622379 124.89793917536736 29.223335534334183 105.84876099228859 52.661291033029556 45.732107430696487 389.64488422870636 29.717535987496376 163.95478072762489 127.43246085941792 11.482706874608995 18.215631112456322 141.93111911416054 168.64708349108696 31.912211507558823 66.821256160736084 217.62776131927967 5.979087069630622 43.32375879585743 103.41838330030441 31.835702314972878 18.860574126243591 40.042765274643898 86.507306665182114 6.236424282193183 5.4932798594236365 37.480544671416283 5.2369493246078482 148.93715962767601
leaf_count=703 501 117 425 211 183 1564 119 657 511 46 73 570 678 128 269 875 24 174 416 128 76 161 348 25 22 150 21 596
internal_value=0 -0.00528186 0.00297371 0.000104174 -0.00874646 -0.00241974 -0.000992155 -0.00575835 -0.00393929 0.000516795 0.00132678 0.00284857 0.00550568 -0.00674711 0.00503754 0.00710463 0.00280024 0.00134812 0.00912426 0.00222054 0.00472355 0.00865304 0.00611549 -0.0125363 -0.0140781 -0.0136594 -0.0146272 -0.0144069
internal_weight=0 891.93 1541.71 722.809 558.254 478.26 419.362 358.091 291.387 333.677 316.957 266.829 818.905 50.1278 244.548 514.447 304.457 211.971 277.959 137.684 236.488 106.864 92.4864 58.8977 200.163 66.7039 16.7197 194.669
internal_count=9771 3575 6196 2902 2236 1919 1683 1435 1168 1339 1272 1071 3294 201 983 2070 1224 852 1119 553 951 430 372 236 801 267 67 779
is_linear=0
shrinkage=0.01


Tree=7
num_leaves=31
num_cat=0
split_feature=10 10 5 10 5 1 1 10 0 9 10 10 1 5 0 0 5 6 8 1 0 2 2 10 9 9 8 2 10 9
split_gain=1719.14 448.88 365.025 195.277 139.445 83.5273 50.6319 42.5766 40.7864 40.7552 35.0709 30.4813 28.4419 18.2387 22.3378 18.0011 14.7937 10.0736 9.89796 7.39765 6.72256 5.99725 5.74774 5.83981 4.35001 2.04878 1.43108 1.37958 1.22452 0.077882
threshold=205.50000000000003 474.50000000000006 1.0000000180025095e-35 124.50000000000001 1.0000000180025095e-35 111.50000000000001 84.500000000000014 649.50000000000011 59.500000000000007 3.5000000000000004 77.500000000000014 392.50000000000006 974.50000000000011 1.0000000180025095e-35 30.500000000000004 59.500000000000007 1.0000000180025095e-35 1.0000000180025095e-35 3.5000000000000004 810.50000000000011 30.500000000000004 1.0000000180025095e-35 1.0000000180025095e-35 894.50000000000011 1.5000000000000002 2.5000000000000004 2.5000000000000004 1.0000000180025095e-35 1273.5000000000002 3.5000000000000004
decision_type=2 2 2 2 2 2 2 2 2 2 2 2 2 2 2 2 2 2 2 2 2 2 2 2 2 2 2 2 2 2
left_child=3 2 11 10 18 15 20 16 -7 -8 26 12 -2 25 -15 -4 21 -18 27 -20 -6 -3 23 -9 -13 -12 -1 -5 -24 -28
right_child=1 7 5 4 6 8 9 22 -10 -11 13 24 -14 14 -16 -17 17 -19 19 -21 -22 -23 28 -25 -26 -27 29 -29 -30 -31
leaf_value=0.011350031578582827 0.0096910646766585947 -0.0049431479458691722 0.0024778906934563596 0.0056861756967140397 0.0012425504831194186 -0.0081741890764245057 -0.0035683426758155541 -0.012262876812684129 -0.017059061703620197 0.0090857916436804884 0.013667414861063319 -0.0032435276889464407 0.0028243901837146758 0.00060202673582203056 0.011221465546659195 -0.013469471673419917 -0.013141633428563599 -0.0032049223380437343 0.013584615308316495 0.0094536465354120511 0.011339030560246318 -0.0095794652680036511 -0.015968894858104161 -0.015614008663115152 0.0020661256774476538 0.016681195197291027 0.016889798729044361 -0.0012854328468339898 -0.018706193190753343 0.018129817830059531
leaf_weight=5.9619885683059684 183.92132605612278 61.151304394006729 82.222548618912697 5.4735653251409513 7.9666606038808814 327.93185041844845 173.54850302636623 112.94085691869259 61.484351620078087 29.56963574886322 91.992653280496597 27.906607896089554 90.106135338544846 23.912977427244186 115.97681634128094 7.4889318048954001 107.20977818965912 11.486981049180029 123.50440396368504 71.773018673062325 40.019217222929001 52.925240248441696 156.47559367120266 112.22375977039337 33.87831549346447 41.10722453892231 151.31183402240276 5.4737721979618073 30.246477216482162 86.126512676477432
leaf_count=24 740 245 330 22 32 1313 696 452 246 119 371 112 362 96 467 30 429 46 498 289 161 212 626 449 136 166 611 22 121 348
internal_value=0 -0.00691656 -0.00198303 0.0102377 0.00547451 -0.00758438 0.000468175 -0.01315 -0.00958726 -0.00171708 0.0144513 0.0060085 0.00743788 0.0119659 0.00941056 0.0011122 -0.00971074 -0.0121889 0.0115622 0.0120806 0.00967824 -0.00711073 -0.0150864 -0.0139489 -0.000335581 0.0146283 0.0172234 0.00225043 -0.0164372 0.0173586
internal_weight=0 1459.6 814.94 973.719 457.329 479.128 251.104 644.66 389.416 203.118 516.39 335.812 274.027 272.99 139.89 89.7115 232.773 118.697 206.225 195.277 47.9859 114.077 411.887 225.165 61.7849 133.1 243.4 10.9473 186.722 237.438
internal_count=9771 5849 3269 3922 1839 1919 1008 2580 1559 815 2083 1350 1102 1100 563 360 932 475 831 787 193 457 1648 901 248 537 983 44 747 959
is_linear=0
shrinkage=0.01


Tree=8
num_leaves=32
num_cat=0
split_feature=10 10 7 7 10 8 0 0 10 10 7 7 7 7 9 7 6 7 8 1 2 8 1 10 7 10 10 0 7 7 8
split_gain=1694.43 436.797 314.954 256.189 160.863 82.5253 71.1317 66.3003 54.9498 51.0887 43.4468 52.9347 36.5603 28.8082 33.8402 16.8551 10.7651 9.64328 9.61883 9.14153 6.92395 6.36407 5.91485 5.34771 8.20382 4.8042 4.51172 4.37981 3.112 1.73684 0.336195
threshold=205.50000000000003 438.50000000000006 3.5000000000000004 2.5000000000000004 87.500000000000014 4.5000000000000009 60.500000000000007 57.500000000000007 654.50000000000011 136.50000000000003 8.5000000000000018 4.5000000000000009 8.5000000000000018 1.0000000180025095e-35 3.5000000000000004 9.5000000000000018 1.0000000180025095e-35 1.0000000180025095e-35 4.5000000000000009 131.50000000000003 1.0000000180025095e-35 21.500000000000004 1.0000000180025095e-35 59.500000000000007 7.5000000000000009 73.500000000000014 797.50000000000011 24.500000000000004 4.5000000000000009 9.5000000000000018 26.500000000000004
decision_type=2 2 2 2 2 2 2 2 2 2 2 2 2 2 2 2 2 2 2 2 2 2 2 2 2 2 2 2 2 2 2
left_child=2 3 9 5 23 19 -7 12 16 18 11 -6 -5 21 -15 -12 17 -3 25 -2 26 -11 -9 30 -25 -1 -10 -20 -18 -22 -4
right_child=1 8 4 7 10 6 -8 22 20 13 15 -13 -14 14 -16 -17 28 -19 27 -21 29 -23 -24 24 -26 -27 -28 -29 -30 -31 -32
leaf_value=0.016473200483135091 0.00046683607421366499 -0.0065191544016910486 0.017674159048916553 -0.0025967217323390598 -0.011199609768150782 0.0077774850020450046 -0.018742082545420004 -0.0050337842564160233 -0.011469676315125002 0.016345912244783985 -0.014544746017814327 0.0039698931003814813 -0.0094244698575064161 0.0047107855327858522 0.016142381060597091 -0.0045461803751361942 -0.0052961479216279009 -0.010959969827820186 0.0077386602264300879 -0.011123743402082409 -0.016720212530155435 0.01056500907217864 -0.016385391912423445 0.015851334568471754 0.0069490758792191912 0.0066707292289672707 -0.01466833564362393 0.017063901562966825 0.0023283239828602699 -0.012995235005002182 0.013430007740608912
leaf_weight=7.6838937699794796 8.7158620208501798 66.642173454165459 34.608835428953171 234.29567618668079 27.230465173721313 286.37003745138645 10.24717605113983 5.2427711784839621 73.473814889788628 72.030534267425537 22.731964528560638 140.90803483128548 117.85947902500629 101.48222881555557 34.686920300126076 64.882430508732796 27.209757879376411 200.15383510291576 5.715209797024726 30.455766692757607 163.24333053827286 28.742649376392365 64.468823611736298 23.019910424947739 19.883744314312935 15.390827178955076 143.23665523529053 375.96666783094406 6.492540478706359 19.248298183083534 6.9353654682636252
leaf_count=31 35 267 140 939 109 1152 41 21 294 291 91 566 472 408 140 260 109 801 23 122 653 116 258 93 80 62 573 1521 26 77 28
internal_value=0 -0.00673392 0.0102593 -0.00147179 0.00247831 0.00504384 0.00684599 -0.00665788 -0.0124293 0.0143817 -0.00147611 0.0014999 -0.00488701 0.0106715 0.00764755 -0.00717506 -0.00918473 -0.009858 0.0165456 -0.00855846 -0.0148642 0.0147279 -0.0155532 0.0144227 0.0117911 0.0100795 -0.0135986 0.0169295 -0.00382088 -0.016346 0.017052
internal_weight=0 1457.36 981.9 757.656 340.201 335.789 296.617 421.867 699.7 641.699 255.753 168.139 352.155 236.942 136.169 87.6144 300.498 266.796 404.757 39.1716 399.202 100.773 69.7116 84.4479 42.9037 23.0747 216.71 381.682 33.7023 182.492 41.5442
internal_count=9799 5840 3959 3040 1367 1350 1193 1690 2800 2592 1026 675 1411 955 548 351 1203 1068 1637 157 1597 407 279 341 173 93 867 1544 135 730 168
is_linear=0
shrinkage=0.01


end of trees

feature_importances:
Column_7=56
Column_10=56
Column_8=40
Column_5=27
Column_0=25
Column_1=22
Column_2=15
Column_9=15
Column_6=8
Column_3=3
Column_4=3

parameters:
[boosting: gbdt]
[objective: binary]
[metric: auc]
[tree_learner: serial]
[device_type: cpu]
[linear_tree: 0]
[data: ]
[valid: ]
[num_iterations: 200]
[learning_rate: 0.01]
[num_leaves: 32]
[num_threads: -1]
[deterministic: 0]
[force_col_wise: 0]
[force_row_wise: 0]
[histogram_pool_size: -1]
[max_depth: 5]
[min_data_in_leaf: 20]
[min_sum_hessian_in_leaf: 0.001]
[bagging_fraction: 0.877145]
[pos_bagging_fraction: 1]
[neg_bagging_fraction: 1]
[bagging_freq: 4]
[bagging_seed: 3]
[feature_fraction: 0.896275]
[feature_fraction_bynode: 1]
[feature_fraction_seed: 2]
[extra_trees: 0]
[extra_seed: 6]
[early_stopping_round: 2]
[first_metric_only: 0]
[max_delta_step: 0]
[lambda_l1: 0]
[lambda_l2: 0.25521]
[linear_lambda: 0]
[min_gain_to_split: 0]
[drop_rate: 0.1]
[max_drop: 50]
[skip_drop: 0.5]
[xgboost_dart_mode: 0]
[uniform_drop: 0]
[drop_seed: 4]
[top_rate: 0.2]
[other_rate: 0.1]
[min_data_per_group: 100]
[max_cat_threshold: 32]
[cat_l2: 10]
[cat_smooth: 10]
[max_cat_to_onehot: 4]
[top_k: 20]
[monotone_constraints: ]
[monotone_constraints_method: basic]
[monotone_penalty: 0]
[feature_contri: ]
[forcedsplits_filename: ]
[refit_decay_rate: 0.9]
[cegb_tradeoff: 1]
[cegb_penalty_split: 0]
[cegb_penalty_feature_lazy: ]
[cegb_penalty_feature_coupled: ]
[path_smooth: 0]
[interaction_constraints: ]
[verbosity: 1]
[saved_feature_importance_type: 0]
[max_bin: 255]
[max_bin_by_feature: ]
[min_data_in_bin: 3]
[bin_construct_sample_cnt: 200000]
[data_random_seed: 1]
[is_enable_sparse: 1]
[enable_bundle: 1]
[use_missing: 1]
[zero_as_missing: 0]
[feature_pre_filter: 1]
[pre_partition: 0]
[two_round: 0]
[header: 0]
[label_column: ]
[weight_column: ]
[group_column: ]
[ignore_column: ]
[categorical_feature: ]
[forcedbins_filename: ]
[objective_seed: 5]
[num_class: 1]
[is_unbalance: 0]
[scale_pos_weight: 1]
[sigmoid: 1]
[boost_from_average: 1]
[reg_sqrt: 0]
[alpha: 0.9]
[fair_c: 1]
[poisson_max_delta_step: 0.7]
[tweedie_variance_power: 1.5]
[lambdarank_truncation_level: 30]
[lambdarank_norm: 1]
[label_gain: ]
[eval_at: ]
[multi_error_top_k: 1]
[auc_mu_weights: ]
[num_machines: 1]
[local_listen_port: 12400]
[time_out: 120]
[machine_list_filename: ]
[machines: ]
[gpu_platform_id: -1]
[gpu_device_id: -1]
[gpu_use_dp: 0]
[num_gpu: 1]

end of parameters

pandas_categorical:null
