,result
0,0.8295101755246954
1,0.2712102667868818
2,0.9482212111753345
3,0.9527266588185107
4,0.2460134840064535
5,0.16445633366341303
6,0.9604674857522241
7,0.5416027652498533
8,0.7077477605149025
9,0.48886585854426917
10,0.8257649198302063
11,0.3673459152621005
12,0.9141499020710269
13,0.5234148028479043
14,0.8660085091210857
15,0.9328422156511046
16,0.08536612199274594
17,0.343874717212436
18,0.9464468808647322
19,0.2659813988551448
20,0.8635758934149729
21,0.11594068134161889
22,0.8229562989170958
23,0.18219930706124007
24,0.09702774568475343
25,0.9347985833768409
26,0.2101208036100305
27,0.9479026910047339
28,0.26202416062927925
29,0.3452706013268025
30,0.8109369066454056
31,0.2593072580633768
32,0.2593072580633768
33,0.9154226173840332
34,0.14518655618519516
35,0.41219365505792566
36,0.17190093661367895
37,0.8700822972145216
38,0.11862867289169134
39,0.21440447416340233
40,0.32143861723579614
41,0.7676061395062097
42,0.16139531797752177
43,0.4880782542279142
44,0.1933029474790769
45,0.8788106646375302
46,0.6343881008097043
47,0.9589612027643504
48,0.26249798838252053
49,0.1251580727176033
50,0.36793722456800904
51,0.38598206900520526
52,0.6956520269103467
53,0.6482425238148756
54,0.946929574001568
55,0.6357121615777663
56,0.8397924321148109
57,0.9076503129736543
58,0.14433890906358776
59,0.17562997370929032
60,0.9652443798451499
61,0.46869406815904546
62,0.11572327036529298
63,0.3247293746167407
64,0.618005359976494
65,0.5457250275535054
66,0.1400778443934622
67,0.23500430041996545
68,0.8913818748927091
69,0.22833297257796983
70,0.19572547580509858
71,0.9479331147554425
72,0.34705082923324126
73,0.720847871562218
74,0.945765700778099
75,0.44119455925642737
76,0.7332126035246727
77,0.8933223612125328
78,0.22866041963483946
79,0.2760564957379587
80,0.14354935661327273
81,0.9566533934207219
82,0.17962971225846297
83,0.11680618550116119
84,0.239645885200862
85,0.23274383867568896
86,0.9128401621156269
87,0.48522606852137046
88,0.10195181386082974
89,0.5430895047421231
90,0.48949886738453513
91,0.954463852900144
92,0.514316925018624
93,0.9142257447126898
94,0.8036788420765592
95,0.8565630877922946
96,0.11701685918260192
97,0.7354414302958516
98,0.8536289082375758
99,0.9486549387198081
100,0.9548862162408017
101,0.20867352648722687
102,0.38378727794538686
103,0.6789335026390165
104,0.9021660702712656
105,0.801889019869776
106,0.6855910445040136
107,0.3972650660339159
108,0.5556951778199601
109,0.21955244766783702
110,0.19412814246324242
111,0.9445649965683077
112,0.2290879707464191
113,0.22048625746931427
114,0.20257987802289643
115,0.11450751309867883
116,0.38379432875858416
117,0.2863874683265683
118,0.8807579010890862
119,0.31366347123866173
120,0.9407420268719308
121,0.9285619208558632
122,0.6119941486411768
123,0.20462301539321492
124,0.6769253650536747
125,0.6825307473337446
126,0.1314837109735656
127,0.9548862162408017
128,0.15585706113760406
129,0.8685736194293131
130,0.36459145658094955
131,0.2708533322936823
132,0.7147230639997648
133,0.7992520193991981
134,0.8783738502764735
135,0.6510862803977492
136,0.8520795404752256
137,0.9623091284631226
138,0.2736678192584484
139,0.9489615839674108
140,0.9084114964137188
141,0.5955663227531339
142,0.1809227932414384
143,0.060886925664162685
144,0.6680028375742294
145,0.13212803123189146
146,0.9542412363282157
147,0.9463876747042947
148,0.193672418602435
149,0.9503825032079927
150,0.37980530484165137
151,0.1680813017716784
152,0.3726146451178962
153,0.5242608812522661
154,0.9503635585547114
155,0.8153096987330635
156,0.2876405686092921
157,0.16564672330827204
158,0.7500398955570088
159,0.41060434157104436
160,0.876818908307191
161,0.967890372936307
162,0.8521794737462443
163,0.9339154204947141
164,0.6424766314787645
165,0.16147498890171252
166,0.8418635692869801
167,0.1633557000960703
168,0.32865773793520353
169,0.9220564101924063
170,0.09000865791109287
171,0.29321954877370093
172,0.32274856940877167
173,0.24154745672338754
174,0.7749730341575096
175,0.18962655104526238
176,0.8920481481531175
177,0.21191749203804933
178,0.7758838103105876
179,0.1630425740639037
180,0.7979943843078554
181,0.9552084383026697
182,0.07320635591748001
183,0.9269465711092947
184,0.4192963864400445
185,0.9547101319204417
186,0.1923995303740024
187,0.6375592427347313
188,0.9622645341424173
189,0.4428403354211744
190,0.11714966697026256
191,0.7144847564463749
192,0.7484775493433241
193,0.7597104569397047
194,0.9476953799123891
195,0.3545601749287521
196,0.3934464739099034
197,0.569120716018307
198,0.8906005167135945
199,0.8087569883218105
200,0.6003958582037751
201,0.9639259662260644
202,0.1745048331333514
203,0.960996632934952
204,0.9412608082281756
205,0.8863450022556971
206,0.9386133594777245
207,0.9358952751404999
208,0.551327452713599
209,0.4333006484784709
210,0.08138803910142026
211,0.0926862918605539
212,0.16450862183837967
213,0.9424652057706555
214,0.941202240811991
215,0.07504743188681391
216,0.7867727589522789
217,0.9340528986092953
218,0.7601252397226437
219,0.8967107927186567
220,0.5710892033204156
221,0.478931130816988
222,0.16695667492327076
223,0.293417871385817
224,0.1300780806121424
225,0.38368078425342506
226,0.6325317756280381
227,0.1595592102345263
228,0.21912481374713258
229,0.1963257560166138
230,0.4060178441924568
231,0.9606643005764708
232,0.8561752692144476
233,0.269181962442995
234,0.8060399513995907
235,0.2106648276799513
236,0.19770833969744037
237,0.9442322327163941
238,0.9460327854771061
239,0.8538279974560233
240,0.2081604514356199
241,0.17009660955274944
242,0.1951369579507692
243,0.20440752342837143
244,0.9401220817513388
245,0.16056236929760762
246,0.36432291372401937
247,0.34457925050762356
248,0.5789315771715086
249,0.9149667035705864
250,0.8726753676028609
251,0.3762503802740978
252,0.9599964242695762
253,0.4728117547421165
254,0.8261590275460452
255,0.24089271826867997
256,0.9140303480543291
257,0.8835847472808458
258,0.5189011643240901
259,0.17414483939660225
260,0.9287831184977996
261,0.8046519199467878
262,0.767054648772404
263,0.12810053539447078
264,0.8778929116163633
265,0.15989544590643648
266,0.9162508626762119
267,0.8982035515954148
268,0.7040445023443476
269,0.5794344690066178
270,0.3079990896855452
271,0.9456822797163031
272,0.8936010909910042
273,0.9554359762663459
274,0.8922859058397706
275,0.9340528986092953
276,0.92468182039612
277,0.29180899450285075
278,0.8173938092001811
279,0.4180066073276586
280,0.884781487883842
281,0.9482212111753345
282,0.6540385689727358
283,0.6212289298723357
284,0.9423820625865146
285,0.7870709908990126
286,0.5488374509002032
287,0.8714755840437372
288,0.9330546845972725
289,0.40545486569494854
290,0.9563829453049433
291,0.24304984617542513
292,0.6085704380064292
293,0.19443133625802392
294,0.2041772473571366
295,0.9074524532079498
296,0.9688188621557217
297,0.26364045421746507
298,0.725443224548787
299,0.918879373098016
300,0.8902702384774328
301,0.9536060009506451
302,0.770651219826492
303,0.09853893392508284
304,0.21292903806136534
305,0.8250200696845342
306,0.3985565963668118
307,0.486341088218156
308,0.9242021370647567
309,0.09094321522590944
310,0.5832429617681111
311,0.1609213664882149
312,0.21317923732771007
313,0.8170175702221484
314,0.23642423838980228
315,0.14071502213291948
316,0.8267383427226054
317,0.8166464052687319
318,0.21045999125154932
319,0.17297760728492256
320,0.38687751030436285
321,0.3233133287550322
322,0.38181649937364875
323,0.15457794011095902
324,0.1397046764954718
325,0.4893254882801877
326,0.16640802626314677
327,0.2475516192028108
328,0.7863943902626295
329,0.9567195837580043
330,0.12249883756345038
331,0.1894619238770892
332,0.20766901057130469
333,0.9416506920910465
334,0.9239174339878242
335,0.3622216797970987
336,0.7906692683780244
337,0.9310225252942665
338,0.9103593151468381
339,0.4370735323406629
340,0.3104016935659146
341,0.5759239449785042
342,0.9636815216260317
343,0.20897186340859744
344,0.9483067504351994
345,0.9094730510104169
346,0.8400805995925381
347,0.8713673074970448
348,0.5918431718214053
349,0.947272448378877
350,0.8572844388093698
351,0.1929467059771055
352,0.9182334202676468
353,0.35657087002368315
354,0.9373380587129936
355,0.7106077564127644
356,0.3019591324075982
357,0.7275130359141901
358,0.3026850883830974
359,0.5921302647534633
360,0.1603651933200532
361,0.649824741183542
362,0.7302384246375053
363,0.1060300295774792
364,0.2670428048247421
365,0.19500565245171136
366,0.14742182949807317
367,0.17210410173730292
368,0.3168596312544794
369,0.6965121996894658
370,0.966179520224218
371,0.6933316406653355
372,0.4164079163461974
373,0.19458462675075888
374,0.9382517473504428
375,0.5490327942118733
376,0.17375658822230436
377,0.21317923732771007
378,0.4767501585156786
379,0.6091826011859037
380,0.3697208827261885
381,0.13118962198678558
382,0.42245877983392116
383,0.8736764030965251
384,0.947804915528986
385,0.2758550952021557
386,0.8385297907969655
387,0.9613065319263899
388,0.9262042926214283
389,0.1456721604639309
390,0.9599764352494055
391,0.29214169153684344
392,0.3985565963668118
393,0.16944974463085236
394,0.7599911290282053
395,0.6861992775280562
396,0.9156891236607368
397,0.6449940391589939
398,0.8942645122246549
399,0.34763203132317655
400,0.9047905828991272
401,0.5629169665780042
402,0.28169737829681124
403,0.9366722632568667
404,0.9515628405469123
405,0.56152878189043
406,0.74984047815992
407,0.12946352990125318
408,0.9250430474994153
409,0.3103233313671215
410,0.8593494996027186
411,0.5829878106520955
412,0.19443133625802392
413,0.2376367409690246
414,0.2772355269955276
415,0.18669437140163864
416,0.8874011503950038
417,0.9239995580333634
418,0.06869611443958232
419,0.1646104873232968
420,0.19574123272832603
421,0.1595592102345263
422,0.08776367386936915
423,0.3547355698357392
424,0.5408189048581168
425,0.6467425709716154
426,0.9340087625974002
427,0.5713767491268398
428,0.6396041635070409
429,0.3447564424423589
430,0.1504446383768303
431,0.937091882571689
432,0.9625584666542769
433,0.7489008344793793
434,0.13511036532657514
435,0.9450126461397168
436,0.9287360775482463
437,0.6568944115691296
438,0.16060673546605345
439,0.9468560729839901
440,0.20626995294030778
441,0.571725960438289
442,0.4974465897920096
443,0.198870066853022
444,0.8514780894539816
445,0.8150840726653081
446,0.1485750576852421
447,0.16357291909590208
448,0.6568527807537389
449,0.17733241222708282
450,0.9028558086191346
451,0.2209795005195338
452,0.8920984928133288
453,0.6412415476859167
454,0.8852454798131274
455,0.7509720325131667
456,0.31058860676653055
457,0.9462059441485484
458,0.9529361867207421
459,0.12255514899132089
460,0.8113502835929867
461,0.19192800032339913
462,0.15202545175628684
463,0.8775117354151583
464,0.9143674682426405
465,0.3449795552611317
466,0.7142259784032156
467,0.19422477981159056
468,0.43720539572478195
469,0.8620181102470208
470,0.24027949078171143
471,0.31056216756016036
472,0.7712144117644079
473,0.443945278407709
474,0.21317923732771007
475,0.6551301168767083
476,0.8677150174008865
477,0.4263993219365174
478,0.24779907666673553
479,0.9236893874510207
480,0.1768153235957162
481,0.2290879707464191
482,0.8355572115992521
483,0.10052988165643857
484,0.20626995294030778
485,0.8633141156950337
486,0.9420800745336976
487,0.9603971357818907
488,0.2804809719563554
489,0.30992775589599786
490,0.48932501762004166
491,0.2566806943965955
492,0.22513901696085428
493,0.15068827984765262
494,0.9013211438514048
495,0.45689803094969533
496,0.2353188073902406
497,0.4565233559135187
498,0.24773720033111551
499,0.8449539625557727
500,0.9604674857522241
501,0.16299489411163814
502,0.27240381252559226
503,0.629584337378111
504,0.2658351052419472
505,0.5566078968501652
506,0.2714088276038947
507,0.09880191904235312
508,0.9480879611532453
509,0.8797630147393051
510,0.6874271591415657
511,0.7528454100454676
512,0.5485220431551383
513,0.2027941090803759
514,0.14433890906358776
515,0.5338083527883941
516,0.15597965453315832
517,0.08800209058582115
518,0.33710458460153586
519,0.9067516008041159
520,0.22172593228917017
521,0.10786329271472248
522,0.1603522063514034
523,0.9426085876708393
524,0.7124163126852436
525,0.0758404589227723
526,0.9471376873740049
527,0.7860273627935613
528,0.7477535293114994
529,0.20867352648722687
530,0.31801011651088623
531,0.10269778530860835
532,0.549843084418264
533,0.10809927009574267
534,0.8829768863192301
535,0.9503540305445257
536,0.5618870685884136
537,0.10000344247033095
538,0.14978654381407505
539,0.5804290879133632
540,0.6948876618896296
541,0.9464468808647322
542,0.8168634381171542
543,0.8265619554327384
544,0.2229503814487373
545,0.12539047415459809
546,0.0960917785855942
547,0.16506826812710382
548,0.14199404615091682
549,0.9034605071017348
550,0.5970837249968651
551,0.12516181828799644
552,0.15837827931599074
553,0.32651738228333765
554,0.10449345128791215
555,0.43815235166535804
556,0.2710457876233098
557,0.9476953799123891
558,0.12410529788553645
559,0.17414483939660225
560,0.5873253808091732
561,0.9253050982435947
562,0.554112503882955
563,0.17190093661367895
564,0.9410517626199746
565,0.5128467353959978
566,0.1680813017716784
567,0.22354098651463183
568,0.9479026910047339
569,0.8366703877608401
570,0.27386686526276016
571,0.09461795007190124
572,0.32589832568554855
573,0.6787726729040489
574,0.3397077190378317
575,0.9501894082145855
576,0.9491791658151534
577,0.29202700833779077
578,0.2465389583638624
579,0.3107414182644747
580,0.24946025538005492
581,0.3807036542342931
582,0.8242232228935025
583,0.8322704511472516
584,0.20761584891093232
585,0.4126347091541104
586,0.6835298051877338
587,0.21717570016174384
588,0.9403016032153885
589,0.6200651687246287
590,0.8625521448584756
591,0.9604674857522241
592,0.9485484866109501
593,0.8880488807742206
594,0.14793722464252482
595,0.42745969964432834
596,0.7816042395278867
597,0.0732341507128513
598,0.9338862670297448
599,0.17547776199316817
600,0.9514352298737109
601,0.23982739192792293
602,0.2007998390979022
603,0.9586886926246511
604,0.29755671048042964
605,0.1067787382752778
606,0.9153168890501276
607,0.9345767086417309
608,0.3977055739371251
609,0.17570378689205696
610,0.10772340258805325
611,0.823395471639464
612,0.15128056421893485
613,0.5342074679682328
614,0.763650819205576
615,0.8155698515946699
616,0.7689441087370226
617,0.12244308294127254
618,0.9028558086191346
619,0.9384322666152317
620,0.16650920307513356
621,0.7414390250039494
622,0.937865820506999
623,0.4486578826108804
624,0.6924422602218959
625,0.8267731842473262
626,0.9302038935389456
627,0.9477046880053491
628,0.6165190101185456
629,0.9639967264521324
630,0.9321816104763196
631,0.15829760625359635
632,0.9047905828991272
633,0.8569940137476028
634,0.3684967915076347
635,0.4363256102308143
636,0.3635580379904547
637,0.19119649494882204
638,0.875004026583391
639,0.8509295223000508
640,0.19903125080121298
641,0.3484520402583233
642,0.22327411747276374
643,0.9444682074002845
644,0.9151706387313671
645,0.7349784974426408
646,0.5531555524404722
647,0.941664887422683
648,0.12993302259115966
649,0.1647937158838814
650,0.0763563988919417
651,0.08536612199274594
652,0.44216269067391123
653,0.39703267836440675
654,0.13890867997209524
655,0.9595833465380547
656,0.9321656418915879
657,0.1905386200002143
658,0.23299209612208005
659,0.1986117743223128
660,0.9364166504423779
661,0.36276603059239576
662,0.9525042097584485
663,0.6715966292855778
664,0.9255926247126754
665,0.1837620996631976
666,0.893497506047497
667,0.9332777838467926
668,0.87088478016865
669,0.9156891236607368
670,0.4272654696752007
671,0.7421323069875659
672,0.2475667670526932
673,0.7641988269314537
674,0.06208435187228762
675,0.15726589974414967
676,0.7458755948684511
677,0.3012040122138475
678,0.3263872313020324
679,0.30693271514019305
680,0.8399974424313988
681,0.12349809954576746
682,0.7284300458268937
683,0.9460638531509507
684,0.7592031528930487
685,0.8517966124316895
686,0.7690366538923583
687,0.5665161994387435
688,0.8750242934919106
689,0.254559432827861
690,0.6723184933640829
691,0.20867352648722687
692,0.07796525303993082
693,0.9613148180985653
694,0.8953311759839594
695,0.20573222276515524
696,0.9334829217774426
697,0.6902755719868563
698,0.6602581516411926
699,0.954205802283233
700,0.47873887191623293
701,0.06305484115260883
702,0.9038017570131736
703,0.7888756571451516
704,0.7060368232567917
705,0.8244330760294435
706,0.16684976416862057
707,0.8968298292253636
708,0.9414962864350577
709,0.9172434061935646
710,0.9340528986092953
711,0.23311429685689508
712,0.34577012829223375
713,0.8686180726950613
714,0.25525221125850683
715,0.2037887800864267
716,0.4686385151917274
717,0.06376262978567734
718,0.20944935855938474
719,0.8970292882981289
720,0.3055046917212484
721,0.9256952756815526
722,0.9184304284432542
723,0.8551369066384398
724,0.43900204221211886
725,0.9302936348020687
726,0.061716954097006754
727,0.45232113165547383
728,0.8554341948186382
729,0.1514031042378767
730,0.11378694171250266
731,0.9028558086191346
732,0.6514432666876643
733,0.946897797937224
734,0.9619314039869251
735,0.1440204220852624
736,0.1684075254275165
737,0.6084396774169825
738,0.903436102030129
739,0.9618439167799017
740,0.29816223496923255
741,0.35452862742191454
742,0.10500728725336676
743,0.9203981052214794
744,0.8765227145568086
745,0.1373631862050681
746,0.13024687518310077
747,0.9426695114524815
748,0.6087352043231048
749,0.9468560729839901
750,0.8022381915801472
751,0.07053855857704412
752,0.0702208061284596
753,0.5583382060941212
754,0.5525554866124146
755,0.7954415864003498
756,0.13774031398746295
757,0.39364172189388674
758,0.7971286064151837
759,0.8670407713850554
760,0.9509844384543014
761,0.7152283952523284
762,0.9559536234012503
763,0.06804634070052033
764,0.11802619280948745
765,0.7022550684868866
766,0.07196756406188974
767,0.612604101853585
768,0.3400660508985891
769,0.9220026223433464
770,0.17414483939660225
771,0.3605458908007402
772,0.3782636717023864
773,0.646195210589978
774,0.12133887178138232
775,0.07148186217578316
776,0.2655493070830268
777,0.3735146924661714
778,0.5619518690902555
779,0.34306401005159104
780,0.2541415027341192
781,0.19517727203185517
782,0.4686385151917274
783,0.1269649664348643
784,0.20430764243590085
785,0.8168173563858854
786,0.2705158655965529
787,0.6622500640178204
788,0.7011028715288903
789,0.1839472392474847
790,0.1344931932387907
791,0.35857852271429314
792,0.43147323024399764
793,0.3175547721594211
794,0.8485137009422544
795,0.1004066686863283
796,0.8729566276424104
797,0.9049813490777494
798,0.9398912361226202
799,0.9652443798451499
800,0.60549967531174
801,0.1354686726108814
802,0.9139498706245998
803,0.9562830174548412
804,0.9489150923446076
805,0.23919548137133306
806,0.23105446224350476
807,0.3212271211412487
808,0.9477625801354436
809,0.8397383342352512
810,0.11765988392778767
811,0.5761702209607237
812,0.35086311047719754
813,0.22513901696085428
814,0.9554359762663459
815,0.9549938363479925
816,0.6064193934275078
817,0.21523008700028382
818,0.3612863933153256
819,0.26308784611237584
820,0.5478051292217193
821,0.93767761620766
822,0.21643183808606192
823,0.3074126640894353
824,0.8464186859100893
825,0.1716241208029502
826,0.3316393889923633
827,0.8561969924365701
828,0.2967333678383914
829,0.08514584414586636
830,0.21643146235218308
831,0.07505056839790267
832,0.9510660378932184
833,0.6987580829842578
834,0.9438345631256498
835,0.10686129375353756
836,0.887470078351649
837,0.36099202454277773
838,0.9033546239190655
839,0.44431313516759424
840,0.7476738026027939
841,0.23249097583001554
842,0.9425941502098335
843,0.873325785317138
844,0.7858092833860637
845,0.9157857709503817
846,0.3504687332031696
847,0.8610929128235628
848,0.14631905150603638
849,0.37361471954262176
850,0.15458189258079416
851,0.21000557361693262
852,0.6694745548933058
853,0.1594283879367846
854,0.1944911934266764
855,0.162955245282681
856,0.5918897834128044
857,0.5009433300966862
858,0.9187909681687303
859,0.17414483939660225
860,0.1269649664348643
861,0.8774788684958457
862,0.36651210507540255
863,0.13684846391741323
864,0.17414483939660225
865,0.6848394007830813
866,0.6147852719704434
867,0.9265758875640651
868,0.9066511568291357
869,0.2762062218195966
870,0.8072258664026033
871,0.954736209772263
872,0.27698655678645084
873,0.5162169565446215
874,0.6123386464272788
875,0.18006619661651715
876,0.26249798838252053
877,0.9475674111612717
878,0.1748523227697192
879,0.9229837141090049
880,0.9260482085263755
881,0.3757991877395232
882,0.25018968244813655
883,0.9456822797163031
884,0.07120430658690291
885,0.8200797123044282
886,0.652270245480865
887,0.2593323609411869
888,0.9028558086191346
889,0.20690852579109667
890,0.20895119084157912
891,0.8549901749384733
892,0.2074175389778307
893,0.9321990555068788
894,0.9471376873740049
895,0.20667088464111763
896,0.6192840600573676
897,0.2571914246953417
898,0.24115527195771055
899,0.8750981841856188
900,0.3166306983195054
901,0.7102727538732149
902,0.11522192311849094
903,0.838212384934302
904,0.1512881613240784
905,0.18070144024365106
906,0.2709280122168567
907,0.422213667243723
908,0.4512382345372692
909,0.9444770270216214
910,0.6744446637550151
911,0.2512183949071696
912,0.6961379610327117
913,0.3770617554784595
914,0.24637574068455037
915,0.954952479040155
916,0.21965283106737513
917,0.19401683669963493
918,0.319596722807582
919,0.6124363482532134
920,0.150329983838002
921,0.5037317574752701
922,0.8728348321919734
923,0.17714081444637872
924,0.7859779748776867
925,0.07923691407572743
926,0.20685557489837197
927,0.21143726600633805
928,0.8407494174748679
929,0.6549289041997562
930,0.328406306172531
931,0.6867779303069653
932,0.5879418143054579
933,0.4078801141962958
934,0.7060279489400296
935,0.7776814962028897
936,0.6994598153688264
937,0.743087604229496
938,0.4035817352988948
939,0.6641838380380737
940,0.28898818781580715
941,0.6485442477341468
942,0.3044397938019693
943,0.1756477857051178
944,0.28113140918144297
945,0.8397539254158265
946,0.27314946636948634
947,0.9445653715326184
948,0.9492206012606165
949,0.5399224792689363
950,0.8366686065450312
951,0.5686504702349612
952,0.2901105686575941
953,0.414748577369696
954,0.23295262028184632
955,0.911244096055411
956,0.18186565059717738
957,0.17783970696834658
958,0.3087170958563637
959,0.7618677452318453
960,0.8891861258280678
961,0.9634275807757579
962,0.11643238396129021
963,0.8312026613369601
964,0.7832097865657787
965,0.8410014965331056
966,0.8850599516479833
967,0.20967919527763101
968,0.9468560729839901
969,0.7107039177094753
970,0.23525852222324986
971,0.18814623345748255
972,0.25259671311603477
973,0.1936543300423733
974,0.19550972846653056
975,0.8348026155546564
976,0.7347175362434668
977,0.21057576044476595
978,0.9380855216720154
979,0.12808509177434302
980,0.12313448041435661
981,0.32229983206248264
982,0.21317923732771007
983,0.1262668993075263
984,0.387280314958991
985,0.9624736418283578
986,0.9542689642009097
987,0.6711204268841887
988,0.9119096313313779
989,0.6732525485406643
990,0.9605393715244352
991,0.1647937158838814
992,0.20867352648722687
993,0.2641468689284917
994,0.8218138271407777
995,0.32648092064676687
996,0.15212463998557071
997,0.5478127955092705
998,0.1679826829353891
999,0.3421614946764722
1000,0.5657974498115398
1001,0.96718285473671
1002,0.36880217999209564
1003,0.5306320412524093
1004,0.9447662785031049
1005,0.6916912374728075
1006,0.1338503970821983
1007,0.6464113230163367
1008,0.9412696988890629
1009,0.14994622130595003
1010,0.17965923385527086
1011,0.1402945226524944
1012,0.29655529827453775
1013,0.06023290478254697
1014,0.15153432780542125
1015,0.9503825032079927
1016,0.1999825589952931
1017,0.09842776835737851
1018,0.45689803094969533
1019,0.2037333500773878
1020,0.3854717535316404
1021,0.9519354418218731
1022,0.1687907538819234
1023,0.8934967051428205
1024,0.27846500413960373
1025,0.9471376873740049
1026,0.6984489523120017
1027,0.9581824248077155
1028,0.5668663027767219
1029,0.9167804479522611
1030,0.7603206275321919
1031,0.9442121691581944
1032,0.4628881603759399
1033,0.19248468746733516
1034,0.18577085835420615
1035,0.5825903902980085
1036,0.11078765696735965
1037,0.807419853453074
1038,0.7315204515480955
1039,0.9303453336321458
1040,0.8677728950385324
1041,0.9189749542917943
1042,0.6096387165013625
1043,0.9089424578569243
1044,0.09079565371735646
1045,0.23182189011336074
1046,0.16648692523924932
1047,0.8798822690614325
1048,0.5306601005579484
1049,0.9495811529285163
1050,0.3991571319649121
1051,0.9343938697923945
1052,0.18006619661651715
1053,0.8864521793641367
1054,0.8059261548058088
1055,0.42743234662049256
1056,0.1592458518322991
1057,0.9482853434754371
1058,0.8055163179863821
1059,0.7892171528788748
1060,0.08548500657302331
1061,0.9562830174548412
1062,0.9418282733649784
1063,0.8661312840542972
1064,0.8272854729611661
1065,0.7766755385555547
1066,0.8214102597653555
1067,0.7812630631671981
1068,0.9595833465380547
1069,0.7724789809913152
1070,0.11138363466849457
1071,0.2174061580716267
1072,0.5048130224512974
1073,0.8439974134708164
1074,0.8937530735799875
1075,0.12175253236498894
1076,0.15596215991614318
1077,0.7174113868108754
1078,0.9235526547204244
1079,0.8395384889406161
1080,0.24479344086202048
1081,0.9250692820766917
1082,0.9109267305292885
1083,0.8979633049325454
1084,0.17979209427280032
1085,0.2709782218871916
1086,0.8761554561959628
1087,0.950861633379012
1088,0.1649681438165084
1089,0.4152326434992072
1090,0.9144144132182219
1091,0.11820874697569612
1092,0.08281059643590247
1093,0.9265457495472309
1094,0.31648448075134195
1095,0.5003954812137059
1096,0.36305263968261314
1097,0.9136857796024824
1098,0.21006255805800092
1099,0.10299814995193696
1100,0.9326760941219153
1101,0.6699669240887131
1102,0.06612519335610523
1103,0.23014884329027055
1104,0.21209349252652007
1105,0.16984038733222434
1106,0.3658245841210084
1107,0.9432499141991041
1108,0.8078339638732481
1109,0.15925993114450868
1110,0.1559050771224526
1111,0.5165255667939229
1112,0.9405795759267388
1113,0.956060811262965
1114,0.7658525953371759
1115,0.3037264029075263
1116,0.49887403364585015
1117,0.17493935335273603
1118,0.7753895346298254
1119,0.9423820625865146
1120,0.7118134387732554
1121,0.30618756127599933
1122,0.15063340670746814
1123,0.5250090930410172
1124,0.21428749576495384
1125,0.852278177763658
1126,0.1405405281638276
1127,0.21427716160155152
1128,0.25540019061146807
1129,0.16553339259218938
1130,0.4290054271173679
1131,0.19769412052596663
1132,0.4729130157055169
1133,0.26292070970042825
1134,0.844803786094087
1135,0.9433229280504105
1136,0.18416481927802125
1137,0.35446055636531
1138,0.18968214169507386
1139,0.9372383358549841
1140,0.8626339056939472
1141,0.8594976933547466
1142,0.10709596932867
1143,0.05199552219871799
1144,0.7755497171817362
1145,0.9565908880591357
1146,0.1753757787222082
1147,0.3224506703945211
1148,0.7019451093730878
1149,0.9353682677048539
1150,0.12436327004193104
1151,0.8316543851205969
1152,0.7983930714060018
1153,0.16991328594562966
1154,0.7235443937444833
1155,0.19231643384937605
1156,0.8380332670322952
1157,0.20387466228496667
1158,0.6996691458606515
1159,0.3128374070087757
1160,0.16855377749322192
1161,0.9633817394861699
1162,0.3213761796161268
1163,0.9156891236607368
1164,0.7041357883540517
1165,0.26546506928055935
1166,0.6607325523527606
1167,0.10968026417956142
1168,0.9127553642271046
1169,0.23984177623331032
1170,0.23191480505519907
1171,0.947804915528986
1172,0.9419632735513416
1173,0.1763548030710061
1174,0.272085979368187
1175,0.8631741387078523
1176,0.9367937185301278
1177,0.1883116892850479
1178,0.3735146924661714
1179,0.47250110099555914
1180,0.21473634417888604
1181,0.09983142580651413
1182,0.16648692523924932
1183,0.6740075135433056
1184,0.2290879707464191
1185,0.41090515611388406
1186,0.8694042021916174
1187,0.3050922010992323
1188,0.5482124517215522
1189,0.8684715612390387
1190,0.6451272794982738
1191,0.7838817222910182
1192,0.22616549706395306
1193,0.2706036023115975
1194,0.9453312733330727
1195,0.6254368911111824
1196,0.9561838562675541
1197,0.9444770270216214
1198,0.8077039581666345
1199,0.9556633520907541
1200,0.5150917163306561
1201,0.768856471435929
1202,0.126608309535422
1203,0.918468925838511
1204,0.7349907809673835
1205,0.8096527044385184
1206,0.3682637638994489
1207,0.576049779062284
1208,0.7863768713708994
1209,0.30693271514019305
1210,0.9033417627661386
1211,0.45203919372865387
1212,0.12488136783287526
1213,0.5002985213653768
1214,0.9603096512745085
1215,0.15034671490976373
1216,0.8653261710699909
1217,0.37959167336347965
1218,0.4473564195903561
1219,0.660137380336762
1220,0.7282828848881965
1221,0.8946933083868107
1222,0.8469486042325777
1223,0.1634782949343411
1224,0.42004608695686346
1225,0.2490133474996559
1226,0.1894619238770892
1227,0.21557395577350555
1228,0.9254374570624233
1229,0.320432287383327
1230,0.4840539545347268
1231,0.4106608231378008
1232,0.4472864104015308
1233,0.5489689014567798
1234,0.9565419955748657
1235,0.6578781239212974
1236,0.8102089205208237
1237,0.7922347418021694
1238,0.7006806987022522
1239,0.30693271514019305
1240,0.7776814962028897
1241,0.348891852630067
1242,0.10754301600395012
1243,0.9366722632568667
1244,0.9216603971145189
1245,0.2533016864943822
1246,0.1951369579507692
1247,0.5172006253488133
1248,0.4343335793292331
1249,0.8238138699087024
1250,0.2950547770609256
1251,0.8480235700479156
1252,0.9286795786064427
1253,0.9212040455616869
1254,0.9675466035802238
1255,0.9422333370305571
1256,0.10661848800505778
1257,0.9577306804310591
1258,0.12505006651372327
1259,0.43368449579199014
1260,0.1595592102345263
1261,0.3226554326139066
1262,0.649801549586452
1263,0.5489689014567798
1264,0.5204709201502647
1265,0.20154512856399728
1266,0.6547748343438892
1267,0.33242953578143136
1268,0.10715176348695601
1269,0.6221292941690482
1270,0.9469994856125872
1271,0.5818260423809604
1272,0.13573380429934376
1273,0.1329710086919565
1274,0.3507364405808347
1275,0.6464113230163367
1276,0.6712296332531416
1277,0.177545613361112
1278,0.7170557840526681
1279,0.8672514597946485
1280,0.18222586146362912
1281,0.19710027801029587
1282,0.6656069696021572
1283,0.1668752410093739
1284,0.35002200484456913
1285,0.38316373541900195
1286,0.6732525485406643
1287,0.3190692780025855
1288,0.4700684387585869
1289,0.8240855243110373
1290,0.658276935601153
1291,0.9254374570624233
1292,0.9492206012606165
1293,0.14568440085577083
1294,0.13855539459607824
1295,0.3898427503670468
1296,0.12740145311201012
1297,0.16832681017198584
1298,0.406151035324844
1299,0.21099182400611502
1300,0.17028559790499234
1301,0.9263207780975438
1302,0.7256672873702452
1303,0.27468797940772377
1304,0.7740800442118971
1305,0.24304984617542513
1306,0.38687751030436285
1307,0.34433116205198094
1308,0.2660095037874209
1309,0.7680921111815738
1310,0.9514829985422151
1311,0.10182399849836453
1312,0.3435828476033313
1313,0.14956879960371666
1314,0.11449780816563933
1315,0.18294077943280393
1316,0.91813943726662
1317,0.44687326208874945
1318,0.9479026910047339
1319,0.8315107961584143
1320,0.1878553165323085
1321,0.46378343075466233
1322,0.14623235555268368
1323,0.7610192093578148
1324,0.673954028658008
1325,0.6730862891716356
1326,0.6830682910957594
1327,0.42698968596415865
1328,0.7519364793688598
1329,0.8841780270632887
1330,0.1507038392950653
1331,0.14107371386934353
1332,0.39020958869000427
1333,0.6163328614653755
1334,0.8694042021916174
1335,0.9475709705747333
1336,0.17414483939660225
1337,0.8583936126461499
1338,0.226703672346393
1339,0.8853876993962159
1340,0.4070998198316883
1341,0.8999183674720649
1342,0.20791591211379748
1343,0.9095855574144089
1344,0.9421040319319957
1345,0.11182968230663998
1346,0.8199993548691328
1347,0.5043903819662273
1348,0.903342388032543
1349,0.20685557489837197
1350,0.87223576738127
1351,0.171479376853903
1352,0.24086510546415504
1353,0.8053759160051888
1354,0.3599899501759858
1355,0.5310482189463139
1356,0.8454468531576861
1357,0.12670605387810005
1358,0.1770897832685525
1359,0.07163146394967433
1360,0.9088701276227303
1361,0.0761380286610162
1362,0.13075891773098
1363,0.9192113566670708
1364,0.8916884756595982
1365,0.9433939939024045
1366,0.230804457632483
1367,0.29213617511269063
1368,0.1540915806314403
1369,0.10383386986083949
1370,0.4406732577900795
1371,0.3371489071688549
1372,0.30693271514019305
1373,0.1828914460142956
1374,0.15678442002642756
1375,0.6520955100993941
1376,0.08397455044930908
1377,0.8259377292681753
1378,0.7744090770654616
1379,0.3153463067769618
1380,0.21623795801242843
1381,0.8636878555572503
1382,0.6081876078533062
1383,0.92468182039612
1384,0.599591164108562
1385,0.8765823993396009
1386,0.9623091284631226
1387,0.4603058863187634
1388,0.7427729878407854
1389,0.21017174375640257
1390,0.829734299897755
1391,0.5246894007929618
1392,0.9554089229181039
1393,0.8257603052781014
1394,0.9521463697751904
1395,0.37592203089441695
1396,0.913633477126262
1397,0.3304602669510073
1398,0.2797325111242341
1399,0.21057576044476595
1400,0.1753996795199763
1401,0.33700670836307356
1402,0.8534178277845864
1403,0.29158646551707007
1404,0.9292746604510999
1405,0.24175194571722455
1406,0.9129881913312401
1407,0.6697829706535576
1408,0.5875802847388742
1409,0.4052867976751939
1410,0.12444918950376538
1411,0.42275036449889924
1412,0.9482853434754371
1413,0.7446638000474031
1414,0.9071367389113784
1415,0.13569189611427707
1416,0.14528384855167642
1417,0.7044340923060913
1418,0.6990850834359039
1419,0.9237284698442986
1420,0.15121301543353013
1421,0.34826655534655915
1422,0.809754097747274
1423,0.2156201552156157
1424,0.2873321583990317
1425,0.9165873752839339
1426,0.4696669161164475
1427,0.5179418444214996
1428,0.1341206626603992
1429,0.43851391302604875
1430,0.13614112345048462
1431,0.36252820757729376
1432,0.8140209922522528
1433,0.9054870362659706
1434,0.6937262455561674
1435,0.11862618080694166
1436,0.150128485045747
1437,0.9296650891116918
1438,0.9207374720013527
1439,0.11019762476152231
1440,0.767153409026072
1441,0.6953303013184728
1442,0.16833658627629614
1443,0.7550270269979213
1444,0.7244064536606059
1445,0.4270473750468173
1446,0.9524981693549731
1447,0.3872424210104771
1448,0.8611457337067225
1449,0.17851387021005427
1450,0.9285880905168684
1451,0.11104160930992005
1452,0.9471107975363545
1453,0.5171927479964261
1454,0.9266374316364051
1455,0.8103640924644944
1456,0.9252256969628965
1457,0.7621260283481354
1458,0.19691553082560306
1459,0.7391403369518195
1460,0.80317016429641
1461,0.5617778186525479
1462,0.9414506856057954
1463,0.889743334455507
1464,0.9247756400715449
1465,0.945765700778099
1466,0.7698758646473126
1467,0.6600323524716318
1468,0.4448174195505112
1469,0.24900664902050995
1470,0.418403580766049
1471,0.5821318747960939
1472,0.12508246897956177
1473,0.28626137771866106
1474,0.08672213928104805
1475,0.6613768621838834
1476,0.8199049611436733
1477,0.8875786996714552
1478,0.1509145919747161
1479,0.09439741955222386
1480,0.16189703236001798
1481,0.8763197423521527
1482,0.8228585456828864
1483,0.19443133625802392
1484,0.8028864865765402
1485,0.1765657616890319
1486,0.9228852215530813
1487,0.4514610445253257
1488,0.9525363796000321
1489,0.8543434017522501
1490,0.23984177623331032
1491,0.9278834176334109
1492,0.33374553197566115
1493,0.8350367150338212
1494,0.9418282733649784
1495,0.09570785726492494
1496,0.5206643945094952
1497,0.17414483939660225
1498,0.45055719497240093
1499,0.3595183780071245
1500,0.9416689744518316
1501,0.09664586468160762
1502,0.14300362606374667
1503,0.9604674857522241
1504,0.2888624601427226
1505,0.15311930075030666
1506,0.25048224267055885
1507,0.6547748343438892
1508,0.8686416565915503
1509,0.3456954950241643
1510,0.9206874355467745
1511,0.9471376873740049
1512,0.5618193729379414
1513,0.24423855450434342
1514,0.4353242518394213
1515,0.5282794000670032
1516,0.13670480251604952
1517,0.9325855299849086
1518,0.2718766715189278
1519,0.15895965894595393
1520,0.9097823257453956
1521,0.4052867976751939
1522,0.2452221329685312
1523,0.9184304284432542
1524,0.1309316620981421
1525,0.1550869385069788
1526,0.061845701958314354
1527,0.14587349186745246
1528,0.11791506618224697
1529,0.90234733345819
1530,0.9317971737808417
1531,0.9633817394861699
1532,0.2554882122601676
1533,0.3335751513935915
1534,0.23786506020697504
1535,0.7961199454046634
1536,0.2942588424076166
1537,0.9122579022783197
1538,0.9471376873740049
1539,0.8158831418872673
1540,0.10245056388166457
1541,0.9149116474265313
1542,0.8750242934919106
1543,0.14272821235124433
1544,0.1336318693896433
1545,0.31572807215606413
1546,0.17878922803349648
1547,0.5399791085328726
1548,0.06454641112755981
1549,0.3890965279884312
1550,0.7887719021659414
1551,0.45588618943736864
1552,0.24227772125315555
1553,0.2942572567032761
1554,0.20685557489837197
1555,0.39659423743765976
1556,0.945765700778099
1557,0.3621357725280799
1558,0.3475880343575503
1559,0.6716433012923427
1560,0.12131405809284634
1561,0.9524929143642311
1562,0.25348831472493705
1563,0.9008027945581879
1564,0.5702560881339352
1565,0.7870184362413045
1566,0.9330546845972725
1567,0.12491116616840216
1568,0.17028559790499234
1569,0.19531801910757057
1570,0.17297353773326274
1571,0.9499991808895543
1572,0.6996563530301986
1573,0.37616550943524524
1574,0.9563955377584683
1575,0.42249829751140633
1576,0.4052867976751939
1577,0.1988625766570077
1578,0.7907360501643262
1579,0.17409077165080836
1580,0.9110519846991085
1581,0.9563829453049433
1582,0.19255077723554276
1583,0.909942015720386
1584,0.9003361255028766
1585,0.9568564181194493
1586,0.7581999956862264
1587,0.9527275269006888
1588,0.5680300806800622
1589,0.10533558492245719
1590,0.9251908942479891
1591,0.33294494515484874
1592,0.35857852271429314
1593,0.7834194360719301
1594,0.9210955073261126
1595,0.9024261932048985
1596,0.9444770270216214
1597,0.3083418515579161
1598,0.14770850494451182
1599,0.9422020942591849
1600,0.21317923732771007
1601,0.9511782818942751
1602,0.367580038210199
1603,0.45708067302035266
1604,0.4041237549475885
1605,0.14720456840868215
1606,0.6927554388114401
1607,0.8662694516122567
1608,0.04338129659073155
1609,0.4827243195572862
1610,0.7608227270037851
1611,0.9605696800082467
1612,0.23072334853652524
1613,0.3339972199609343
1614,0.4467722754961779
1615,0.20673138914355674
1616,0.058702253546564144
1617,0.9549038339262803
1618,0.14516211919208857
1619,0.2661989581903741
1620,0.13811158892044006
1621,0.9621345726639552
1622,0.8872412939467558
1623,0.3164589623689097
1624,0.7456934066424098
1625,0.13007983805252413
1626,0.608211956418516
1627,0.4702170486081752
1628,0.14476099828923697
1629,0.9603971357818907
1630,0.06826437897930085
1631,0.7542375935588692
1632,0.7641988269314537
1633,0.9675466035802238
1634,0.23984860370996222
1635,0.9533194471172691
1636,0.29702067719869735
1637,0.9284260899720042
1638,0.9301151059719661
1639,0.8116996314078873
1640,0.9113194221213937
1641,0.19738298726242628
1642,0.25231830623017326
1643,0.11009940617993294
1644,0.24186062614905138
1645,0.9496444327248785
1646,0.6732525485406643
1647,0.16438701028928532
1648,0.16445633366341303
1649,0.155382233380734
1650,0.15688112949426528
1651,0.9566301081027935
1652,0.940813253291687
1653,0.08572545329295944
1654,0.9272841567188056
1655,0.2059298818201436
1656,0.6626195597153203
1657,0.9291912572567593
1658,0.26329434381039657
1659,0.3132310746474171
1660,0.7009665189102718
1661,0.8386019584703746
1662,0.4696669161164475
