tree
version=v3
num_class=1
num_tree_per_iteration=1
label_index=0
max_feature_idx=8
objective=binary sigmoid:1
feature_names=Column_0 Column_1 Column_2 Column_3 Column_4 Column_5 Column_6 Column_7 Column_8
feature_infos=[0:75] [0:11] [0:3] [-6847:81204] [0:1] [0:30] [0:11] [2:3881] [0:35]
tree_sizes=2218 2207 2206 2210 2207 2208 2216 2217 2229 2215 2236 2212 2217 2222 2214 2233 2229 2231 2222 2230 2225 2226 2227 2219 2203 2220 2213 2220 2212 2214 2207 2213 2209 2197 2204 2203

Tree=0
num_leaves=20
num_cat=0
split_feature=7 7 4 7 4 3 3 6 6 6 8 7 0 6 7 6 0 6 6
split_gain=1617.71 409.561 343.908 196.677 121.371 81.5271 61.7543 57.5285 56.5172 54.7834 44.9581 40.7164 38.6223 36.7148 35.8365 33.4568 32.5703 30.0948 28.3668
threshold=206.50000000000003 475.50000000000006 1.0000000180025095e-35 129.50000000000003 1.0000000180025095e-35 52.500000000000007 107.50000000000001 9.5000000000000018 7.5000000000000009 9.5000000000000018 1.5000000000000002 668.50000000000011 42.500000000000007 9.5000000000000018 387.50000000000006 9.5000000000000018 11.500000000000002 3.5000000000000004 1.0000000180025095e-35
decision_type=2 2 2 2 2 2 2 2 2 2 2 2 2 2 2 2 2 2 2
left_child=3 2 5 15 6 -2 -5 8 -4 17 -8 -3 13 16 -10 -1 -7 -6 -18
right_child=1 11 7 4 9 12 10 -9 14 -11 -12 -13 -14 -15 -16 -17 18 -19 -20
leaf_value=-0.40671196561194656 -0.1596060619638483 0.11242714293272327 -0.14196400716544547 -0.3089149148652604 -0.16560974605282486 0.18539548660598801 0.021851635134928535 0.19274656947839339 -0.37618474079881037 0.20118069599924784 -0.2253431522209359 0.22586049460985277 0.27508156878982215 0.25712883056187974 -0.13777889121020412 -0.095065193979410698 0.21954097396679598 -0.39101406322160315 -0.012519913154127607
leaf_weight=450.53406563401222 54.632868424057961 213.04324033856392 132.21653088927269 42.658541098237038 29.187422856688499 55.880194187164307 119.49380810558796 12.722722783684729 112.50878383219242 7.2344894260168067 38.66709865629673 324.05523325502872 45.15319262444973 39.166028961539268 32.679934993386269 14.219513699412344 23.449724346399307 132.46599604189396 188.096725076437
leaf_count=1806 219 854 530 171 117 224 479 51 451 29 155 1299 181 157 131 57 94 531 754
internal_value=-0.0925736 0.0498704 -0.0513697 -0.310615 -0.201592 0.0673152 -0.0964335 -0.217602 -0.236778 -0.326349 -0.0387517 0.181039 0.102594 0.0767774 -0.322775 -0.397186 0.0499161 -0.350576 0.0137052
internal_weight=0 1233.61 696.507 834.461 369.707 406.379 200.819 290.128 277.405 168.888 158.161 537.098 351.746 306.593 145.189 464.754 267.427 161.653 211.546
internal_count=8290 4945 2792 3345 1482 1629 805 1163 1112 677 634 2153 1410 1229 582 1863 1072 648 848
is_linear=0
shrinkage=1


Tree=1
num_leaves=20
num_cat=0
split_feature=7 7 4 7 4 6 6 7 6 0 0 2 8 6 6 4 8 6 7
split_gain=1066.47 324.248 235.631 89.9246 58.0925 54.8648 53.6053 51.5516 48.6885 48.2091 44.1977 43.466 38.087 37.3468 29.041 28.5483 25.119 24.5071 18.0401
threshold=176.50000000000003 395.50000000000006 1.0000000180025095e-35 114.50000000000001 1.0000000180025095e-35 9.5000000000000018 9.5000000000000018 636.50000000000011 7.5000000000000009 41.500000000000007 11.500000000000002 1.5000000000000002 2.5000000000000004 6.5000000000000009 9.5000000000000018 1.0000000180025095e-35 1.0000000180025095e-35 3.5000000000000004 77.500000000000014
decision_type=2 2 2 2 2 2 2 2 2 2 2 2 2 2 2 2 2 2 2
left_child=3 2 6 18 12 8 9 15 13 10 -2 16 -5 -4 17 -3 -12 -6 -1
right_child=1 7 5 4 14 -7 -8 -9 -10 -11 11 -13 -14 -15 -16 -17 -18 -19 -20
leaf_value=-0.31176836298807364 0.2021971865059384 0.19475155374838843 -0.089945905629655959 -2.204566055525039e-05 -0.059904347678527474 0.25501263865852408 0.29551781582464082 0.25303354556766888 -0.23427338358077693 0.27995764781549964 0.031066874746663344 0.09766250180509245 -0.25064564263229805 0.39139549555948916 0.21410139468231706 0.071406234311199912 -0.14862149591182838 -0.27674823265210452 -0.22274573083333624
leaf_weight=201.94152738153934 60.04199081659317 170.95738524198532 130.38091841340065 137.2068675160408 25.887053340673447 13.621439218521116 51.009529799222946 353.53928098082542 140.00707995891571 40.668955057859421 54.862246885895729 119.13842834532261 29.091852590441704 6.4189875721931449 5.6961067020893088 134.73680570721626 71.20536932349205 112.0749174952507 176.87126812338829
leaf_count=841 242 687 526 556 105 55 207 1431 580 165 220 478 119 26 23 541 286 466 736
internal_value=0 0.100806 0.00467732 -0.20509 -0.124968 -0.132124 0.104804 0.200977 -0.151491 0.0763945 0.0489664 0.011197 -0.0443258 -0.0663628 -0.217964 0.140539 -0.0705628 -0.23633 -0.270461
internal_weight=0 1346.59 687.355 688.77 309.957 290.428 396.927 659.233 276.807 345.917 305.248 245.206 166.299 136.8 143.658 305.694 126.068 137.962 378.813
internal_count=8290 5444 2785 2846 1269 1187 1598 2659 1132 1391 1226 984 675 552 594 1228 506 571 1577
is_linear=0
shrinkage=0.2


Tree=2
num_leaves=20
num_cat=0
split_feature=7 7 7 4 4 3 6 6 6 8 3 7 6 6 0 6 6 0 3
split_gain=733.803 156.386 123.92 117.725 93.4294 61.6523 44.3305 32.7231 35.3319 32.57 32.1289 25.8597 19.5315 18.9677 18.8349 18.5694 17.1063 18.0816 23.7499
threshold=251.50000000000003 114.50000000000001 475.50000000000006 1.0000000180025095e-35 1.0000000180025095e-35 107.50000000000001 9.5000000000000018 7.5000000000000009 6.5000000000000009 2.5000000000000004 67.500000000000014 797.50000000000011 6.5000000000000009 9.5000000000000018 42.500000000000007 3.5000000000000004 1.0000000180025095e-35 12.500000000000002 947.50000000000011
decision_type=2 2 2 2 2 2 2 2 2 2 2 2 2 2 2 2 2 2 2
left_child=1 13 4 5 10 14 7 8 15 12 -2 -4 16 -1 -3 -5 -7 -18 -19
right_child=2 3 11 6 -6 9 -8 -9 -10 -11 -12 -13 -14 -15 -16 -17 17 18 -20
leaf_value=-0.24244346921255888 -0.041400553366979682 -0.18555458592092358 0.14566674059574822 -0.046307021537822401 -0.061398015665596217 0.19775071732013469 0.18880635338360668 -0.2493319016795883 0.36605879155686988 -0.11832442354231772 0.14263596381279178 0.2367165500091015 0.16079232038858238 0.024648894628156379 0.20908461791915936 -0.21207425989751738 0.14771110357811146 -0.15117532410082038 0.053202115766682795
leaf_weight=342.10247775912285 44.414415448904037 63.279942646622658 297.37769612669945 53.795757278800011 199.34472286701202 22.633072301745415 13.136718571186064 138.70132356882095 5.7065691798925391 36.330643013119698 254.40368610620499 218.95450365543365 84.566904857754707 10.908916324377058 4.9320806711912146 54.502620488405228 28.521186456084251 39.091788113117218 53.365913957357407
leaf_count=1532 179 261 1226 219 829 92 55 615 24 152 1045 927 345 45 20 234 116 158 216
internal_value=0 -0.128658 0.115792 -0.0663228 0.0445782 0.0129772 -0.165452 -0.184118 -0.104225 0.056722 0.115265 0.184419 0.0847397 -0.234172 -0.156044 -0.130171 0.0396566 0.00956584 -0.033469
internal_weight=0 951.576 1014.5 598.565 498.163 332.722 265.843 252.706 114.005 264.51 298.818 516.332 228.179 353.011 68.212 108.298 143.612 120.979 92.4577
internal_count=8290 4084 4206 2507 2053 1360 1147 1092 477 1079 1224 2153 927 1577 281 453 582 490 374
is_linear=0
shrinkage=0.2


Tree=3
num_leaves=20
num_cat=0
split_feature=7 7 6 3 7 6 6 7 3 6 6 6 8 6 6 5 6 5 6
split_gain=512.292 150.989 82.3852 75.5975 58.0094 42.0293 45.3501 34.5482 28.2455 28.118 35.0524 23.6261 22.7857 26.7265 64.089 20.0475 16.5615 16.4598 19.8371
threshold=176.50000000000003 371.50000000000006 9.5000000000000018 1158.5000000000002 88.500000000000014 9.5000000000000018 1.0000000180025095e-35 797.50000000000011 24.500000000000004 7.5000000000000009 6.5000000000000009 7.5000000000000009 2.5000000000000004 7.5000000000000009 6.5000000000000009 3.5000000000000004 9.5000000000000018 14.500000000000002 3.5000000000000004
decision_type=2 2 2 2 2 2 2 2 2 2 2 2 2 2 2 2 2 2 2
left_child=4 2 3 8 -1 6 -6 16 -2 10 17 -5 13 14 -8 -11 -3 -10 -19
right_child=1 7 -4 11 5 -7 12 -9 9 15 -12 -13 -14 -15 -16 -17 -18 18 -20
leaf_value=-0.23744231997392173 -0.18053857914529259 0.095033812332726925 0.22973823302452026 0.12208427370098041 0.11803302511511143 0.14040646686169653 -0.10086578234164943 0.20447106073284538 0.02838800955491956 0.2343786199835719 0.32080531063664447 -0.038142679637533594 -0.24825259649377901 -0.19307344103700083 0.38988747143980884 -0.16032270081272093 0.24704699207938141 0.0044663062575530732 -0.19140263109424371
leaf_weight=211.39594741165638 82.198376834392548 426.51499246060848 55.493149772286415 135.77016654610634 28.212734833359718 25.260843515396118 153.71837124228477 204.4404022693634 99.389757692813873 5.1451271623373023 12.055517226457594 50.250873848795891 67.979107141494751 114.32572378218174 11.071173295378683 88.089982882142067 30.565622135996819 41.839363634586334 40.499136164784431
leaf_count=1044 352 1791 244 561 121 104 673 927 409 22 50 221 317 540 47 395 131 173 168
internal_value=0 0.0699353 -0.00178049 -0.0250575 -0.152701 -0.107801 -0.124629 0.136109 -0.077416 -0.0476881 -0.00420093 0.0788115 -0.144458 -0.118883 -0.0670935 -0.137699 0.105391 -0.0263709 -0.0923005
internal_weight=0 1272.25 610.731 555.238 611.964 400.568 375.307 661.521 369.217 287.019 193.784 186.021 347.094 279.115 164.79 93.2351 457.081 181.728 82.3385
internal_count=8290 5444 2595 2351 2846 1802 1698 2849 1569 1217 800 782 1577 1260 720 417 1922 750 341
is_linear=0
shrinkage=0.2


Tree=4
num_leaves=20
num_cat=0
split_feature=7 7 0 7 2 0 7 8 3 3 2 8 0 0 5 5 0 3 3
split_gain=354.877 108.169 77.0684 50.3097 49.0247 38.0682 34.3249 31.1987 22.6755 20.0149 19.413 17.589 17.2792 15.694 13.0706 12.927 10.8218 10.6618 10.2211
threshold=176.50000000000003 612.50000000000011 42.500000000000007 77.500000000000014 1.5000000000000002 7.5000000000000009 355.50000000000006 1.0000000180025095e-35 1158.5000000000002 1489.5000000000002 1.5000000000000002 1.0000000180025095e-35 6.5000000000000009 42.500000000000007 3.5000000000000004 3.5000000000000004 29.500000000000004 -69.999999999999986 52.500000000000007
decision_type=2 2 2 2 2 2 2 2 2 2 2 2 2 2 2 2 2 2 2
left_child=3 2 4 -1 5 -2 8 10 11 16 -5 17 -9 14 -14 -10 18 -7 -6
right_child=1 -3 -4 7 9 6 -8 12 15 -11 -12 -13 13 -15 -16 -17 -18 -19 -20
leaf_value=-0.23167990702620977 0.18315830509788092 0.15717261370740895 0.23688710051580256 -0.084208371193618195 -0.041271495169629725 -0.28368758325546156 0.022322295198872036 0.17599721616253391 0.20437323132379942 0.1345456246104689 0.052015793999659513 -0.17723507142797798 -0.010999093603041949 0.088472537772489021 -0.17834847316591604 -0.030622312960647324 -0.058926345284524756 -0.041147696365445408 0.077002797502188455
leaf_weight=150.53103518486023 30.511932179331779 324.64048255980015 62.195871904492378 111.08610685169697 36.505452424287796 7.5388945192098609 182.51232245564461 6.2981218844652167 10.27227073907852 113.2732340991497 66.683984488248825 112.43167249858379 20.585257858037949 10.145729795098303 205.54130423069 77.507193893194199 42.663726955652237 89.96752718091011 142.24790318310261
leaf_count=841 134 1533 280 527 155 35 766 29 43 482 304 498 96 44 1005 332 182 397 607
internal_value=0 0.0581632 0.0226997 -0.132534 0.00684562 -0.0321348 -0.0459445 -0.0968554 -0.0877704 0.0663 -0.0331069 -0.123408 -0.143452 -0.15223 -0.163157 -0.00237794 0.03122 -0.0609043 0.0528131
internal_weight=0 1232.27 907.628 570.872 845.432 510.742 480.23 420.341 297.718 334.69 177.77 209.938 242.57 236.272 226.127 87.7795 221.417 97.5064 178.753
internal_count=8290 5444 3911 2846 3631 2205 2071 2005 1305 1426 831 930 1174 1145 1101 375 944 432 762
is_linear=0
shrinkage=0.2


Tree=5
num_leaves=20
num_cat=0
split_feature=6 0 0 5 6 6 5 6 6 5 3 3 6 6 0 3 6 3 5
split_gain=87.614 75.9229 56.3303 44.3458 60.1605 41.02 81.4427 40.3224 41.1376 26.5052 20.2792 15.3556 19.4433 31.444 15.175 13.6072 10.7345 9.8789 8.95938
threshold=9.5000000000000018 42.500000000000007 12.500000000000002 14.500000000000002 8.5000000000000018 1.0000000180025095e-35 19.500000000000004 7.5000000000000009 6.5000000000000009 3.5000000000000004 33.500000000000007 462.50000000000006 3.5000000000000004 1.5000000000000002 7.5000000000000009 328.50000000000006 5.5000000000000009 1583.5000000000002 10.500000000000002
decision_type=2 2 2 2 2 2 2 2 2 2 2 2 2 2 2 2 2 2 2
left_child=1 2 14 4 7 6 -5 8 10 -9 -4 -7 13 -13 16 -16 -1 -12 -11
right_child=-2 -3 3 5 -6 11 -8 9 -10 18 17 12 -14 -15 15 -17 -18 -19 -20
leaf_value=0.22400905569095012 0.16776017350124106 0.18584879756214229 -0.09967106467261172 -0.13444534146772075 0.33158312365811632 -0.13399055235472401 0.27386440593512473 0.20336437241269723 0.32827377509012751 -0.15110394730055374 0.0026931164172090578 -0.037908242211325598 -0.090740895258614632 0.33946177045125547 -0.022807599899513545 0.075090150400850764 0.062447989223297931 0.076512981895812085 -0.063419125873865598
leaf_weight=31.179858714342117 113.20910705626011 72.288404747843742 59.364923804998398 41.52873606979847 20.279909268021584 259.51824040710926 36.270884573459625 11.343770697712896 16.31325900554657 93.20020766556263 220.09383952617645 39.966669276356697 239.23807363212109 10.945675373077391 103.75114849209785 124.7391791343689 35.2154491096735 107.79410339891911 94.72452637553215
leaf_count=141 535 343 286 193 91 1292 161 52 71 475 1006 194 1177 48 499 587 167 491 481
internal_value=0 -0.0139573 -0.0233455 -0.0418865 -0.00408539 -0.0794008 0.0563086 -0.0155746 0.0207776 -0.089098 0.00752232 -0.098634 -0.0668794 0.0450915 0.0552392 0.0306726 0.139142 0.0270207 -0.107118
internal_weight=0 1617.76 1545.47 1250.58 623.115 627.468 77.7996 602.835 403.566 199.269 387.253 549.669 290.15 50.9123 294.886 228.49 66.3953 327.888 187.925
internal_count=8290 7755 7412 6018 2953 3065 354 2862 1854 1008 1783 2711 1419 242 1394 1086 308 1497 956
is_linear=0
shrinkage=0.2


Tree=6
num_leaves=20
num_cat=0
split_feature=7 7 4 7 6 6 5 6 6 6 7 4 0 4 6 6 6 6 2
split_gain=245.331 100.206 68.8145 27.958 24.9406 27.3342 27.5454 21.6702 27.9084 20.0951 18.8594 16.9548 14.8152 22.6121 15.9721 14.1655 13.7709 22.1767 11.7726
threshold=351.50000000000006 133.50000000000003 1.0000000180025095e-35 797.50000000000011 9.5000000000000018 1.0000000180025095e-35 15.500000000000002 9.5000000000000018 7.5000000000000009 8.5000000000000018 77.500000000000014 1.0000000180025095e-35 12.500000000000002 1.0000000180025095e-35 9.5000000000000018 6.5000000000000009 8.5000000000000018 6.5000000000000009 1.0000000180025095e-35
decision_type=2 2 2 2 2 2 2 2 2 2 2 2 2 2 2 2 2 2 2
left_child=1 10 4 11 5 -3 9 8 15 18 -1 -2 13 -12 -14 -4 17 -8 -7
right_child=3 2 7 -5 -6 6 16 -9 -10 -11 12 -13 14 -15 -16 -17 -18 -19 -20
leaf_value=-0.21171979033286151 0.10555320788708983 0.17899323397054726 -0.057303043915376745 0.16305362425132924 0.17474483128713875 -0.10726213359871502 -0.087300591205663247 0.14739035784071505 -0.1696272188598445 0.2666911197015216 0.12625499594856404 0.029303829573217057 -0.15145252854060012 -0.19349116264507024 0.13362913616552061 0.23908533232174764 -0.22845690075699621 0.117779894712601 0.047645210038058258
leaf_weight=127.23112401366234 248.60684312880039 36.949149802327156 140.2636471092701 177.46678552031517 44.20558924973011 22.021297112107277 98.894721895456314 14.038455188274382 136.06271831691265 15.032620474696158 22.410360038280487 220.20628991723061 165.10719828307629 14.092732176184652 7.9779525548219672 6.3980892449617377 18.23593071103096 26.43836022913456 159.20465756952763
leaf_count=841 1139 164 616 927 223 100 437 70 740 65 104 950 899 77 33 29 76 115 685
internal_value=0 -0.0609749 -0.0187156 0.0954785 0.0332726 0.0165187 -0.00132292 -0.0924145 -0.104499 0.0473437 -0.150908 0.0697896 -0.113683 0.00210604 -0.138055 -0.0438026 -0.0678007 -0.04382 0.0286413
internal_weight=0 1054.56 717.745 646.28 420.982 376.777 339.828 296.763 282.724 196.259 336.819 468.813 209.588 36.5031 173.085 146.662 143.569 125.333 181.226
internal_count=8290 5274 3320 3016 1865 1642 1478 1455 1385 850 1954 2089 1113 181 932 645 628 552 785
is_linear=0
shrinkage=0.2


Tree=7
num_leaves=20
num_cat=0
split_feature=7 7 4 3 7 6 6 6 5 6 6 6 8 8 6 6 6 5 4
split_gain=175.988 73.063 54.4633 23.978 23.7903 19.0702 18.3487 22.4597 26.1327 16.7941 15.2593 17.0324 14.7767 11.4842 14.1616 39.2707 11.8183 15.2262 10.2631
threshold=152.50000000000003 522.50000000000011 1.0000000180025095e-35 107.50000000000001 77.500000000000014 1.0000000180025095e-35 7.5000000000000009 8.5000000000000018 15.500000000000002 9.5000000000000018 1.0000000180025095e-35 8.5000000000000018 2.5000000000000004 1.5000000000000002 7.5000000000000009 6.5000000000000009 3.5000000000000004 7.5000000000000009 1.0000000180025095e-35
decision_type=2 2 2 2 2 2 2 2 2 2 2 2 2 2 2 2 2 2 2
left_child=4 2 3 10 -1 18 12 -8 -9 13 -2 -12 -4 14 15 16 17 -7 -6
right_child=1 -3 6 -5 5 9 7 8 -10 -11 11 -13 -14 -15 -16 -17 -18 -19 -20
leaf_value=-0.19769200752392269 0.23633965248338917 0.10850291628770264 0.016019121369899813 0.066179753715229786 0.23604756671503915 -0.14096952073830632 -0.13814159366497367 0.26723249258917287 -0.080058804996013644 0.087322049855370995 -0.10481865891470998 0.14213286368088007 -0.13542405817887002 -0.1824627582242011 -0.15727521084921603 0.37817913904604028 -0.14936384908850722 0.087758362614202862 -0.063683051703151111
leaf_weight=110.80633632093668 6.7515085041522971 377.84982004761696 145.56192930042744 410.90260334312916 10.349591121077539 19.367070555686951 141.98915565013885 12.48516148328781 26.256912544369698 17.254424899816513 74.638329923152924 12.794485300779341 30.930482223629951 71.720488980412483 67.106881067156792 7.9389713108539572 44.522448375821114 28.011471137404442 7.7408113926649085
leaf_count=841 29 1927 627 1885 46 92 754 62 137 75 333 58 139 434 404 35 236 138 38
internal_value=0 0.0352147 0.00306816 0.0453256 -0.119543 -0.0877168 -0.0566656 -0.101391 0.0333336 -0.101766 -0.0455586 -0.0682332 -0.0107498 -0.115551 -0.0864646 -0.0384636 -0.0758315 -0.00610824 0.109092
internal_weight=0 1240.16 862.311 505.087 384.818 274.012 357.224 180.731 38.7421 255.922 94.1843 87.4328 176.492 238.667 166.947 99.84 91.901 47.3785 18.0904
internal_count=8290 5951 4024 2305 2339 1498 1719 953 199 1414 420 391 766 1339 905 501 466 230 84
is_linear=0
shrinkage=0.2


Tree=8
num_leaves=20
num_cat=0
split_feature=4 0 3 0 0 2 8 5 5 3 0 1 3 3 0 1 1 2 2
split_gain=36.6258 31.2325 28.7056 14.3154 12.3055 12.6226 10.5839 10.4624 10.3038 9.94964 9.7098 8.90081 8.13077 9.57229 7.83076 7.12789 11.6755 6.63837 6.76783
threshold=1.0000000180025095e-35 11.500000000000002 196.50000000000003 42.500000000000007 42.500000000000007 1.0000000180025095e-35 1.0000000180025095e-35 7.5000000000000009 26.500000000000004 1612.5000000000002 32.500000000000007 7.5000000000000009 976.50000000000011 1081.5000000000002 41.500000000000007 1.0000000180025095e-35 3.5000000000000004 2.5000000000000004 1.0000000180025095e-35
decision_type=2 2 2 2 2 2 2 2 2 2 2 2 2 2 2 2 2 2 2
left_child=1 7 14 12 5 10 11 -1 -9 -8 -4 15 17 -14 -3 -7 -17 18 -2
right_child=3 2 4 -5 -6 6 9 8 -10 -11 -12 -13 13 -15 -16 16 -18 -19 -20
leaf_value=0.028697735551003509 -0.10612944297144999 -0.065091126799760077 -0.15945579618540306 0.24474076415887064 0.11854932861320121 0.14584977289311798 -0.027030846687296873 0.18667260549086362 0.014802972311619528 0.057290354989976769 0.018455808520469588 0.14378736231293207 0.14286784545416714 -0.016316531170585777 0.081014460292630291 -0.1041767537386895 0.057396808651090737 -0.18198176505341723 -0.036565112698121197
leaf_weight=36.964167103171349 65.170214176177979 178.79636829346418 24.222675509750843 6.9838206470012656 64.188066467642784 22.564035698771477 133.45560908317566 75.178027085959911 17.195855863392353 95.860292039811611 24.350911661982536 50.740340583026409 15.871557608246802 216.49056247621775 15.669559843838213 22.439227730035782 82.711217395961285 14.652788534760473 389.47420585155487
leaf_count=183 390 937 122 34 363 111 692 367 89 487 128 245 83 1165 79 110 398 82 2183
internal_value=0 0.0286988 0.0123121 -0.0329507 0.0368021 0.0252169 0.0367085 0.118993 0.154865 0.00825331 -0.0708013 0.0731806 -0.0358425 -0.005233 -0.0531865 0.0447937 0.0226718 -0.050982 -0.0466151
internal_weight=0 844.336 714.998 708.643 520.532 456.344 407.771 129.338 92.3739 229.316 48.5736 178.455 701.659 232.362 194.466 127.714 105.15 469.297 454.644
internal_count=8248 4311 3672 3937 2656 2293 2043 639 456 1179 250 864 3903 1248 1016 619 508 2655 2573
is_linear=0
shrinkage=0.2


Tree=9
num_leaves=20
num_cat=0
split_feature=7 7 8 4 3 0 2 1 0 0 7 7 0 1 0 7 7 1 3
split_gain=136.005 34.7128 34.1968 29.0016 22.012 17.6742 14.5192 13.8121 13.6732 11.6065 10.9502 10.6711 8.85754 8.68821 9.84579 8.42879 7.12128 8.58116 6.1158
threshold=222.50000000000003 636.50000000000011 2.5000000000000004 1.0000000180025095e-35 102.50000000000001 42.500000000000007 1.5000000000000002 7.5000000000000009 11.500000000000002 41.500000000000007 61.500000000000007 142.50000000000003 7.5000000000000009 8.5000000000000018 26.500000000000004 341.50000000000006 392.50000000000006 1.0000000180025095e-35 1081.5000000000002
decision_type=2 2 2 2 2 2 2 2 2 2 2 2 2 2 2 2 2 2 2
left_child=2 5 3 4 -1 6 7 16 18 11 -10 -5 -4 -9 15 -15 17 -2 -6
right_child=1 -3 12 9 8 -7 -8 13 10 -11 -12 -13 -14 14 -16 -17 -18 -19 -20
leaf_value=-0.12409764735593279 0.02849951833804041 0.11118965465037201 0.087952998155482187 -0.15574070204599569 0.18606472198735868 0.15464631510319848 0.053579768855119239 0.19019120940046974 -0.20672507465708448 0.18167979483540372 0.0077907194103353297 -0.064280936378009343 -0.18609682038400674 -0.088089848677421312 0.11679883548911629 0.052718668756511461 0.0055828894842856313 -0.084360185755759806 0.025637748223868169
leaf_weight=52.616223119199276 34.243273079395294 253.95411159098148 4.7293658554553977 112.16623566299677 24.50646698474884 39.038127824664116 256.12560322880745 14.996981233358381 9.7002584561705572 5.1292661800980559 173.08391271531582 94.933980628848076 105.91431545466185 32.589843794703484 33.352203413844109 34.774756148457527 114.82064175605774 123.45619800686836 15.599488019943236
leaf_count=299 165 1431 24 826 113 239 1187 78 81 27 844 549 750 158 151 157 500 596 73
internal_value=0 0.0481063 -0.0739078 -0.0510577 -0.00822091 0.0246165 0.0166543 -0.00773406 0.0192941 -0.106555 -0.00398917 -0.114006 -0.174128 0.0500582 0.0285707 -0.0155115 -0.0323077 -0.0598442 0.124472
internal_weight=0 937.352 598.38 487.736 275.506 683.398 644.36 388.234 222.89 212.229 182.784 207.1 110.644 115.714 100.717 67.3646 272.52 157.699 40.106
internal_count=8248 4662 3586 2812 1410 3231 2992 1805 1111 1402 925 1375 774 544 466 315 1261 761 186
is_linear=0
shrinkage=0.2


Tree=10
num_leaves=20
num_cat=0
split_feature=7 7 7 8 0 3 0 3 3 7 4 0 7 4 7 2 7 2 3
split_gain=92.5991 30.6654 25.3306 22.6603 13.5224 11.345 11.1499 11.0689 10.3851 12.7211 9.27585 8.87156 8.51552 7.39728 8.64448 7.12086 6.57963 7.84983 5.86461
threshold=222.50000000000003 77.500000000000014 654.50000000000011 1.0000000180025095e-35 42.500000000000007 -1.0000000180025095e-35 11.500000000000002 200.50000000000003 976.50000000000011 133.50000000000003 1.0000000180025095e-35 7.5000000000000009 359.50000000000006 1.0000000180025095e-35 144.50000000000003 1.5000000000000002 446.50000000000006 1.0000000180025095e-35 992.50000000000011
decision_type=2 2 2 2 2 2 2 2 2 2 2 2 2 2 2 2 2 2 2
left_child=1 -1 4 5 7 -3 10 12 15 -10 -5 -9 -2 -7 -15 -8 17 -13 -16
right_child=2 3 -4 6 -6 13 8 11 9 -11 -12 16 -14 14 18 -17 -18 -19 -20
leaf_value=-0.17406644546960617 -0.068464490423599769 -0.21009852504434395 0.098405307504679074 0.090554107938613071 0.13905466149732154 0.042516314843279501 -0.17064515766143773 0.15259368819754449 -0.15482561620364779 0.0081848222252800754 -0.1177252093806023 -0.085827863019573847 0.01421116621482049 -0.10455912689235194 -0.029177282395806511 -0.076781788918392102 0.063090278489390889 0.019841364473507955 0.11584806802915584
leaf_weight=84.191227935254574 94.453821904957294 9.1872555240988714 222.87084960192442 24.184361562132835 36.303121939301491 130.11167236417532 84.017418406903744 22.610151469707489 28.176222331821918 58.063612520694733 12.760197788476942 30.978248037397861 104.80739070475101 37.474940314888954 30.569355703890324 54.052598148584366 127.35450987517834 272.91926328837872 17.092860847711563
leaf_count=837 475 64 1347 111 243 613 565 123 181 289 82 143 458 254 178 322 594 1279 90
internal_value=0 -0.062884 0.0398472 -0.0434931 0.0208744 0.00312594 -0.0834898 0.0142303 -0.100234 -0.0455089 0.0181618 0.0314746 -0.0250332 0.0125726 -0.0331751 -0.134203 0.0249988 0.0089783 0.0233255
internal_weight=0 569.882 912.297 485.69 689.427 224.436 261.254 653.123 224.31 86.2398 36.9446 453.862 199.261 215.249 85.1372 138.07 431.252 303.898 47.6622
internal_count=8248 3586 4662 2749 3315 1199 1550 3072 1357 470 193 2139 933 1135 522 887 2016 1422 268
is_linear=0
shrinkage=0.2


Tree=11
num_leaves=20
num_cat=0
split_feature=8 4 0 5 3 0 2 5 5 5 0 3 3 0 3 0 5 2 5
split_gain=16.1096 17.051 13.4102 14.2479 11.8988 8.44041 6.98826 7.37631 10.4391 13.8634 7.32016 6.29737 5.32519 5.17354 5.11697 5.16072 4.87059 8.53692 5.25051
threshold=5.5000000000000009 1.0000000180025095e-35 6.5000000000000009 4.5000000000000009 229.50000000000003 41.500000000000007 1.0000000180025095e-35 12.500000000000002 20.500000000000004 27.500000000000004 37.500000000000007 12243.500000000002 -45.499999999999993 39.500000000000007 1583.5000000000002 8.5000000000000018 17.500000000000004 1.5000000000000002 18.500000000000004
decision_type=2 2 2 2 2 2 2 2 2 2 2 2 2 2 2 2 2 2 2
left_child=1 2 3 -1 12 -3 10 14 11 -10 -6 -9 -4 -11 -8 -16 17 -14 -18
right_child=-2 5 4 -5 6 -7 7 8 9 13 -12 -13 16 -15 15 -17 18 -19 -20
leaf_value=-0.17762920686163583 -0.098830531042896075 -0.023354351693235 -0.14041426431659615 0.2217971116499704 -0.092778301419040712 0.1353720276553789 0.046353806107348419 -0.0092664710417894314 0.11351107522811697 -0.056648638802966916 0.042738384224872958 -0.26187827941188541 -0.029860977110202299 0.15826347081360218 -0.092798568544898374 0.12359765393079042 -0.19919852761827117 0.079809695361024557 -0.031601784293629281
leaf_weight=3.9258241057395962 62.5843745470047 607.75540867447853 13.351557433605192 23.128240317106247 31.871594578027725 13.337694153189657 114.97159922868013 125.49246142059565 78.638202466070652 35.721263885498047 31.222423702478409 3.7060872986912718 69.551103219389915 4.7540293484926215 4.4088954180479041 78.50551563501358 7.9618613347411147 47.44719423353672 75.464591883122921
leaf_count=21 445 3652 80 128 174 71 599 676 428 202 190 19 376 31 24 421 45 240 426
internal_value=0 0.00463629 0.0249245 0.162218 0.0197071 -0.019867 0.0363215 0.0451283 0.0221203 0.0647359 -0.0258593 -0.0172417 -0.0198688 -0.030198 0.0739038 0.111729 -0.0115939 0.0147263 -0.0484075
internal_weight=0 1371.22 750.122 27.0541 723.068 621.093 509.292 446.198 248.312 119.113 63.094 129.199 213.776 40.4753 197.886 82.9144 200.425 116.998 83.4265
internal_count=8248 7803 4080 149 3931 3723 2764 2400 1356 661 364 695 1167 233 1044 445 1087 616 471
is_linear=0
shrinkage=0.2


Tree=12
num_leaves=20
num_cat=0
split_feature=7 7 6 6 5 8 0 6 5 6 5 5 6 7 0 2 0 0 5
split_gain=65.016 24.9029 22.3432 22.2976 42.0926 18.5908 18.4611 14.3043 12.9102 11.5712 17.6308 11.3812 43.8072 11.0743 13.7845 11.1114 9.41871 8.12397 7.38266
threshold=164.50000000000003 654.50000000000011 9.5000000000000018 3.5000000000000004 3.5000000000000004 1.5000000000000002 42.500000000000007 3.5000000000000004 28.500000000000004 9.5000000000000018 3.5000000000000004 7.5000000000000009 1.5000000000000002 379.50000000000006 7.5000000000000009 1.0000000180025095e-35 32.500000000000007 7.5000000000000009 27.500000000000004
decision_type=2 2 2 2 2 2 2 2 2 2 2 2 2 2 2 2 2 2 2
left_child=5 2 3 8 -5 7 13 11 16 10 -9 -1 -13 14 -6 -16 17 -2 -15
right_child=1 -3 -4 4 6 -7 -8 9 -10 -11 -12 12 -14 18 15 -17 -18 -19 -20
leaf_value=-0.083914267079230026 0.1962324714769049 0.085861907475232382 0.12849095568006208 0.13800209323051413 0.12717353901285544 -0.14809468456323907 0.17492131490576332 0.10857275407383647 0.18518397877886128 0.061014969445713996 -0.12175644682430127 -0.023380730654193209 0.39819166636395842 0.00095474718172401283 -0.18965561765659489 -0.068832586309629282 0.10162125144431029 0.0024525450865861154 -0.15347092296120901
leaf_weight=26.328004747629166 8.7051371932029706 211.5766916424036 58.310660801827908 57.072589986026287 12.53439489752054 99.262450717389584 14.64474546164274 14.491895474493502 24.070462167263031 20.440878555178642 131.88788994401693 42.00521082431078 12.498282402753828 160.92964807152748 34.900403618812561 232.32433976978064 60.48002627491951 186.25068065524101 13.044152349233626
leaf_count=147 49 1347 369 267 71 899 103 90 121 98 1028 248 59 717 206 1216 310 846 57
internal_value=0 0.0244331 0.00934715 0.000661218 -0.0236129 -0.0751019 -0.0433995 -0.0456676 0.0462654 -0.0790699 -0.0987366 0.0233148 0.0753291 -0.0505832 -0.075198 -0.0848535 0.0329252 0.0114614 -0.0109256
internal_weight=0 1074.84 863.267 804.957 525.45 346.915 468.378 247.652 279.506 166.821 146.38 80.8315 54.5035 453.733 279.759 267.225 255.436 194.956 173.974
internal_count=8248 5679 4332 3963 2637 2569 2370 1670 1326 1216 1118 454 307 2267 1493 1422 1205 895 774
is_linear=0
shrinkage=0.2


Tree=13
num_leaves=20
num_cat=0
split_feature=7 7 3 6 2 7 0 6 6 5 6 5 5 6 7 7 6 6 5
split_gain=46.9073 21.6023 18.6819 15.0933 12.9768 12.6834 12.2701 8.51186 15.9101 43.7462 12.4102 9.41067 11.0663 11.7805 8.0836 7.92881 7.87266 10.8432 7.76802
threshold=129.50000000000003 344.50000000000006 -1.0000000180025095e-35 9.5000000000000018 1.5000000000000002 61.500000000000007 39.500000000000007 3.5000000000000004 1.5000000000000002 7.5000000000000009 1.0000000180025095e-35 11.500000000000002 8.5000000000000018 8.5000000000000018 896.50000000000011 139.50000000000003 2.5000000000000004 1.5000000000000002 4.5000000000000009
decision_type=2 2 2 2 2 2 2 2 2 2 2 2 2 2 2 2 2 2 2
left_child=5 2 -2 4 6 -1 15 8 10 -10 -7 12 -9 -14 -3 -4 17 -17 -18
right_child=1 14 3 -5 -6 7 -8 11 9 -11 -12 -13 13 -15 -16 16 18 -19 -20
leaf_value=-0.18525524305412314 -0.17453799247364971 0.032945882038654804 -0.18310224941086173 0.10717145204865941 0.024541930601908478 0.085040720158167882 0.07372402554529589 -0.085950529367382733 -0.15419537893985166 0.49056399662307676 -0.14566338669902837 -0.14300073907645139 0.01363164879317515 0.45136813475538234 0.09657618560870157 -0.0078203955857896416 0.019916070414809375 0.29949764971445209 -0.083282150327060378
leaf_weight=42.376332547515631 26.15967820584774 461.28386858105659 17.003423184156418 45.522834360599518 223.97728575766087 13.89874331653118 34.510961547493935 28.758180886507034 8.2689931169152278 7.9283428639173499 26.812919344753027 64.898490145802498 8.3533508554100973 3.1287934482097617 96.454755283892155 67.097236186265945 35.595704413950443 4.5576744973659506 158.28292640298605
leaf_count=553 190 2398 106 291 1102 81 196 218 59 42 221 588 67 16 684 312 170 20 934
internal_value=0 0.0155418 -0.0103805 -0.00295346 -0.0122867 -0.0882096 -0.0383023 -0.0624665 -0.000123768 0.165322 -0.0668455 -0.0960919 -0.0198235 0.143305 0.0440069 -0.0520647 -0.04343 0.0131687 -0.0643333
internal_weight=0 1170.45 612.708 586.548 541.025 204.424 317.048 162.048 56.909 16.1973 40.7117 105.139 40.2403 11.4821 557.739 282.537 265.534 71.6549 193.879
internal_count=8248 6403 3321 3131 2840 1845 1738 1292 403 101 302 889 301 83 3082 1542 1436 332 1104
is_linear=0
shrinkage=0.2


Tree=14
num_leaves=20
num_cat=0
split_feature=6 6 5 0 0 5 6 6 8 0 5 6 6 6 5 0 5 6 5
split_gain=13.8086 14.0217 31.0193 12.6189 15.0643 12.4732 83.2491 24.5386 23.5767 10.7869 8.75366 12.111 14.2475 9.06279 20.2306 8.92296 8.6345 9.76768 8.1759
threshold=9.5000000000000018 3.5000000000000004 3.5000000000000004 17.500000000000004 42.500000000000007 5.5000000000000009 1.5000000000000002 2.5000000000000004 1.0000000180025095e-35 11.500000000000002 17.500000000000004 7.5000000000000009 5.5000000000000009 8.5000000000000018 15.500000000000002 15.500000000000002 19.500000000000004 10.500000000000002 10.500000000000002
decision_type=2 2 2 2 2 2 2 2 2 2 2 2 2 2 2 2 2 2 2
left_child=1 5 -3 10 -5 7 8 -1 -7 -10 11 12 15 18 -15 -4 17 -2 -13
right_child=16 2 3 4 -6 6 -8 -9 9 -11 -12 13 -14 14 -16 -17 -18 -19 -20
leaf_value=0.069651568958532681 -0.073442222960749259 0.095369455383961521 0.064840812524910849 -0.06267685930343074 0.11738314237908626 0.075173228940099313 0.27027376401673059 -0.12171964291724752 0.12425489774513972 -0.061607512754269803 -0.041273235460282207 -0.12183976424817383 0.20363418479326831 0.29608593964059465 -0.12099151351798137 -0.1620803676843231 0.16136007867028357 0.10594638202604936 0.0058685580689288698
leaf_weight=48.710400115698576 21.372745186090469 82.747074749320745 33.364129476249218 424.9159990735352 19.101444229483604 100.03660779446363 53.616478450596333 58.730830185115337 13.222531713545321 157.20768303796649 127.59289805963635 32.367983017116785 27.296192020177841 10.037741579115393 8.1245106346905214 8.3566383048892003 31.408046491444111 27.164110109210014 51.661642327904701
leaf_count=261 142 458 191 2798 146 534 288 331 69 958 820 227 145 54 52 47 201 189 337
internal_value=0 -0.00525033 -0.0205188 -0.0334694 -0.0548392 0.0239528 0.0435204 -0.035017 -0.00173908 -0.0469491 -0.00168539 0.0278428 0.0923333 -0.0158884 0.110828 0.0183608 0.0802855 0.0269964 -0.0436436
internal_weight=0 1257.09 825.566 742.819 444.017 431.525 324.083 107.441 270.467 170.43 298.802 171.209 69.017 102.192 18.1623 41.7208 79.9449 48.5369 84.0296
internal_count=8248 7716 5275 4817 2944 2441 1849 592 1561 1027 1873 1053 383 670 106 238 532 331 564
is_linear=0
shrinkage=0.2


Tree=15
num_leaves=20
num_cat=0
split_feature=7 7 3 7 2 0 0 6 6 6 6 6 6 2 0 4 6 7 1
split_gain=35.0147 17.0311 12.5845 11.5281 9.11726 10.2747 7.63074 7.34072 7.34011 31.3828 17.7518 7.1228 5.94706 5.24314 7.16041 5.19859 4.64096 5.02364 4.52035
threshold=222.50000000000003 61.500000000000007 -69.999999999999986 636.50000000000011 1.0000000180025095e-35 57.500000000000007 41.500000000000007 4.5000000000000009 7.5000000000000009 6.5000000000000009 8.5000000000000018 3.5000000000000004 1.0000000180025095e-35 1.5000000000000002 4.5000000000000009 1.0000000180025095e-35 1.0000000180025095e-35 281.50000000000006 7.5000000000000009
decision_type=2 2 2 2 2 2 2 2 2 2 2 2 2 2 2 2 2 2 2
left_child=1 -1 -3 13 7 6 8 -4 9 11 15 -6 -5 14 -2 -10 17 -15 -16
right_child=3 2 4 12 5 -7 -8 -9 10 -11 -12 -13 -14 16 18 -17 -18 -19 -20
leaf_value=-0.17560314795151311 0.25275128684713566 -0.21243622963683839 -0.00049841181156819148 -0.047183757060968029 0.011349179360928892 -0.34503226128629139 0.10546283637594454 -0.16600619311679585 -0.042703845432282964 0.27456054216899828 0.019412264622516592 -0.061796391212402713 0.075168063492887766 -0.033236827805280415 -0.020061640747007961 -0.16809120976826153 0.02438285838994261 0.1657351269063895 0.029036334153542065
leaf_weight=35.416956763714552 3.9380694516003123 14.6046423651278 16.399228855967522 17.059827014803886 133.21937184035778 3.3816256970167151 20.404135953634977 30.589313570410013 19.087253831326962 15.350880354642866 60.430128447711468 88.239617679268122 193.9322908744216 6.739192187786105 271.91175773739815 45.141902521252632 221.81558723002672 18.918817408382893 103.1681886985898
leaf_count=553 29 156 100 122 763 19 114 261 102 72 386 592 1309 34 1420 468 1118 102 528
internal_value=0 -0.0428099 -0.0321478 0.0248184 -0.0258793 -0.0156831 -0.0124346 -0.1087 -0.0191909 0.00150487 -0.0583936 -0.01785 0.0652098 0.0111847 -0.00360297 -0.131289 0.0338043 0.113745 -0.00654158
internal_weight=0 482.265 446.848 837.484 432.243 385.255 381.873 46.9885 361.469 236.81 124.659 221.459 210.992 626.492 379.018 64.2292 247.474 25.658 375.08
internal_count=8248 3586 3033 4662 2877 2516 2497 361 2383 1427 956 1355 1431 3231 1977 570 1254 136 1948
is_linear=0
shrinkage=0.2


Tree=16
num_leaves=20
num_cat=0
split_feature=7 7 6 0 0 7 3 8 6 6 6 0 7 6 6 6 0 8 6
split_gain=27.238 16.1951 11.7448 10.7152 9.71432 9.30853 11.21 10.4963 12.3856 12.3025 27.4148 7.05249 7.03016 6.75785 6.14363 17.8343 5.31841 5.82338 5.23477
threshold=114.50000000000001 920.50000000000011 9.5000000000000018 53.500000000000007 42.500000000000007 437.50000000000006 -1.0000000180025095e-35 2.5000000000000004 1.0000000180025095e-35 7.5000000000000009 6.5000000000000009 39.500000000000007 61.500000000000007 1.0000000180025095e-35 1.5000000000000002 3.5000000000000004 36.500000000000007 2.5000000000000004 5.5000000000000009
decision_type=2 2 2 2 2 2 2 2 2 2 2 2 2 2 2 2 2 2 2
left_child=12 2 4 -4 5 6 -2 9 -9 10 -8 -3 -1 -14 -15 -16 -7 -18 -17
right_child=1 11 3 -5 -6 16 7 8 -10 -11 -12 -13 13 14 15 18 17 -19 -20
leaf_value=-0.16657306216276871 -0.136092851688209 0.11276760154108756 0.11023636911230371 -0.19009018338877579 0.095470028973767856 0.033681636249688209 0.0048675022003795265 0.18214282955818883 -0.096601989083337531 -0.047549376761454556 0.23700693877778534 -0.099477838357985751 0.089808412063433485 -0.17976198431988075 0.19243232802921409 -0.19394553594677533 -0.10589346431084552 0.12236994825033785 -0.058233558168410748
leaf_weight=30.594902761280537 30.131397668272257 77.249497190117836 60.045967057347298 4.8231027200818053 40.018416233360767 265.60047610849142 366.35071493685246 6.5668552964925757 82.739945564419031 163.79355171322823 21.176140561699867 6.5299953967332831 10.806398347020147 17.825072918087244 10.166086819022892 14.184089656919239 21.362252771854404 5.2968025133013716 54.888342633843422
leaf_count=554 238 594 431 40 299 1414 1763 31 504 1052 113 58 65 177 71 168 115 29 534
internal_value=0 0.0113845 0.00472634 0.0869528 -0.00062164 -0.00464997 -0.0176274 -0.0119799 -0.0754368 -0.00165688 0.0177671 0.095859 -0.0823878 -0.0580215 -0.0747591 -0.0504106 0.0251187 -0.0594835 -0.0869893
internal_weight=0 1151.69 1067.91 64.8691 1003.04 963.018 670.759 640.627 89.3068 551.32 387.527 83.7795 138.465 107.87 97.0636 79.2385 292.26 26.6591 69.0724
internal_count=8250 6681 6029 471 5558 5259 3701 3463 535 2928 1876 652 1569 1015 950 773 1558 144 702
is_linear=0
shrinkage=0.2


Tree=17
num_leaves=20
num_cat=0
split_feature=7 7 6 5 6 7 3 3 7 3 5 5 6 5 5 5 2 5 2
split_gain=19.4621 11.4472 8.23539 7.48555 9.23454 6.50283 11.7083 7.71658 6.21353 5.81026 5.16447 5.06674 5.03479 9.46564 7.63996 5.02052 4.84905 4.68414 5.2224
threshold=116.50000000000001 933.50000000000011 9.5000000000000018 1.0000000180025095e-35 5.5000000000000009 351.50000000000006 -45.499999999999993 2675.5000000000005 59.500000000000007 185.50000000000003 2.5000000000000004 12.500000000000002 1.0000000180025095e-35 19.500000000000004 17.500000000000004 10.500000000000002 1.5000000000000002 18.500000000000004 1.0000000180025095e-35
decision_type=2 2 2 2 2 2 2 2 2 2 2 2 2 2 2 2 2 2 2
left_child=8 2 3 4 -2 6 -5 12 -1 -10 -3 15 13 -8 -14 -7 -9 18 -4
right_child=1 10 17 5 -6 11 7 16 9 -11 -12 -13 14 -15 -16 -17 -18 -19 -20
leaf_value=-0.16100900664981443 -0.037585801249757612 -0.11677587199833739 -0.16204346095520025 -0.18319153739483862 0.30074045448376113 0.025558769760483796 -0.023928756351370286 -0.0023867847653229889 -0.12188383428704844 -0.02058910700699694 0.097990955758369566 -0.001932323470174014 -0.0099621627140330116 0.16189050914379063 -0.0685400179916512 0.11020843398402241 0.088602929869781577 0.13885360311627198 0.057761873321010959
leaf_weight=24.594374969601631 5.6831028014421445 4.4734977409243575 4.6744378805160514 15.953860145062206 6.8776226565241814 138.57893830537796 32.524695742875338 49.232892744243145 31.640723641961813 78.155030459165573 70.907506603747606 243.10783781856298 266.55933277308941 16.112887822091579 133.49479231238365 34.884292036294937 44.29372264444828 26.088523332029581 30.124500192701817
leaf_count=516 30 39 34 163 33 757 153 268 366 723 588 1281 1533 84 827 186 234 197 238
internal_value=0 0.00965447 0.00422688 -0.000188063 0.150978 -0.00219271 -0.0163004 -0.011268 -0.0707781 -0.0500921 0.0847361 0.0167082 -0.0221638 0.0383898 -0.0295545 0.0427811 0.0408853 0.0753838 0.0268383
internal_weight=0 1123.57 1048.19 987.304 12.5607 974.743 558.172 542.218 134.39 109.796 75.381 416.571 448.692 48.6376 400.054 173.463 93.5266 60.8875 34.7989
internal_count=8250 6645 6018 5549 63 5486 3262 3099 1605 1089 627 2224 2597 237 2360 943 502 469 272
is_linear=0
shrinkage=0.2


Tree=18
num_leaves=20
num_cat=0
split_feature=7 7 8 6 6 6 6 4 5 5 5 6 6 5 5 6 6 5 3
split_gain=14.3183 9.49245 11.1074 10.739 8.8776 8.92622 38.9755 11.4159 13.7768 13.9684 12.8128 12.2046 8.10767 20.1653 10.0734 55.4426 12.7156 7.02799 6.74696
threshold=77.500000000000014 437.50000000000006 3.5000000000000004 1.0000000180025095e-35 9.5000000000000018 7.5000000000000009 6.5000000000000009 1.0000000180025095e-35 12.500000000000002 22.500000000000004 3.5000000000000004 8.5000000000000018 3.5000000000000004 1.5000000000000002 7.5000000000000009 1.5000000000000002 2.5000000000000004 8.5000000000000018 13742.500000000002
decision_type=2 2 2 2 2 2 2 2 2 2 2 2 2 2 2 2 2 2 2
left_child=-1 2 4 -4 5 6 12 8 11 -10 -9 -7 14 -14 16 -16 -2 -12 -3
right_child=1 18 3 -5 -6 7 -8 10 9 -11 17 -13 13 -15 15 -17 -18 -19 -20
leaf_value=-0.11254074756221749 0.029849039930375146 0.033738133328229419 0.25630661463739657 -0.1107476668210897 0.078301511563363457 -0.0044199799178917358 0.23404192966175277 0.29211739095553407 -0.12317665125825777 0.1032589039492865 -0.17615754149725554 0.25549329408458721 0.1501583743779068 -0.058024451170748718 -0.011258181651667054 0.26858475024274125 -0.11912020422656072 -0.063047072774319757 -0.21879525629982188
leaf_weight=42.618462961167097 50.775721549987793 377.69516909494996 3.03317055851221 56.138942304998636 52.507907975465059 14.206714034080505 28.299368686974049 3.2496064677834502 31.893579263240099 16.119972363114357 28.890322219580412 14.310942001640797 20.396628305315971 179.94016536325216 142.56809337809682 34.95885743200779 41.233234457671642 91.795507576316595 3.9144768416881552
leaf_count=841 254 2374 15 431 389 75 164 16 168 81 275 77 106 1038 755 184 206 778 23
internal_value=0 0.00494541 -0.00730391 -0.0904528 -0.000712383 -0.00668927 0.00765557 -0.0422854 0.0184038 -0.0469448 -0.0797046 0.127618 -0.00615304 -0.0365906 0.0164894 0.044294 -0.0371209 -0.0905808 0.0309377
internal_weight=0 1191.93 810.319 59.1721 751.147 698.639 498.172 200.467 76.5312 48.0136 123.935 28.5177 469.873 200.337 269.536 177.527 92.009 120.686 381.61
internal_count=8250 7409 5012 446 4566 4177 2707 1470 401 249 1069 152 2543 1144 1399 939 460 1053 2397
is_linear=0
shrinkage=0.2


Tree=19
num_leaves=20
num_cat=0
split_feature=7 3 6 8 3 7 0 6 0 3 5 3 5 3 5 5 0 0 3
split_gain=10.9566 8.76939 7.67303 8.33228 6.59793 5.98899 7.23679 6.32989 7.35308 5.194 5.10925 4.92591 5.56623 8.07382 8.67051 5.89531 11.4356 4.54465 4.55645
threshold=176.50000000000003 9434.0000000000018 1.0000000180025095e-35 2.5000000000000004 13742.500000000002 797.50000000000011 42.500000000000007 9.5000000000000018 42.500000000000007 180.50000000000003 1.0000000180025095e-35 4180.0000000000009 20.500000000000004 203.50000000000003 15.500000000000002 26.500000000000004 35.500000000000007 4.5000000000000009 43.500000000000007
decision_type=2 2 2 2 2 2 2 2 2 2 2 2 2 2 2 2 2 2 2
left_child=1 2 -1 9 5 7 -7 8 10 -4 -2 12 13 -11 -15 -14 -17 -12 -19
right_child=4 -3 3 -5 -6 6 -8 -9 -10 11 17 -13 15 14 -16 16 -18 18 -20
leaf_value=0.057985845861039192 0.1515982363231253 0.18618809739089115 -0.082513152158822184 -0.13278849564520109 -0.14441722389130229 0.067488812733308839 -0.23726663192843575 0.083595822202849751 0.11019072848181588 0.21662646405111485 0.16056956377073947 -0.11540926080213375 0.14757582552544873 -0.0033308825435634255 -0.13706032803263243 -0.12142008837915673 0.25985401894046073 -0.038791935342721059 0.0036160454088510494
leaf_weight=29.704356178641319 8.3810937181115133 6.7996743023395529 61.953606173396111 39.672135347500443 10.328697584569452 102.10829970613122 2.8579906076192847 41.175039172172546 24.556594885885715 4.9526013210415831 6.4301795624196521 16.858209900557995 17.523868910968304 79.660251831635833 25.271061345934868 11.494435772299765 3.9132789932191363 122.10333698615432 587.07754972577095
leaf_count=175 44 54 667 624 56 884 33 373 230 35 49 132 128 605 252 116 30 690 3073
internal_value=0 -0.0324765 -0.0378164 -0.0487739 0.0117262 0.0135879 0.0583847 0.00760914 0.00339004 -0.0335382 -0.000287039 -0.0143887 -0.00219593 -0.0238344 -0.0359069 0.0694669 -0.0207508 -0.00214351 -0.00370202
internal_weight=0 297.803 291.004 261.299 905.019 894.69 104.966 789.724 748.549 221.627 723.992 159.674 142.815 109.884 104.931 32.9316 15.4077 715.611 709.181
internal_count=8250 2818 2764 2589 5432 5376 917 4459 4086 1965 3856 1298 1166 892 857 274 146 3812 3763
is_linear=0
shrinkage=0.2


Tree=20
num_leaves=20
num_cat=0
split_feature=7 1 5 5 5 1 7 2 7 5 6 4 6 7 6 5 6 5 6
split_gain=9.48463 6.97858 8.33244 8.36862 8.32468 8.12659 9.17209 6.35617 5.34968 6.13411 5.33669 12.7077 9.31301 10.9858 9.92244 8.48675 8.9172 6.35366 5.86884
threshold=61.500000000000007 1.0000000180025095e-35 23.500000000000004 14.500000000000002 26.500000000000004 3.5000000000000004 398.50000000000006 1.0000000180025095e-35 819.50000000000011 19.500000000000004 1.0000000180025095e-35 1.0000000180025095e-35 1.5000000000000002 367.50000000000006 2.5000000000000004 27.500000000000004 5.5000000000000009 19.500000000000004 7.5000000000000009
decision_type=2 2 2 2 2 2 2 2 2 2 2 2 2 2 2 2 2 2 2
left_child=-1 2 3 -2 -4 6 7 -3 9 -5 11 -7 13 -12 -14 -16 -17 -13 -18
right_child=1 5 4 8 -6 10 -8 -9 -10 -11 12 17 14 -15 15 16 18 -19 -20
leaf_value=-0.13568751954844552 0.059778196906553553 -0.13330951461969881 0.27649339743617801 -0.13778145160547198 0.050208815690763145 0.13391862091359394 0.01053783901259055 -0.040218968931740012 0.20179253234601863 0.03349078782206593 -0.085619042183760444 -0.079746502866065244 0.20216566882573217 0.033213773063321149 0.017033679990436805 -0.14796657131949217 0.23782698438612926 0.12957368483587817 -0.029150569704681991
leaf_weight=19.697652626782656 74.538789749145508 40.518283953890204 10.849580902606249 22.674063611775637 15.965742880478501 40.059720158576965 107.83229153603315 105.87945599853992 2.6537984013557425 12.937588665634392 89.631679119542241 25.646525256335735 10.565746162086723 47.314554005861282 507.43705738149583 26.034207290038466 3.9866304323077228 7.1091346740722647 13.230767291039227
leaf_count=554 473 359 69 146 114 249 648 734 24 84 554 141 68 297 3382 183 23 38 110
internal_value=0 0.00298473 0.0448712 0.0208427 0.144288 -0.0027336 -0.0337154 -0.0662553 -0.0548469 -0.0758551 0.00749346 0.0588749 0.00210646 -0.0445838 0.0135208 0.00976775 -0.0748976 -0.0333743 0.0363795
internal_weight=0 1164.87 139.62 112.804 26.8153 1025.25 254.23 146.398 38.2655 35.6117 771.016 72.8154 698.201 136.946 561.254 550.689 43.2516 32.7557 17.2174
internal_count=8250 7696 910 727 183 6786 1741 1093 254 230 5045 428 4617 851 3766 3698 316 179 133
is_linear=0
shrinkage=0.2


Tree=21
num_leaves=20
num_cat=0
split_feature=7 7 1 1 5 5 5 7 3 3 3 0 6 5 6 6 6 5 5
split_gain=7.11133 5.27374 4.22488 6.49361 5.64003 5.83082 5.6166 4.83178 6.58421 6.51355 5.32247 4.61775 4.55951 24.9143 19.8227 19.4087 5.89716 10.2622 6.55998
threshold=59.500000000000007 1242.5000000000002 7.5000000000000009 1.0000000180025095e-35 23.500000000000004 14.500000000000002 26.500000000000004 408.50000000000006 -69.999999999999986 13742.500000000002 6902.0000000000009 15.500000000000002 8.5000000000000018 15.500000000000002 9.5000000000000018 9.5000000000000018 3.5000000000000004 1.0000000180025095e-35 8.5000000000000018
decision_type=2 2 2 2 2 2 2 2 2 2 2 2 2 2 2 2 2 2 2
left_child=-1 2 3 4 5 -2 -6 8 -5 10 11 -9 16 14 -14 -15 18 -18 -10
right_child=1 -3 -4 7 6 -7 -8 9 12 -11 -12 -13 13 15 -16 -17 17 -19 -20
leaf_value=-0.13023107518319055 0.045924593177300931 0.092103708156271183 0.021718793315944035 -0.17122322766504819 0.22491948066978884 -0.051668902381029336 0.037991426165394547 0.050965663787592791 -0.058367681378649894 -0.25271386679531366 0.16979591830750027 -0.010982718332787618 0.31859795130430635 -0.19402257809772636 0.0096913708017580969 0.098574402862385668 0.22624772348755307 -0.059248248235566126 0.025070978722250972
leaf_weight=16.030961405485868 72.481651596724987 25.258344184607267 278.45409938879311 11.82467585429549 10.695817388594151 36.53031706623733 15.794369092211127 67.349857952445745 56.183904251083732 3.3895802423357955 7.9444036260247222 166.07846712693572 14.859383866190909 24.03553888015449 18.338744513690472 14.138265293091534 4.8002754002809516 212.70536134950817 112.62439820356667
leaf_count=516 456 242 1804 146 68 243 113 415 301 17 61 1029 83 187 137 111 26 1627 668
internal_value=0 0.00239322 0.000355206 -0.00665163 0.0334309 0.0131563 0.11553 -0.0142689 -0.0261388 0.00850534 0.0125558 0.00694343 -0.0222548 0.0240931 0.14995 -0.085749 -0.0308326 -0.052573 -0.00276672
internal_weight=0 1153.49 1128.23 849.775 135.502 109.012 26.4902 714.273 469.511 244.762 241.373 233.428 457.686 71.3719 33.1981 38.1738 386.314 217.506 168.808
internal_count=8250 7734 7492 5688 880 699 181 4808 3286 1522 1505 1444 3140 518 220 298 2622 1653 969
is_linear=0
shrinkage=0.2


Tree=22
num_leaves=20
num_cat=0
split_feature=2 1 8 5 6 6 5 4 5 1 3 6 5 6 4 3 6 5 4
split_gain=5.70422 6.56284 4.41826 6.85621 7.62764 16.8206 9.24278 7.27122 7.04756 7.02331 5.61317 5.20152 5.32274 5.76617 4.94947 4.7177 4.55699 4.7726 8.01254
threshold=1.5000000000000002 1.0000000180025095e-35 1.0000000180025095e-35 7.5000000000000009 3.5000000000000004 1.0000000180025095e-35 19.500000000000004 1.0000000180025095e-35 3.5000000000000004 6.5000000000000009 122.50000000000001 9.5000000000000018 3.5000000000000004 4.5000000000000009 1.0000000180025095e-35 410.50000000000006 7.5000000000000009 19.500000000000004 1.0000000180025095e-35
decision_type=2 2 2 2 2 2 2 2 2 2 2 2 2 2 2 2 2 2 2
left_child=2 -2 3 8 5 6 10 -7 9 -1 -5 12 13 14 -4 -11 -14 -18 -19
right_child=1 -3 11 4 -6 7 -8 -9 -10 15 -12 -13 16 -15 -16 -17 17 18 -20
leaf_value=-0.049543737650643654 0.11969722623227107 0.012145617701288077 0.034775830272848383 0.11691597173500108 0.0025135317756338252 0.12761885238002763 0.13508168979989907 0.35158087468178117 -0.087791110287410157 0.22798820506621983 -0.13163396362449153 0.099391495939108079 -0.021716909335691387 0.091932488116127045 -0.20444646921442589 0.020035236815108014 -0.09897722491409966 0.16404748805895902 -0.06468258100622451
leaf_weight=22.681630620732903 23.587582647800446 433.40123591013253 8.0106481183320266 4.2013124153018024 167.4924902562052 19.901582742109895 11.177699737250803 8.3195566125214118 52.278943128883839 7.9259404297918108 18.393224705010653 12.494931019842623 214.66044283285737 26.634518994018435 5.6014553327113381 9.3718208968639356 76.465297413989902 7.8497614413499859 23.676413236185908
leaf_count=140 144 2928 49 25 1242 132 71 42 391 48 96 99 1605 164 39 57 699 51 228
internal_value=0 0.0177895 -0.0109508 0.00624492 0.0247506 0.0844579 -0.0109954 0.197348 -0.0397014 0.023412 -0.0842756 -0.0256805 -0.030084 0.0382376 -0.0664778 0.118107 -0.0386403 -0.0720904 -0.00648511
internal_weight=0 456.989 697.138 321.744 229.486 61.9934 33.7722 28.2211 92.2583 39.9794 22.5945 375.393 362.899 40.2466 13.6121 17.2978 322.652 107.991 31.5262
internal_count=8250 3072 5178 2244 1608 366 192 174 636 245 121 2934 2835 252 88 105 2583 978 279
is_linear=0
shrinkage=0.2


Tree=23
num_leaves=20
num_cat=0
split_feature=7 8 3 3 7 6 4 7 0 4 3 8 5 3 7 7 5 6 6
split_gain=6.16313 3.95082 4.2229 3.78786 6.7627 4.60057 3.79585 3.71763 5.47781 4.14605 3.6096 3.49892 6.11834 8.59148 5.37926 4.55715 4.54855 9.2435 15.1682
threshold=116.50000000000001 2.5000000000000004 180.50000000000003 302.50000000000006 106.50000000000001 7.5000000000000009 1.0000000180025095e-35 933.50000000000011 39.500000000000007 1.0000000180025095e-35 28.500000000000004 1.0000000180025095e-35 12.500000000000002 759.50000000000011 164.50000000000003 196.50000000000003 8.5000000000000018 3.5000000000000004 1.0000000180025095e-35
decision_type=2 2 2 2 2 2 2 2 2 2 2 2 2 2 2 2 2 2 2
left_child=1 2 -1 4 5 -4 -5 11 10 -10 -9 16 -13 -14 -15 -16 -2 18 -18
right_child=7 -3 3 6 -6 -7 -8 8 9 -11 -12 12 13 14 15 -17 17 -19 -20
leaf_value=-0.097084389454943798 -0.0133017332336983 -0.12739152562726477 0.31797659513125398 0.024090483083868221 -0.19103878645435129 -0.0046002921433180482 -0.079434694980020523 0.18051474347208796 -0.25356642443807964 0.066228615206413988 0.047800865705887832 0.016067953628680319 -0.057169097899312904 -0.088991749483567084 0.15187624161425536 0.014224308950827208 0.0057084866224743451 0.0075471611737225643 0.17690367669161783
leaf_weight=24.676594123244286 150.40466463938355 18.698619062080979 4.5566491577774269 32.939464913681149 1.9437749013304708 2.7422139998525381 24.322305263951421 9.6479250937700254 3.5427856743335715 2.553998589515686 48.110461313277483 223.9672369454056 170.08288703486323 18.191555295139551 10.254783209413288 102.92678375914693 44.194530487060547 217.07163437455893 38.61641688644886
leaf_count=388 919 451 45 299 12 41 369 90 34 22 481 1350 1091 140 63 605 258 1364 228
internal_value=0 -0.0445325 -0.0270931 -0.000728197 0.115497 0.202422 -0.0201108 0.00519785 0.0518065 -0.123486 0.0709798 0.00212902 -0.00895561 -0.0275438 0.0108637 0.0271516 0.01506 0.0292835 0.0859732
internal_weight=0 109.88 91.181 66.5044 9.24264 7.29886 57.2618 1039.57 63.8552 6.09678 57.7584 975.71 525.423 301.456 131.373 113.182 450.287 299.883 82.8109
internal_count=8250 1605 1154 766 98 86 668 6645 627 56 571 6018 3249 1899 808 668 2769 1850 486
is_linear=0
shrinkage=0.2


Tree=24
num_leaves=20
num_cat=0
split_feature=0 5 7 5 6 6 6 5 5 5 5 7 0 7 0 7 6 4 5
split_gain=5.90143 13.4841 5.18402 5.5936 4.75261 12.0731 7.22241 6.39522 7.35381 6.2645 4.61352 4.27713 4.1249 4.00411 9.17896 4.54731 3.89241 5.4674 3.63965
threshold=6.5000000000000009 6.5000000000000009 142.50000000000003 27.500000000000004 7.5000000000000009 6.5000000000000009 8.5000000000000018 14.500000000000002 8.5000000000000018 20.500000000000004 23.500000000000004 1242.5000000000002 37.500000000000007 1150.5000000000002 29.500000000000004 1172.0000000000002 1.0000000180025095e-35 1.0000000180025095e-35 4.5000000000000009
decision_type=2 2 2 2 2 2 2 2 2 2 2 2 2 2 2 2 2 2 2
left_child=1 -1 3 4 5 16 10 8 -8 -9 -6 13 -13 -4 15 -15 17 -2 -18
right_child=2 -3 11 -5 6 -7 7 9 -10 -11 -12 12 -14 14 -16 -17 18 -19 -20
leaf_value=-0.13815991963958538 0.18767057669114695 0.16552495773714099 0.0044345390478669521 -0.16221865233533062 -0.20057644905254152 0.25192031421809025 -0.095339740469184961 -0.15455541312576207 0.21300656112351049 0.12310770495606693 0.015828674366852525 0.12180080576112329 -0.13176635347667046 -0.20800496496075094 -0.39386083211997663 0.12584241013691158 0.03659527903774764 -0.045894158983933897 -0.059815682461750563
leaf_weight=7.5360509455204037 7.8512771353125554 22.561008652672172 926.64955960772932 12.051942169666289 18.009727707132701 6.8516964465379706 4.6327515356242683 12.573017392307522 8.0026275217533094 4.0311953127384177 4.950072828680276 19.903956480324272 2.6282891333103171 2.09966843575239 2.9604877308011055 4.4416959211230278 21.073831398040056 7.5938488785177469 58.363041034899652
leaf_count=47 37 177 5689 211 421 37 26 194 41 24 76 213 24 19 26 45 192 74 763
internal_value=0 0.0887285 -0.000476726 -0.0330685 -0.0225912 0.00263097 -0.0714196 -0.00513483 0.100457 -0.0859268 -0.15441 0.00517678 0.0905681 0.00308643 -0.123612 0.0132709 -0.0162819 0.0744517 -0.0341876
internal_weight=0 30.0971 1124.67 165.985 153.933 101.734 52.1994 29.2396 12.6354 16.6042 22.9598 958.684 22.5322 936.151 9.50185 6.54136 94.882 15.4451 79.4369
internal_count=8336 224 8112 2096 1885 1103 782 285 67 218 497 6016 237 5779 90 64 1066 111 955
is_linear=0
shrinkage=0.2


Tree=25
num_leaves=20
num_cat=0
split_feature=7 5 5 5 6 6 6 6 6 6 4 7 6 5 5 6 0 6 6
split_gain=4.15985 6.86705 8.49972 9.55869 11.2751 18.1766 12.4051 10.2884 14.8354 9.33095 8.67085 5.70113 5.25759 5.17091 4.83103 9.51662 8.95426 7.01226 8.26701
threshold=251.50000000000003 26.500000000000004 22.500000000000004 13.500000000000002 8.5000000000000018 9.5000000000000018 7.5000000000000009 4.5000000000000009 2.5000000000000004 6.5000000000000009 1.0000000180025095e-35 162.50000000000003 9.5000000000000018 6.5000000000000009 19.500000000000004 1.0000000180025095e-35 26.500000000000004 1.0000000180025095e-35 8.5000000000000018
decision_type=2 2 2 2 2 2 2 2 2 2 2 2 2 2 2 2 2 2 2
left_child=1 2 3 4 6 -6 9 8 -5 -1 11 -8 -9 -7 15 16 -2 -16 -19
right_child=14 -3 -4 7 5 13 10 12 -10 -11 -12 -13 -14 -15 17 -17 -18 18 -20
leaf_value=0.0046464900068413683 -0.14556605737634451 -0.082359098084068119 0.081627990498707614 -0.026391660184861478 0.27416704251989682 -0.18430939007439678 -0.16199567871980258 -0.11864519601420759 0.28882090015472139 0.20659370393738097 -0.17604236970323411 0.1568582757629555 0.021047141461979314 0.058554695267493344 0.14084122302012225 0.0095102631670094095 0.061232379301671427 0.0061203139235300854 0.13591782038771946
leaf_weight=160.22572353482246 30.537447139620781 50.620263651944697 40.844324724748731 47.496479234658182 15.271199401468039 5.4660182073712358 3.0638186745345575 73.25312034599483 6.4537075571715823 9.3366300538182241 24.893854783847928 6.1638532280921936 12.505799118429421 8.4715832881629449 23.167158052325249 451.4157887622714 11.248162269592283 142.31510007381439 22.404784899204969
leaf_count=1061 175 562 354 336 86 41 35 894 37 63 453 31 85 63 169 2797 66 849 179
internal_value=0 -0.0131092 -0.0045643 -0.0140844 0.0107312 0.126118 -0.00601465 -0.0553706 0.0130301 0.0161931 -0.11536 0.0488215 -0.0982716 -0.0390003 0.0114356 0.00103098 -0.0898495 0.0386919 0.0240408
internal_weight=0 464.066 413.446 372.602 232.893 29.2088 203.684 139.709 53.9502 169.562 34.1215 9.22767 85.7589 13.9376 681.088 493.201 41.7856 187.887 164.72
internal_count=8336 4101 3539 3185 1833 190 1643 1352 373 1124 519 66 979 104 4235 3038 241 1197 1028
is_linear=0
shrinkage=0.2


Tree=26
num_leaves=20
num_cat=0
split_feature=0 3 3 7 2 0 0 0 3 6 1 6 6 1 1 0 7 3 3
split_gain=3.93177 4.65451 4.94753 3.51888 5.04837 6.84173 7.96745 4.71855 4.6474 4.47743 4.3979 4.92581 5.95569 3.79518 6.30265 5.25147 3.69482 3.47248 3.96617
threshold=6.5000000000000009 1138.5000000000002 602.50000000000011 551.50000000000011 1.5000000000000002 57.500000000000007 42.500000000000007 42.500000000000007 4088.0000000000005 6.5000000000000009 1.0000000180025095e-35 4.5000000000000009 5.5000000000000009 6.5000000000000009 5.5000000000000009 33.500000000000007 166.50000000000003 2209.5000000000005 538.50000000000011
decision_type=2 2 2 2 2 2 2 2 2 2 2 2 2 2 2 2 2 2 2
left_child=1 2 -1 4 10 6 17 -5 9 -9 11 -2 -13 14 -12 -15 -17 18 -6
right_child=3 -3 -4 7 5 -7 -8 8 -10 -11 13 12 -14 15 -16 16 -18 -19 -20
leaf_value=0.066697641608881017 0.084112108424316961 -0.066847965379272276 0.29692813393029555 0.025984376054230762 0.017551158828745913 -0.26924378606257032 0.18451166997036333 -0.061465928800240092 0.11039212815730247 -0.41912327140786432 -0.038331722562719432 -0.14486888653277172 0.017761838330008675 -0.02194912059033036 -0.19310803705693308 -0.059696470157772401 0.10503228852335825 0.044273592931273836 -0.032586538822765403
leaf_weight=17.165677648037679 31.366117293015122 6.8679095823317757 4.5308092180639497 231.2149953097105 158.06836262345314 3.070058435201644 10.283145930618046 3.370650026947259 2.0995573475956917 2.2272507399320602 207.91230134107172 10.84922605473548 45.36925498303026 166.71365410741419 10.749593776650725 6.7816345058381584 23.60093966126442 83.710261391475797 104.52308605518192
leaf_count=129 183 56 39 1687 1081 23 96 35 22 21 1741 95 370 1245 89 78 130 539 677
internal_value=0 0.0740003 0.118959 -0.000685345 -0.00663312 0.0114563 0.0141503 0.0207761 -0.12967 -0.220973 -0.0195575 0.0211066 -0.0143671 -0.0281351 -0.0462548 -0.00798371 0.0679869 0.00889957 -0.00242369
internal_weight=0 28.5644 21.6965 1101.91 862.998 359.655 356.585 238.912 7.69746 5.5979 503.343 87.5846 56.2185 415.758 218.662 197.096 30.3826 346.302 262.591
internal_count=8336 224 168 8112 6347 2416 2393 1765 78 56 3931 648 465 3283 1830 1453 208 2297 1758
is_linear=0
shrinkage=0.2


Tree=27
num_leaves=20
num_cat=0
split_feature=7 8 7 1 6 6 5 7 3 5 5 7 7 3 3 1 8 6 7
split_gain=2.97762 2.53635 3.44577 2.81159 3.10059 7.27698 5.05772 4.56112 3.27395 3.03655 4.68771 4.16505 4.57664 6.95372 5.50889 2.9425 9.01445 4.09482 6.50542
threshold=1242.5000000000002 10.500000000000002 522.50000000000011 1.0000000180025095e-35 2.5000000000000004 1.0000000180025095e-35 24.500000000000004 146.50000000000003 1843.5000000000002 23.500000000000004 26.500000000000004 642.50000000000011 227.50000000000003 1003.5000000000001 643.50000000000011 7.5000000000000009 1.0000000180025095e-35 1.0000000180025095e-35 604.50000000000011
decision_type=2 2 2 2 2 2 2 2 2 2 2 2 2 2 2 2 2 2 2
left_child=1 3 -3 4 5 6 -1 -7 9 11 -11 12 14 -14 -6 -5 -17 -18 -19
right_child=-2 2 -4 15 8 7 -8 -9 -10 10 -12 -13 13 -15 -16 16 17 18 -20
leaf_value=-0.08817768995101305 0.075719134758794007 -0.19007523215453412 0.051778884379928086 -0.010053231492824333 -0.046913898001717122 -0.039233505016566451 0.16748942642124268 0.23823130675456405 0.085831744697338203 0.18399942821540774 -0.032439058282392713 0.11788924450372783 -0.053998013858949867 -0.31963052595843394 0.14411436636528355 0.055657941238642573 0.091425456403745664 -0.046500989126998044 0.073212555384274999
leaf_weight=10.43020184338093 20.578995350748301 5.9582275152206403 3.5447155982255936 695.77707515191287 16.814290613867346 2.8360741157084695 3.9696582891046992 11.59322953224182 18.768221636302769 7.3668801002204409 8.0978445271030051 6.9185499399900428 28.635341163724661 4.2493988573551169 8.948806928470729 118.71518117468804 12.17874466255307 116.42765447217971 21.156754061579704
leaf_count=58 239 108 20 5170 185 25 27 60 142 50 69 56 154 23 74 817 72 823 164
internal_value=0 -0.000394069 -0.101305 0.000517456 0.0282478 0.0855821 -0.0152607 0.184079 0.0114299 -0.00611547 0.0725601 -0.024976 -0.0424646 -0.0915059 0.0205435 -0.00319112 0.0145818 -0.0180358 -0.0279449
internal_weight=0 1102.39 9.50294 1092.88 128.628 28.8292 14.3999 14.4293 99.7993 81.0311 15.4647 65.5664 58.6478 32.8847 25.7631 964.255 268.478 149.763 137.584
internal_count=8336 8097 128 7969 923 170 85 85 753 611 119 492 436 177 259 7046 1876 1059 987
is_linear=0
shrinkage=0.2


Tree=28
num_leaves=20
num_cat=0
split_feature=0 5 5 5 6 6 6 5 5 7 5 5 6 0 7 0 6 7 6
split_gain=2.71435 9.68872 3.01733 7.67955 8.69756 11.3796 16.404 7.50043 13.6717 6.61859 5.95156 9.11606 6.16952 9.46364 6.92078 5.73242 7.32376 5.56519 5.53299
threshold=6.5000000000000009 6.5000000000000009 14.500000000000002 19.500000000000004 1.0000000180025095e-35 5.5000000000000009 7.5000000000000009 24.500000000000004 23.500000000000004 510.50000000000006 8.5000000000000018 9.5000000000000018 8.5000000000000018 12.500000000000002 166.50000000000003 15.500000000000002 8.5000000000000018 150.50000000000003 9.5000000000000018
decision_type=2 2 2 2 2 2 2 2 2 2 2 2 2 2 2 2 2 2 2
left_child=1 -1 10 15 -5 9 -7 8 -8 -6 -2 17 14 -14 -13 16 -4 -12 -9
right_child=2 -3 3 4 5 6 7 18 -10 -11 11 12 13 -15 -16 -17 -18 -19 -20
leaf_value=-0.12592391158997684 -0.0075870135103191369 0.13429850121329734 0.051518555407614089 0.10334657109959716 -0.068759409331935056 0.20358546973092728 0.011810480104203637 -0.073660340391805315 0.2682937145021197 0.031261747931512845 0.36938082902085667 -0.06797353390182935 -0.13983512845539334 0.18345204613247093 0.029215353682229512 -0.060371601622552798 -0.10211833140054297 0.10343321782948012 0.086364356409570325
leaf_weight=7.607284780591729 337.73948725871742 20.141708567738533 46.528496247716248 34.307543180882931 102.1290726698935 20.173623917624354 42.141340252012014 44.504820927977562 9.9967805147171003 35.426469132304192 4.0604227986186769 35.637708770111203 4.2103355266153839 18.163868525996804 157.26016759872437 157.42207259405404 16.50948744174093 12.61933797597885 10.374068807810543
leaf_count=47 2356 177 334 241 883 121 377 381 61 248 27 432 33 120 974 1222 120 92 90
internal_value=0 0.0622394 -0.000695216 -0.0117141 0.00916374 -0.00316862 0.0398921 0.00843777 0.0625357 -0.0429849 0.00935422 0.0339947 0.0228027 0.121328 0.0111638 -0.0400027 0.0109194 0.174802 -0.0430332
internal_weight=0 27.749 1089.21 519.514 299.054 264.746 127.191 107.017 52.1381 137.556 569.691 231.952 215.272 22.3742 192.898 220.46 63.038 16.6798 54.8789
internal_count=8336 224 8112 4078 2402 2161 1030 909 438 1131 4034 1678 1559 153 1406 1676 454 119 471
is_linear=0
shrinkage=0.2


Tree=29
num_leaves=20
num_cat=0
split_feature=7 7 3 8 3 3 5 5 5 3 7 6 7 7 5 5 6 6 6
split_gain=2.13148 2.45324 5.89309 3.11375 2.39432 3.71204 2.5174 2.22431 6.23047 6.04691 4.62755 5.39316 5.92271 6.35181 4.04329 4.94213 5.93822 12.2479 4.70161
threshold=1242.5000000000002 1150.5000000000002 1101.5000000000002 1.5000000000000002 623.50000000000011 317.50000000000006 15.500000000000002 27.500000000000004 23.500000000000004 -29.499999999999996 251.50000000000003 1.0000000180025095e-35 278.50000000000006 686.50000000000011 14.500000000000002 8.5000000000000018 8.5000000000000018 9.5000000000000018 4.5000000000000009
decision_type=2 2 2 2 2 2 2 2 2 2 2 2 2 2 2 2 2 2 2
left_child=1 7 3 -3 5 -2 -7 8 14 -10 -9 -12 -13 -14 15 -1 -17 -18 -16
right_child=4 2 -4 -5 -6 6 -8 10 9 -11 11 12 13 -15 18 16 17 -19 -20
leaf_value=-0.0075238783605242028 0.086712873105349239 0.12294851293338999 -0.28868629798148487 -0.14526201405901035 0.13419841454464251 0.0060004313633996061 -0.31551807029185874 -0.091504067562527963 -0.16982176433093801 0.058406313267897358 0.11273134415483838 0.16485596974904659 -0.11028969717548276 0.082980046494975049 0.014765875344497035 0.018961720253013854 0.24723856869489802 -0.028949126449628673 -0.037437423468988117
leaf_weight=340.87854860071093 6.2233109809458274 4.0666546486318094 3.6012230664491653 2.4729400798678398 9.7063030619174224 1.8668772391974928 1.6354313157498834 30.972691264003515 4.5069033196195951 104.07285721413791 13.511755775660275 4.9760304726660243 26.184630641713738 8.8396099507808668 101.92585169151425 203.61793659068644 13.640927504748108 11.728438053280113 212.24918675608933
leaf_count=2345 79 38 31 23 119 23 18 370 62 803 118 30 148 64 662 1477 85 102 1739
internal_value=0 -0.000334197 -0.096485 0.0191717 0.065876 -0.0047361 -0.159975 0.000603959 0.00325968 0.0483871 -0.0304763 0.00523334 -0.0317808 -0.0611528 -0.00230093 0.00774148 0.0304414 0.120978 -0.020504
internal_weight=0 1087.25 10.1408 6.53959 19.4319 9.72562 3.50231 1077.11 992.621 108.58 84.4847 53.512 40.0003 35.0242 884.041 569.866 228.987 25.3694 314.175
internal_count=8336 8097 92 61 239 120 41 8005 7275 865 730 360 242 212 6410 4009 1664 187 2401
is_linear=0
shrinkage=0.2


Tree=30
num_leaves=20
num_cat=0
split_feature=2 7 8 0 0 0 0 7 0 6 5 7 6 5 0 6 5 7 7
split_gain=2.16427 5.36726 5.29983 4.72496 5.27488 4.57497 4.41386 4.39751 4.08683 6.30053 3.63046 3.69976 3.55119 10.9998 6.46685 5.63203 6.70454 4.66091 4.02599
threshold=1.5000000000000002 201.50000000000003 3.5000000000000004 20.500000000000004 25.500000000000004 55.500000000000007 41.500000000000007 498.50000000000006 29.500000000000004 9.5000000000000018 26.500000000000004 172.50000000000003 1.0000000180025095e-35 19.500000000000004 26.500000000000004 2.5000000000000004 11.500000000000002 1572.5000000000002 475.50000000000006
decision_type=2 2 2 2 2 2 2 2 2 2 2 2 2 2 2 2 2 2 2
left_child=1 2 3 10 -5 6 8 -8 -2 -10 -1 -12 13 14 -3 16 -14 -17 -15
right_child=5 12 -4 4 -6 -7 7 -9 9 -11 11 -13 15 18 -16 17 -18 -19 -20
leaf_value=0.020674493657800341 0.019288619230426914 -0.15197692121570486 -0.15942059934142139 -0.14085349576092407 -0.029092378900109451 -0.18205879675061448 0.16512817454802656 -0.075898433021414635 -0.04421870027279784 0.1848066209428709 -0.26431340118739149 0.12106581464284064 0.12999065144765806 0.19598092403962841 0.035728085181876111 -0.0014782369730000433 -0.0030192022400975372 0.20244155116683646 -0.057973052974193778
leaf_weight=72.825609311461449 339.94163352157921 26.372269429266453 12.57227247674018 22.410661552101374 66.475160890258849 4.4600076377391806 13.287194216623904 3.6513134129345408 77.735880669206381 4.7560223303735247 3.1688956692814818 1.1350797507911918 31.46788302436471 8.0362263359129411 9.9510262608528119 368.33576979860663 28.9032291918993 4.16767818853259 3.3507560491561881
leaf_count=719 2361 145 323 277 684 34 116 32 550 39 63 12 186 56 59 2416 174 54 36
internal_value=0 -0.00651442 -0.036081 -0.0264059 -0.0577389 0.0115452 0.0136624 0.112659 0.00959753 -0.0302461 0.00980638 -0.161136 0.00449202 -0.0470803 -0.100712 0.0102116 0.0666814 0.00100241 0.121781
internal_weight=0 659.173 178.588 166.015 88.8858 443.832 439.372 16.9385 422.434 82.4919 77.1296 4.30398 480.585 47.7103 36.3233 432.875 60.3711 372.503 11.387
internal_count=8336 5204 2078 1755 961 3132 3098 148 2950 589 794 75 3126 296 204 2830 360 2470 92
is_linear=0
shrinkage=0.2


Tree=31
num_leaves=20
num_cat=0
split_feature=0 5 7 5 3 3 3 7 7 3 1 5 7 1 2 5 0 3 3
split_gain=1.70754 6.97476 2.14045 2.83365 2.70474 2.25283 8.97021 9.84019 4.4517 8.63874 6.99861 5.83682 5.53709 5.0282 4.38328 4.10289 5.00801 4.39604 3.64078
threshold=6.5000000000000009 2.5000000000000004 139.50000000000003 28.500000000000004 -45.499999999999993 947.50000000000011 586.50000000000011 351.50000000000006 460.50000000000006 744.50000000000011 3.5000000000000004 15.500000000000002 775.50000000000011 3.5000000000000004 1.0000000180025095e-35 4.5000000000000009 37.500000000000007 719.50000000000011 313.50000000000006
decision_type=2 2 2 2 2 2 2 2 2 2 2 2 2 2 2 2 2 2 2
left_child=1 -1 3 4 -2 6 14 15 -9 10 -10 -11 -12 -13 18 17 -17 -8 -4
right_child=2 -3 5 -5 -6 -7 7 8 9 11 12 13 -14 -15 -16 16 -18 -19 -20
leaf_value=-0.24421147945402974 -0.18821848288547591 0.084161172115068419 -0.014983682803777288 -0.17174163923914754 -0.013387352749612664 0.015073465634801398 -0.084667116138817541 0.092656108636243642 0.0033209825094538676 0.17209030267680323 -0.12896666703390475 -0.23672774605699784 -0.45490246684817831 0.087559355602607705 0.013704280066572422 -0.11803077277405097 0.088096167400230851 -0.34466291655871673 -0.13237507642457527
leaf_weight=2.5312709808349636 3.2682977728545657 24.22216359898448 38.607433763332665 4.6088616158813229 134.27796094771475 365.87319116666913 5.0765186175703985 15.17138874158263 8.6884399391710776 9.1687054745852965 6.8020480386912805 3.2166087068617335 2.9729383215308189 3.7924000062048435 408.43188795633614 33.886873653158545 5.1907579414546481 5.7448621913790703 14.240499597042797
leaf_count=14 114 210 304 124 1816 2386 25 84 58 63 42 21 32 30 2612 241 35 28 97
internal_value=0 0.0501772 -0.000635754 -0.0234541 -0.0180367 0.00287192 -0.00509052 -0.0593684 0.00360472 -0.0359646 -0.128284 0.0699118 -0.241104 -0.0656827 0.00668062 -0.121795 -0.0900796 -0.229543 -0.0473184
internal_weight=0 26.7534 1069.02 142.155 137.546 926.865 560.991 99.7115 49.8125 34.6411 18.4634 16.1777 9.77499 7.00901 461.28 49.899 39.0776 10.8214 52.8479
internal_count=8336 224 8112 2054 1930 6058 3672 659 330 246 132 114 74 51 3013 329 276 53 401
is_linear=0
shrinkage=0.2


Tree=32
num_leaves=20
num_cat=0
split_feature=6 6 3 5 6 5 5 6 7 6 5 6 3 4 5 4 0 0 7
split_gain=2.44476 18.3944 7.13773 3.90938 6.06325 3.1077 6.57 5.74076 5.17402 10.0081 23.765 9.83313 9.26825 7.16762 4.47113 9.80299 4.64193 4.49236 4.38974
threshold=7.5000000000000009 6.5000000000000009 2636.0000000000005 1.0000000180025095e-35 5.5000000000000009 20.500000000000004 24.500000000000004 8.5000000000000018 284.50000000000006 8.5000000000000018 16.500000000000004 9.5000000000000018 6.5000000000000009 1.0000000180025095e-35 22.500000000000004 1.0000000180025095e-35 20.500000000000004 12.500000000000002 636.50000000000011
decision_type=2 2 2 2 2 2 2 2 2 2 2 2 2 2 2 2 2 2 2
left_child=1 3 -3 4 -1 8 14 18 9 13 11 -11 -10 -2 16 -16 17 -7 -8
right_child=5 2 -4 -5 -6 6 7 -9 12 10 -12 -13 -14 -15 15 -17 -18 -19 -20
leaf_value=-0.040811419289899308 -0.0019330062381405569 0.2142345775834642 -0.013572942591730234 -0.0029353426084186215 0.24546117868597681 0.10217607934909381 -0.081777228319371426 0.10716701704011244 0.10451265766691682 0.18328107245245628 -0.1786567962512069 -0.010544649261140928 -0.021378810359927766 -0.16739645231595557 0.062475882414257389 0.46129748659063391 0.15035669278889652 -0.16871885625909289 0.082911572381400858
leaf_weight=5.3510409928858262 14.514912701211868 22.385632267221812 7.1996423788368693 655.22523492621258 6.0065399371087551 3.8271999489516038 35.828398049809039 10.96246596239507 27.089431591331959 20.082902426831424 20.14277259260416 21.369940295815468 157.51991009153426 37.307491201441735 7.6181155461817998 3.3790370784699917 7.1061172541230908 5.6039127232506871 7.5686947591602793
leaf_count=31 104 153 55 4667 40 34 319 99 165 153 254 158 1031 736 54 22 60 55 61
internal_value=0 0.0060011 0.159316 -0.000888356 0.113561 -0.0139373 0.020503 -0.0198687 -0.0234148 -0.0569596 -0.00234581 0.084152 -0.00273305 -0.121395 0.0994111 0.196074 0.0322392 -0.0590816 -0.0525953
internal_weight=0 696.168 29.5853 666.583 11.3576 379.921 81.8939 54.3596 298.027 113.418 61.5956 41.4528 184.609 51.8224 27.5344 10.9972 16.5372 9.43111 43.3971
internal_count=8251 4946 208 4738 71 3305 704 479 2601 1405 565 311 1196 840 225 76 149 89 380
is_linear=0
shrinkage=0.2


Tree=33
num_leaves=20
num_cat=0
split_feature=5 7 5 3 3 3 6 5 6 6 7 6 5 5 2 7 7 6 6
split_gain=2.31418 3.79965 3.48956 3.94246 3.22506 9.0634 5.67282 5.82628 4.58434 3.13378 3.8226 7.17242 3.48594 2.83762 3.30667 8.31513 3.30435 2.78655 23.856
threshold=27.500000000000004 933.50000000000011 23.500000000000004 936.00000000000011 566.50000000000011 633.50000000000011 9.5000000000000018 28.500000000000004 7.5000000000000009 5.5000000000000009 266.50000000000006 3.5000000000000004 28.500000000000004 14.500000000000002 2.5000000000000004 498.50000000000006 166.50000000000003 4.5000000000000009 1.5000000000000002
decision_type=2 2 2 2 2 2 2 2 2 2 2 2 2 2 2 2 2 2 2
left_child=2 4 13 -4 6 -6 7 -2 9 10 12 -12 -7 14 -1 16 -16 18 -15
right_child=1 -3 3 -5 5 8 -8 -9 -10 -11 11 -13 -14 17 15 -17 -18 -19 -20
leaf_value=0.0095658930146137033 -0.11663061185470402 0.13277245544544822 0.0067564704292064001 0.086954819833894831 -0.40518913365819514 0.014881218321620352 0.26593261938294627 0.042497376555503848 -0.17638073214477745 0.14573279901940236 0.17635186648523218 -0.11398344640356269 -0.2489715359623772 -0.027845349187741286 -0.14582040105115585 -0.28454049303568435 0.04607687606939169 -0.030078137460488808 0.25537929801780423
leaf_weight=536.0789205445908 15.659418135415761 4.8148019332438698 66.853531778790057 38.411767316050828 2.9007069524377576 3.2078620763495627 2.5083576180040827 21.29236680502072 8.7729144357144815 3.91143431700766 6.1660517007112485 6.7416636049747467 4.7904148274101317 88.936886401847005 4.4270744761452141 5.0410876460373393 13.877254016697405 217.18348225019872 13.353529967367647
leaf_count=3935 138 54 575 301 21 37 19 198 84 23 60 37 65 589 46 40 97 1841 91
internal_value=0 -0.0332625 0.00187865 0.0362238 -0.0443822 -0.0869202 -0.00460173 -0.0254268 -0.0553101 -0.0105445 -0.0418146 0.0257626 -0.147179 -0.00224841 0.00633899 -0.0667508 -0.00230995 -0.0172755 0.0099175
internal_weight=0 80.766 984.164 105.265 75.9512 36.491 39.4601 36.9518 33.5903 24.8174 20.906 12.9077 7.99828 878.898 559.424 23.3454 18.3043 319.474 102.29
internal_count=8251 736 7515 876 682 327 355 336 306 222 199 97 102 6639 4118 183 143 2521 680
is_linear=0
shrinkage=0.2


Tree=34
num_leaves=20
num_cat=0
split_feature=7 5 6 5 6 6 3 5 5 5 5 5 1 7 3 6 7 5 7
split_gain=1.98301 4.82745 1.86646 3.14261 2.34196 12.8383 6.02971 3.78951 8.72598 3.59427 3.36439 4.7055 8.10562 4.41466 4.83352 4.49018 4.32578 5.97023 4.45259
threshold=59.500000000000007 1.5000000000000002 10.500000000000002 4.5000000000000009 7.5000000000000009 6.5000000000000009 2031.0000000000002 1.5000000000000002 3.5000000000000004 9.5000000000000018 19.500000000000004 17.500000000000004 6.5000000000000009 604.50000000000011 -45.499999999999993 8.5000000000000018 831.50000000000011 26.500000000000004 510.50000000000006
decision_type=2 2 2 2 2 2 2 2 2 2 2 2 2 2 2 2 2 2 2
left_child=1 -1 4 -4 5 -2 -7 -6 -9 -8 11 13 -13 15 -15 -10 17 -12 -19
right_child=2 -3 3 -5 7 6 9 8 10 -11 16 12 -14 14 -16 -17 -18 18 -20
leaf_value=0.39748522645373907 4.9865469471984276e-05 -0.12171581696574188 -0.073727661821640395 0.089149719728827459 -0.23574211004325105 0.20075375647085353 0.1595507305178453 0.15329691746889551 -0.059718570496623748 -0.098992812142628006 0.055791464402813053 -0.15914197300108385 0.044135641353455927 0.23485026176880283 0.013663072025126927 0.015156327823022814 -0.13484787751471014 -0.11434375686580583 0.075007552956104229
leaf_weight=0.41201688349246879 657.396997557953 9.6848845994099957 5.8261715471744564 20.463804122060537 2.70230484381318 18.901211470365528 3.0736948326230031 11.85856970399618 101.29815368819982 5.3553933836519718 65.379407303407788 25.361162141896784 11.093074235133825 4.0031797401607028 41.566538915038109 46.589879876002669 6.988795803859829 17.009291571564976 6.6583653874695292
leaf_count=8 4446 514 49 187 18 141 26 81 930 40 510 214 90 28 316 359 74 183 37
internal_value=0 -0.0871936 0.00028752 0.0525305 -0.00107066 0.00566998 0.139044 -0.0146168 -0.0125912 -0.0019625 -0.0187939 -0.0319112 -0.0974628 -0.0193961 0.0348333 -0.0361515 0.012611 0.0246957 -0.0607385
internal_weight=0 10.0969 1051.53 26.29 1025.24 684.727 27.3303 340.509 337.806 8.42909 325.948 229.912 36.4542 193.458 45.5697 147.888 96.0359 89.0471 23.6677
internal_count=8251 522 7729 236 7493 4653 207 2840 2822 66 2741 1937 304 1633 344 1289 804 730 220
is_linear=0
shrinkage=0.2


Tree=35
num_leaves=20
num_cat=0
split_feature=0 5 5 6 6 5 3 6 0 7 7 3 8 7 7 7 7 0 0
split_gain=1.71285 3.30355 6.40919 6.17117 10.736 15.4098 5.59218 6.07914 9.0782 6.16082 5.32588 4.94701 4.48468 6.65809 4.42538 4.37964 4.31891 4.15315 3.57477
threshold=19.500000000000004 3.5000000000000004 5.5000000000000009 4.5000000000000009 1.5000000000000002 26.500000000000004 -100.49999999999999 9.5000000000000018 43.500000000000007 164.50000000000003 379.50000000000006 1583.5000000000002 1.0000000180025095e-35 515.50000000000011 707.50000000000011 187.50000000000003 131.50000000000003 43.500000000000007 37.500000000000007
decision_type=2 2 2 2 2 2 2 2 2 2 2 2 2 2 2 2 2 2 2
left_child=-1 11 -3 4 12 18 10 9 -9 -8 -5 -2 13 -4 -13 -7 -14 -11 -6
right_child=1 2 3 6 5 15 7 8 -10 17 -12 14 16 -15 -16 -17 -18 -19 -20
leaf_value=0.0079358247941102699 -0.0036937777175445326 -0.084047533608208963 0.080744831791724064 -0.08385620014662086 0.27007946677273481 0.098787781246773648 -0.11881004773765221 0.12484267528586845 -0.11184601136682258 -0.03273092416405067 0.2020634597209775 0.15034699751943392 -0.16158837269964063 -0.14339784496765026 -0.10889957954484522 -0.15236681385771772 -0.014713840447222496 0.11563895370948446 0.099587669354683925
leaf_weight=510.78372572455555 44.823459877632558 46.689147172495723 36.198992362245917 3.5889814435504359 15.503362150862815 3.963261869736014 33.90950434608385 21.295579876750711 8.9175251349806768 198.47898292820901 7.7394756153225899 17.853853808715943 8.7921667704358679 5.852382266893982 2.80428173393011 7.5531496107578278 64.371840946376324 7.4866313710808745 8.0367777589708549
leaf_count=3859 287 372 219 85 98 49 743 184 84 1268 45 114 159 55 27 49 385 85 84
internal_value=0 -0.00818652 -0.0139586 -0.00631254 0.0263709 0.122657 -0.0237767 -0.0296042 0.0544737 -0.0402619 0.111694 0.0338229 -0.00322574 0.0485692 0.113855 -0.0655488 -0.03309 -0.0271396 0.21432
internal_weight=0 543.859 478.378 431.689 150.272 35.0566 281.417 270.088 30.2131 239.875 11.3285 65.4816 115.215 42.0514 20.6581 11.5164 73.164 205.966 23.5401
internal_count=8251 4392 3964 3592 1098 280 2494 2364 268 2096 130 428 818 274 141 98 544 1353 182
is_linear=0
shrinkage=0.2


end of trees

feature_importances:
Column_6=173
Column_5=125
Column_7=125
Column_0=81
Column_3=79
Column_4=29
Column_8=27
Column_2=24
Column_1=21

parameters:
[boosting: gbdt]
[objective: binary]
[metric: auc,l2]
[tree_learner: serial]
[device_type: cpu]
[linear_tree: 0]
[data: ]
[valid: ]
[num_iterations: 200]
[learning_rate: 0.2]
[num_leaves: 20]
[num_threads: -1]
[deterministic: 0]
[force_col_wise: 0]
[force_row_wise: 0]
[histogram_pool_size: -1]
[max_depth: 9]
[min_data_in_leaf: 20]
[min_sum_hessian_in_leaf: 0.001]
[bagging_fraction: 0.928062]
[pos_bagging_fraction: 1]
[neg_bagging_fraction: 1]
[bagging_freq: 8]
[bagging_seed: 3]
[feature_fraction: 0.800052]
[feature_fraction_bynode: 1]
[feature_fraction_seed: 2]
[extra_trees: 0]
[extra_seed: 6]
[early_stopping_round: 2]
[first_metric_only: 0]
[max_delta_step: 0]
[lambda_l1: 0]
[lambda_l2: 0.370968]
[linear_lambda: 0]
[min_gain_to_split: 0]
[drop_rate: 0.1]
[max_drop: 50]
[skip_drop: 0.5]
[xgboost_dart_mode: 0]
[uniform_drop: 0]
[drop_seed: 4]
[top_rate: 0.2]
[other_rate: 0.1]
[min_data_per_group: 100]
[max_cat_threshold: 32]
[cat_l2: 10]
[cat_smooth: 10]
[max_cat_to_onehot: 4]
[top_k: 20]
[monotone_constraints: ]
[monotone_constraints_method: basic]
[monotone_penalty: 0]
[feature_contri: ]
[forcedsplits_filename: ]
[refit_decay_rate: 0.9]
[cegb_tradeoff: 1]
[cegb_penalty_split: 0]
[cegb_penalty_feature_lazy: ]
[cegb_penalty_feature_coupled: ]
[path_smooth: 0]
[interaction_constraints: ]
[verbosity: -1]
[saved_feature_importance_type: 0]
[max_bin: 255]
[max_bin_by_feature: ]
[min_data_in_bin: 3]
[bin_construct_sample_cnt: 200000]
[data_random_seed: 1]
[is_enable_sparse: 1]
[enable_bundle: 1]
[use_missing: 1]
[zero_as_missing: 0]
[feature_pre_filter: 1]
[pre_partition: 0]
[two_round: 0]
[header: 0]
[label_column: ]
[weight_column: ]
[group_column: ]
[ignore_column: ]
[categorical_feature: ]
[forcedbins_filename: ]
[objective_seed: 5]
[num_class: 1]
[is_unbalance: 0]
[scale_pos_weight: 1]
[sigmoid: 1]
[boost_from_average: 1]
[reg_sqrt: 0]
[alpha: 0.9]
[fair_c: 1]
[poisson_max_delta_step: 0.7]
[tweedie_variance_power: 1.5]
[lambdarank_truncation_level: 30]
[lambdarank_norm: 1]
[label_gain: ]
[eval_at: ]
[multi_error_top_k: 1]
[auc_mu_weights: ]
[num_machines: 1]
[local_listen_port: 12400]
[time_out: 120]
[machine_list_filename: ]
[machines: ]
[gpu_platform_id: -1]
[gpu_device_id: -1]
[gpu_use_dp: 0]
[num_gpu: 1]

end of parameters

pandas_categorical:null
