tree
version=v3
num_class=1
num_tree_per_iteration=1
label_index=0
max_feature_idx=39
objective=binary sigmoid:1
feature_names=Column_0 Column_1 Column_2 Column_3 Column_4 Column_5 Column_6 Column_7 Column_8 Column_9 Column_10 Column_11 Column_12 Column_13 Column_14 Column_15 Column_16 Column_17 Column_18 Column_19 Column_20 Column_21 Column_22 Column_23 Column_24 Column_25 Column_26 Column_27 Column_28 Column_29 Column_30 Column_31 Column_32 Column_33 Column_34 Column_35 Column_36 Column_37 Column_38 Column_39
feature_infos=[0:75] [0:11] [0:2] [0:3] [-6847:81204] [0:1] [0:1] [0:30] [0:11] [2:3881] [0:35] [2144:81204] [847:3881] [621.94444444444446:2144] [300.14999999999998:847] none none none [0:1] [0:1] [0:1] [0:1] [0:1] [0:1] [0:1] [0:1] none [0:1] [0:1] [0:1] [0:1] none none [0:1] [0:1] [0:1] [0:1] [0:1] [0:1] [0:1]
tree_sizes=2207 2205 2218 2214 2199 2213 2229 2201 2230 2224 2202 2217 2217 2220 2205 2218 2222 2211 2211 2213 2196 2227

Tree=0
num_leaves=20
num_cat=0
split_feature=9 9 5 9 5 4 8 4 8 8 10 9 9 0 8 8 8 8 8
split_gain=1705.87 422.72 360.101 213.863 128.723 88.0434 63.8866 62.6493 60.9912 60.6649 45.8234 42.1768 41.5064 41.2183 38.6656 36.4147 36.3289 24.3591 23.5995
threshold=206.50000000000003 475.50000000000006 1.0000000180025095e-35 129.50000000000003 1.0000000180025095e-35 52.500000000000007 9.5000000000000018 107.50000000000001 9.5000000000000018 7.5000000000000009 1.5000000000000002 387.50000000000006 668.50000000000011 42.500000000000007 9.5000000000000018 9.5000000000000018 3.5000000000000004 8.5000000000000018 6.5000000000000009
decision_type=2 2 2 2 2 2 2 2 2 2 2 2 2 2 2 2 2 2 2
left_child=3 2 5 14 7 17 16 -5 9 18 -9 -11 -3 15 -1 -7 -6 -2 -4
right_child=1 12 8 4 6 13 -8 10 -10 11 -12 -13 -14 -15 -16 -17 -18 -19 -20
leaf_value=-0.56359436832991738 -0.27429740193083418 0.21489330626921535 -0.18710004235204758 -0.40731051681551955 -0.18263237760535425 0.12367067616850724 0.34666467853947991 0.080310305410393357 0.33230079225056197 -0.52006047006528211 -0.28355510654026223 -0.14456472820008515 0.38299401566165736 0.45969884391241866 -0.092516428458648117 0.42477832145770622 -0.5437406183299639 0.25506438513416196 0.40668423315964131
leaf_weight=475.23111574351788 49.394100219011307 226.51435858011246 135.45957787334919 43.905866861343384 31.183144077658653 281.64615730941296 8.2323500365018827 127.22722783684731 13.471118241548536 117.49808688461781 40.413354724645615 35.174586519598961 344.5113757699728 48.895169913768768 16.2152349203825 41.411215335130692 137.95422939956188 8.4818151891231519 5.4882333576679221
leaf_count=1905 198 908 543 176 125 1129 33 510 54 471 162 141 1381 196 65 166 553 34 22
internal_value=-0.0925736 0.123298 -0.0269751 -0.416642 -0.249943 0.15009 -0.437795 -0.0917096 -0.274795 -0.303762 -0.00791381 -0.434295 0.316853 0.203566 -0.548077 0.16349 -0.477926 -0.192917 -0.161204
internal_weight=0 1307.95 736.92 880.363 388.916 429.828 177.37 211.546 307.092 293.62 167.641 152.673 571.026 371.953 491.446 323.057 169.137 57.8759 140.948
internal_count=8772 5243 2954 3529 1559 1723 711 848 1231 1177 672 612 2289 1491 1970 1295 678 232 565
is_linear=0
shrinkage=1


Tree=1
num_leaves=20
num_cat=0
split_feature=9 9 5 9 8 4 8 8 8 9 0 5 0 0 5 4 5 8 8
split_gain=901.991 280.013 189.294 83.0033 69.1164 56.4697 52.951 45.8424 44.6133 43.9875 39.9796 32.6101 27.5627 35.9131 27.3222 25.8361 23.5008 21.4661 21.601
threshold=174.50000000000003 383.50000000000006 1.0000000180025095e-35 88.500000000000014 9.5000000000000018 111.50000000000001 1.0000000180025095e-35 9.5000000000000018 7.5000000000000009 636.50000000000011 42.500000000000007 1.0000000180025095e-35 11.500000000000002 41.500000000000007 1.0000000180025095e-35 976.50000000000011 1.0000000180025095e-35 9.5000000000000018 1.0000000180025095e-35
decision_type=2 2 2 2 2 2 2 2 2 2 2 2 2 2 2 2 2 2 2
left_child=3 2 5 -1 6 17 16 8 15 11 14 -3 -7 -14 -8 -4 -5 18 -2
right_child=1 9 7 4 -6 12 10 -9 -10 -11 -12 -13 13 -15 -16 -17 -18 -19 -20
leaf_value=-0.41763625423973538 0.40778202129968366 0.27192397203037122 -0.18378320887662145 0.36278899590261032 0.25537582149400495 0.36667700777997303 -0.19927251279589603 0.32837095171450775 -0.32890947323004355 0.34009053026516101 0.23254775974701181 0.086263976544725382 0.094026481351508082 0.3832349573044182 -0.36387227057048993 0.082830727551302358 -0.15016543077216235 0.4011826888906101 -0.20323131623378229
leaf_weight=254.26398624479771 4.911173850297927 193.61347882449627 91.203327998518944 17.56395760178566 27.234643086791039 61.42996521294117 187.3220022469759 14.34373679757118 139.17612010240555 367.7386644333601 13.545758321881292 153.4107359200716 225.31984417140484 46.078929156064987 183.74464954435825 50.146883964538574 13.645394176244737 6.1086581796407691 62.262190878391266
leaf_count=1098 20 785 371 73 110 248 784 59 596 1522 56 620 909 192 789 204 57 25 254
internal_value=0 0.135633 0.000868807 -0.281003 -0.201959 0.133602 -0.23236 -0.181802 -0.208775 0.267644 -0.262846 0.190248 0.186023 0.144144 -0.281406 -0.0892648 0.140426 -0.103897 -0.154146
internal_weight=0 1415.74 700.981 697.32 443.056 406.111 415.822 294.87 280.526 714.763 384.612 347.024 332.829 271.399 371.067 141.35 31.2094 73.282 67.1734
internal_count=8772 5805 2878 2967 1869 1648 1759 1230 1171 2927 1629 1405 1349 1101 1573 575 130 299 274
is_linear=0
shrinkage=0.3


Tree=2
num_leaves=20
num_cat=0
split_feature=9 9 5 9 36 10 8 8 4 5 0 8 0 9 3 6 0 9 8
split_gain=507.618 135.32 90.4071 85.101 58.5941 51.2031 34.7313 35.7454 30.9601 24.9333 20.2275 18.5668 19.832 17.3203 17.0422 14.4214 14.2137 14.1494 18.2263
threshold=251.50000000000003 114.50000000000001 1.0000000180025095e-35 612.50000000000011 1.0000000180025095e-35 2.5000000000000004 9.5000000000000018 3.5000000000000004 229.50000000000003 1.0000000180025095e-35 8.5000000000000018 9.5000000000000018 42.500000000000007 392.50000000000006 1.0000000180025095e-35 1.0000000180025095e-35 10.500000000000002 77.500000000000014 9.5000000000000018
decision_type=2 2 2 2 2 2 2 2 2 2 2 2 2 2 2 2 2 2 2
left_child=1 17 5 4 13 8 7 -4 10 11 -3 12 -6 14 -2 -10 -7 -1 -19
right_child=3 2 6 -5 9 16 -8 -9 15 -11 -12 -13 -14 -15 -16 -17 -18 18 -20
leaf_value=-0.37168833861313805 -0.36104240745523281 0.40758411539228068 -0.022315500449371153 0.26026427891163756 0.12450172235426996 0.17986022745060157 0.24807067652472573 -0.29434080751541902 0.15890949290532716 -0.076633898387710647 -0.12561829908501437 0.35974508587710136 0.36539758543631506 0.053549716288867573 -0.057289772807920782 -0.12045899668801581 -0.30267864335299721 -0.26872040986491302 0.17875623005440569
leaf_weight=177.14657440781593 18.382313877344131 6.1851866394281378 56.205492734909058 362.37104023993015 280.03364153206348 5.6760973036289206 13.600724920630453 193.30406738817692 192.80464780330658 37.894741550087929 75.603109255433083 43.888347148895264 34.125462159514427 127.51073068380356 127.52135238051414 17.597075313329697 45.898362472653389 154.67505276203156 8.0979906767606717
leaf_count=890 81 26 236 1630 1159 24 60 917 801 161 321 194 156 519 555 73 195 741 33
internal_value=0 -0.160762 -0.0756949 0.143304 0.0797419 0.0256372 -0.207755 -0.233339 0.0744238 0.153383 -0.0816214 0.177847 0.151559 -0.0270411 -0.0973773 0.135164 -0.247573 -0.312085 -0.245668
internal_weight=0 946.794 606.875 1031.73 669.357 343.764 263.11 249.51 292.19 395.942 81.7883 358.047 314.159 273.414 145.904 210.402 51.5745 339.92 162.773
internal_count=8772 4317 2653 4455 2825 1440 1213 1153 1221 1670 347 1509 1315 1155 636 874 219 1664 774
is_linear=0
shrinkage=0.3


Tree=3
num_leaves=20
num_cat=0
split_feature=9 9 8 9 0 3 10 0 9 33 0 4 4 37 0 8 4 38 7
split_gain=300.633 87.9479 71.86 46.0883 45.2835 45.999 32.8506 31.124 30.6642 29.6327 24.1443 21.7605 19.9255 18.2934 17.0663 15.2167 10.4373 10.2503 9.28565
threshold=176.50000000000003 351.50000000000006 9.5000000000000018 77.500000000000014 42.500000000000007 1.5000000000000002 1.5000000000000002 7.5000000000000009 797.50000000000011 1.0000000180025095e-35 12.500000000000002 428.50000000000006 2590.5000000000005 1.0000000180025095e-35 41.500000000000007 1.0000000180025095e-35 393.50000000000006 1.0000000180025095e-35 26.500000000000004
decision_type=2 2 2 2 2 2 2 2 2 2 2 2 2 2 2 2 2 2 2
left_child=3 2 4 -1 5 7 9 -2 13 10 18 -12 -7 17 -11 -8 -15 -3 -5
right_child=1 8 -4 6 -6 12 15 -9 -10 14 11 -13 -14 16 -16 -17 -18 -19 -20
leaf_value=-0.3275822401542543 0.25312332140009719 0.13486735700709199 0.32718150719052469 0.23254560087286108 0.33661239445394492 0.002171885418120975 0.17320449574010865 -0.16007190332381802 0.25199512515041267 -0.24635526142327041 -0.19216884835255721 0.027273927878903537 0.23854914472280117 -0.059012577369453673 0.22342264207636461 -0.28932363474191058 0.094640847952430482 0.32955110498902129 -0.20047167470137595
leaf_weight=146.04375126957893 16.695372134447098 313.43906079232693 51.552152499556541 38.075402095913887 26.23898808658123 158.25732146203518 6.2524447888135901 281.10967162251472 194.15743738412857 93.795181155204773 70.340433850884438 94.494687229394913 39.43865093588829 70.014167696237564 6.8821009844541541 114.57760314643383 90.075932681560516 26.137624084949493 4.3964295536279669
leaf_count=890 75 1403 245 173 132 682 27 1261 980 496 344 440 167 307 30 585 399 116 20
internal_value=0 0.0791293 -0.00783169 -0.182288 -0.0413988 -0.0619433 -0.132269 -0.136271 0.150907 -0.0798714 -0.0147831 -0.0668608 0.0501239 0.111276 -0.212685 -0.264376 0.0274838 0.150616 0.184751
internal_weight=0 1267.12 573.292 574.858 521.74 495.501 428.814 297.805 693.824 307.984 207.307 164.835 197.696 499.667 100.677 120.83 160.09 339.577 42.4718
internal_count=8772 5767 2562 3005 2317 2185 2115 1336 3205 1503 977 784 849 2225 526 612 706 1519 193
is_linear=0
shrinkage=0.3


Tree=4
num_leaves=20
num_cat=0
split_feature=9 9 5 8 8 7 9 8 8 7 8 10 8 8 8 0 8 9 13
split_gain=178.876 62.7381 52.4649 29.5919 35.1658 30.2382 26.4982 26.4129 27.4686 33.2654 26.9327 20.1481 20.1255 22.4006 77.3326 21.2792 17.9257 12.0665 9.51548
threshold=152.50000000000003 475.50000000000006 1.0000000180025095e-35 1.0000000180025095e-35 6.5000000000000009 17.500000000000004 77.500000000000014 7.5000000000000009 8.5000000000000018 15.500000000000002 6.5000000000000009 2.5000000000000004 9.5000000000000018 7.5000000000000009 6.5000000000000009 11.500000000000002 7.5000000000000009 797.50000000000011 1533.4694195923312
decision_type=2 2 2 2 2 2 2 2 2 2 2 2 2 2 2 2 2 2 2
left_child=6 2 3 -2 5 -5 -1 10 -9 -10 11 -4 13 14 15 -8 -6 -3 -14
right_child=1 17 7 4 16 -7 12 8 9 -11 -12 -13 18 -15 -16 -17 -18 -19 -20
leaf_value=-0.29403730513201354 0.28661403738472035 0.10362079051337909 0.022296890835299722 0.047737294566957154 0.3843571239669395 -0.15396041415211262 0.13464770266319975 -0.22526887777251378 0.44608673689266459 -0.13173909944142184 0.54080828297208083 -0.24936388315000871 0.28552387950005653 -0.26818408328047066 0.71875230082361441 -0.17303104796157717 0.11095355948981978 0.20554742730084469 -0.15914399725201026
leaf_weight=118.61336582899094 48.650652781128883 276.84993880987167 138.10589554905891 205.75353632867336 25.204134806990623 98.119372799992561 22.724221348762512 141.48327475786209 12.46610467135906 26.803385809063911 7.0764964520931235 29.034837529063225 14.339704766869547 90.642644733190536 9.3541331589221937 150.67611691355705 135.20251502096653 171.02082431316376 5.443877473473548
leaf_count=890 216 1309 601 898 111 430 107 743 64 138 31 131 61 536 47 814 642 980 23
internal_value=0 0.0517695 0.00467779 0.0659974 0.0424113 -0.017631 -0.174602 -0.0838762 -0.163941 0.0571054 -0.000426176 -0.0258893 -0.12559 -0.146803 -0.0856642 -0.132262 0.155662 0.142849 0.161689
internal_weight=0 1315.77 867.9 512.93 464.28 303.873 411.794 354.97 180.753 39.2695 174.217 167.141 293.181 273.397 182.754 173.4 160.407 447.871 19.7836
internal_count=8772 6294 4005 2297 2081 1328 2478 1708 945 202 763 732 1588 1504 968 921 753 2289 84
is_linear=0
shrinkage=0.3


Tree=5
num_leaves=20
num_cat=0
split_feature=9 9 8 38 4 0 10 8 7 7 8 0 9 36 5 8 4 10 8
split_gain=108.835 44.2504 44.2335 41.6874 42.0546 28.8532 16.1402 22.5509 15.5498 13.9866 26.0869 13.0192 12.3575 12.3179 9.62191 13.3216 9.99096 8.50861 8.41587
threshold=131.50000000000003 351.50000000000006 9.5000000000000018 1.0000000180025095e-35 976.50000000000011 10.500000000000002 1.0000000180025095e-35 3.5000000000000004 15.500000000000002 4.5000000000000009 1.5000000000000002 6.5000000000000009 797.50000000000011 1.0000000180025095e-35 1.0000000180025095e-35 6.5000000000000009 67.500000000000014 2.5000000000000004 10.500000000000002
decision_type=2 2 2 2 2 2 2 2 2 2 2 2 2 2 2 2 2 2 2
left_child=6 2 3 4 5 -2 7 9 -6 -1 -11 -8 13 -3 15 -9 -17 -5 -13
right_child=1 12 -4 17 8 -7 11 14 -10 10 -12 18 -14 -15 -16 16 -18 -19 -20
leaf_value=-0.20299651404420027 0.088846933936013353 0.015173791377478676 0.23473233919705477 0.24131492428368151 0.10941577134867615 -0.15592182785409917 0.25587698120163527 -0.24643829212001889 -0.049478227996446709 0.064057616235649928 0.81899446462510728 -0.25100310995182928 0.16638358630666017 0.11279127286245447 -0.24520375733319605 -0.30295896297765845 0.20924179228872605 -0.045576512017406458 0.23643173975226531
leaf_weight=6.5013169422745731 49.330694913864136 216.35992348194122 56.956511050462723 52.175394058227539 125.63476723432541 330.07523083686829 4.2161526456475249 15.037523731589316 98.026621043682098 14.441064089536669 5.0289801806211463 165.23966601490974 151.67517125606537 251.57209278643131 46.802055858075619 3.4600344300270107 17.338037349283695 10.997319683432577 2.6352961063385001
leaf_count=41 237 989 314 234 586 1656 24 106 466 88 29 1244 980 1236 362 22 97 50 11
internal_value=0 0.0333125 -0.0170961 -0.0388889 -0.0632441 -0.123973 -0.171829 -0.0804126 0.0398497 0.15994 0.28446 -0.228863 0.0920931 0.0677617 -0.156786 -0.0383868 0.115709 0.191428 -0.242231
internal_weight=0 1342.8 723.197 666.24 603.067 379.406 280.7 108.609 223.661 25.9714 19.47 172.091 619.607 467.932 82.6377 35.8356 20.7981 63.1727 167.875
internal_count=8772 6748 3543 3229 2945 1893 2024 745 1052 158 117 1279 3205 2225 587 225 119 284 1255
is_linear=0
shrinkage=0.3


Tree=6
num_leaves=20
num_cat=0
split_feature=9 37 10 9 3 0 9 6 34 8 7 8 0 9 3 4 1 8 8
split_gain=68.7668 27.4103 19.3429 22.6368 24.1702 20.5909 18.258 16.9417 12.9582 11.977 23.7922 13.4109 13.2217 11.3375 10.553 10.2808 8.84223 8.72975 24.9785
threshold=114.50000000000001 1.0000000180025095e-35 1.0000000180025095e-35 608.50000000000011 1.5000000000000002 41.500000000000007 275.50000000000006 1.0000000180025095e-35 1.0000000180025095e-35 4.5000000000000009 3.5000000000000004 8.5000000000000018 36.500000000000007 61.500000000000007 1.0000000180025095e-35 613.50000000000011 1.0000000180025095e-35 3.5000000000000004 1.5000000000000002
decision_type=2 2 2 2 2 2 2 2 2 2 2 2 2 2 2 2 2 2 2
left_child=13 2 7 4 5 -4 9 8 14 12 -11 -12 -3 -1 -2 -8 -6 18 -15
right_child=1 6 3 -5 16 -7 15 -9 -10 10 11 -13 -14 17 -16 -17 -18 -19 -20
leaf_value=-0.28679104259440175 -0.020239632284618243 -0.073876117161367091 -0.11539277977034117 0.1350071863570948 0.318473860361627 0.22705378580709054 -0.046051057094829866 -0.097217849205297524 -0.059914611683019946 0.26021986438249262 -0.26717861564234241 -0.012377999034204603 0.2780811848737671 -0.14110579775004958 0.15043684697888035 0.075446222707032135 0.042379878987531462 -0.17548627031834127 0.36792518715656031
leaf_weight=53.702767506241798 36.11427067220211 47.565701752901077 201.50305223464966 103.50669233500957 10.347007811069487 16.380393944680691 132.78742216527462 36.058192186057568 33.895925894379616 9.8852415606379491 83.687922492623329 23.939859166741371 11.159123875200747 33.79622782766819 317.97869294881821 117.26867612451315 167.62429040670395 92.460812360048294 10.751734994351862
leaf_count=586 198 219 991 676 48 94 683 183 174 53 546 141 50 254 1624 616 812 748 76
internal_value=0 0.0216981 0.0507325 0.0106812 -0.0220407 -0.0888871 -0.0411708 0.0977848 0.116076 -0.114883 -0.169847 -0.211029 -0.00406488 -0.170382 0.133023 0.0109883 0.0598294 -0.123308 -0.0137867
internal_weight=0 1349.7 923.409 499.361 395.855 217.883 426.294 424.047 387.989 176.238 117.513 107.628 58.7248 190.712 354.093 250.056 177.971 137.009 44.548
internal_count=8772 7108 4800 2621 1945 1085 2308 2179 1996 1009 740 687 269 1664 1822 1299 860 1078 330
is_linear=0
shrinkage=0.3


Tree=7
num_leaves=20
num_cat=0
split_feature=9 8 0 9 7 8 8 10 4 9 0 5 8 9 7 0 14 14 7
split_gain=40.7152 22.6179 27.3141 26.0275 26.5955 48.2033 21.8962 10.3032 9.09973 8.95195 8.59786 7.37809 7.43484 6.06288 5.01474 4.64743 3.36456 7.56108 3.31
threshold=114.50000000000001 9.5000000000000018 42.500000000000007 797.50000000000011 3.5000000000000004 3.5000000000000004 6.5000000000000009 2.5000000000000004 180.50000000000003 831.50000000000011 55.500000000000007 1.0000000180025095e-35 1.0000000180025095e-35 110.50000000000001 18.500000000000004 46.500000000000007 371.10238119335975 371.45945098048014 21.500000000000004
decision_type=2 2 2 2 2 2 2 2 2 2 2 2 2 2 2 2 2 2 2
left_child=7 2 3 4 6 -6 -2 8 -1 15 14 12 -10 -14 16 -4 -3 -18 -13
right_child=1 10 9 -5 5 -7 -8 -9 11 -11 -12 18 13 -15 -16 -17 17 -19 -20
leaf_value=-0.2130330066935264 0.052313931509094684 0.16638051372044327 0.37187953030491422 0.12689407753199758 0.058848918121554669 -0.085933150947544654 0.38427134585525874 -0.26947599344828566 0.41861338196108439 -0.23234738134518401 -0.16087266427155911 -0.17303642800231464 0.041991182306469928 -0.31886283655307113 0.28033888942671592 0.17274355468328159 -0.35420739453722716 0.15458544826328915 0.035103776525997998
leaf_weight=40.540558658540249 106.51902773976326 34.145508795976639 16.24806059896946 121.01174615323544 311.13283047825098 614.56087578833103 20.758273363113403 41.332250021398067 3.4483520761132231 3.2501599639654151 6.0873358920216551 33.323568284511566 38.170718789100647 3.8685848489403716 33.483357407152653 36.530065819621086 3.2802354693412763 6.4990323036909103 8.2983046621084195
leaf_count=400 495 224 93 919 1476 3255 102 475 19 25 38 356 312 24 197 221 22 41 78
internal_value=0 0.0157532 0.00544542 -0.00438635 -0.0195613 -0.0372617 0.108584 -0.140347 -0.0970719 0.208524 0.166061 -0.041609 0.0416709 0.00327709 0.193199 0.238837 0.122822 -0.0303798 -0.131663
internal_weight=0 1313.51 1230.01 1173.98 1052.97 925.694 127.277 168.982 127.65 56.0283 83.4955 87.1095 45.4877 42.0393 77.4081 52.7781 43.9248 9.77927 41.6219
internal_count=8772 7108 6586 6247 5328 4731 597 1664 1189 339 522 789 355 336 484 314 287 63 434
is_linear=0
shrinkage=0.3


Tree=8
num_leaves=20
num_cat=0
split_feature=9 10 4 6 9 3 9 21 7 7 1 8 8 8 9 5 2 8 9
split_gain=34.2146 20.7122 13.6136 15.0424 14.8356 12.3357 12.2019 10.319 9.17972 25.9422 11.3252 11.302 10.6103 13.2041 9.12398 8.02403 8.31993 7.95025 7.6515
threshold=176.50000000000003 2.5000000000000004 43.500000000000007 1.0000000180025095e-35 355.50000000000006 1.5000000000000002 722.50000000000011 1.0000000180025095e-35 14.500000000000002 19.500000000000004 2.5000000000000004 1.0000000180025095e-35 8.5000000000000018 7.5000000000000009 63.500000000000007 1.0000000180025095e-35 1.5000000000000002 1.0000000180025095e-35 873.50000000000011
decision_type=2 2 2 2 2 2 2 2 2 2 2 2 2 2 2 2 2 2 2
left_child=1 5 4 8 7 15 -5 -2 12 10 -10 -11 13 -4 -7 16 -1 -3 -6
right_child=2 17 3 6 18 14 -8 -9 9 11 -12 -13 -14 -15 -16 -17 -18 -19 -20
leaf_value=-0.091477278396592754 -0.22922483980740557 0.19891796378331925 0.10529161664119384 -0.12720350256165536 -0.0092164548043981668 -0.24376961233647082 0.15909138443664314 0.0010588530419511392 -0.18324229388914151 0.25006378077636293 -0.013185923513049569 0.060100232084483611 0.22975791494884959 -0.021339305911315293 0.051307549259941659 -0.16093574944358488 0.094046175645596156 -0.25229904967875383 0.21093647555198033
leaf_weight=71.71309082955122 48.483739085495472 3.1292000263929358 271.2685479670763 71.297811262309551 85.389855280518532 9.4338813796639425 15.711993679404257 27.146189033985138 52.091528534889221 32.647065281867981 105.96692908555269 185.24328864365816 41.549083188176155 101.51120393723249 116.97859331965446 84.908034320920706 30.311685159802437 62.799876309931278 16.203402549028397
leaf_count=454 274 22 1403 348 413 134 120 146 277 189 577 1029 267 584 711 821 176 679 131
internal_value=0 -0.0768952 0.028077 0.043396 -0.0476041 -0.0444403 -0.0744947 -0.14745 0.0564401 0.0224228 -0.0698932 0.0894003 0.0872002 0.070838 0.0278463 -0.0932313 -0.0360453 -0.228685 0.0273151
internal_weight=0 379.274 1054.51 877.287 177.223 313.345 87.0098 75.6299 790.278 375.949 158.058 217.89 414.329 372.78 126.412 186.933 102.025 65.9291 101.593
internal_count=8755 2997 5758 4794 964 2296 468 420 4326 2072 854 1218 2254 1987 845 1451 630 701 544
is_linear=0
shrinkage=0.3


Tree=9
num_leaves=20
num_cat=0
split_feature=0 9 10 3 7 7 4 0 8 7 7 4 10 2 0 2 9 13 5
split_gain=24.3905 22.8953 26.6085 20.5456 19.4389 17.6717 17.0419 17.0125 15.0909 30.4943 19.2438 7.33052 6.67208 6.5024 5.59958 5.49372 5.88438 5.88321 5.41555
threshold=7.5000000000000009 412.50000000000006 1.0000000180025095e-35 1.0000000180025095e-35 6.5000000000000009 4.5000000000000009 -45.499999999999993 41.500000000000007 3.5000000000000004 7.5000000000000009 1.5000000000000002 13742.500000000002 4.5000000000000009 1.0000000180025095e-35 40.500000000000007 1.5000000000000002 480.50000000000006 1472.1976260892118 1.0000000180025095e-35
decision_type=2 2 2 2 2 2 2 2 2 2 2 2 2 2 2 2 2 2 2
left_child=4 2 6 14 -1 12 -2 -7 9 -8 -10 13 -5 -3 -4 17 -17 -15 -6
right_child=1 11 3 5 18 7 8 -9 10 -11 -12 -13 -14 15 -16 16 -18 -19 -20
leaf_value=-0.11163498858888031 -0.29989409731092626 0.14662015691858291 -0.289548275198238 0.10942988978384198 0.33147260625735914 -0.1008498050563849 -0.080369420897614799 0.20419539080787702 0.31086988490402173 0.22297936738611665 -0.028960406898507148 -0.31251283929190571 -0.26469502308305376 -0.079303023570459957 -0.037911241978606479 -0.036094967403643617 0.12021613852910827 0.035123774942425801 0.10744619539608508
leaf_weight=15.458034481853245 13.662417404353617 56.332849860191345 49.089301533997059 60.152567718178034 35.071924738585949 343.13778576254845 45.729276675730944 16.52765965461731 15.106432694941757 83.091668136417866 254.71551064401865 4.2009221464395514 3.8359194062650195 50.747123621404171 9.7918476872146112 27.075965866446495 101.66061675548553 186.6316878721118 14.773607827723024
leaf_count=85 113 336 388 338 191 2350 228 108 86 428 1670 25 31 294 74 126 669 1126 89
internal_value=0 -0.00889864 -0.0361565 -0.0839161 0.177795 -0.0605594 0.0197944 -0.0863961 0.0313486 0.11547 -0.00904331 0.0482305 0.0839132 0.0524209 -0.248805 0.0376293 0.0873201 0.0104712 0.267909
internal_weight=0 1321.49 894.84 482.535 65.3036 423.654 412.305 359.665 398.643 128.821 269.822 426.649 63.9885 422.448 58.8811 366.115 128.737 237.379 49.8455
internal_count=8755 8390 5814 3289 365 2827 2525 2458 2412 656 1756 2576 369 2551 462 2215 795 1420 280
is_linear=0
shrinkage=0.3


Tree=10
num_leaves=20
num_cat=0
split_feature=9 0 7 8 8 8 8 8 9 9 8 7 8 36 10 9 7 2 11
split_gain=20.4149 16.3117 14.0274 29.9862 21.6858 20.1568 20.3457 67.638 16.3035 12.5557 26.1771 11.279 8.66206 6.85159 6.481 5.94986 5.75248 5.36446 12.5709
threshold=61.500000000000007 12.500000000000002 14.500000000000002 8.5000000000000018 9.5000000000000018 9.5000000000000018 3.5000000000000004 1.5000000000000002 649.50000000000011 284.50000000000006 7.5000000000000009 8.5000000000000018 10.500000000000002 1.0000000180025095e-35 2.5000000000000004 363.50000000000006 2.5000000000000004 1.5000000000000002 35241.000000000007
decision_type=2 2 2 2 2 2 2 2 2 2 2 2 2 2 2 2 2 2 2
left_child=-1 13 3 9 11 6 7 -4 -8 10 -3 -5 -6 15 -11 16 -2 18 -15
right_child=1 2 5 4 12 -7 8 -9 -10 14 -12 -13 -14 17 -16 -17 -18 -19 -20
leaf_value=-0.2427405572258185 0.2349776639529223 0.0031752571594108716 -0.048644055926581366 0.18494326306244055 -0.16448731760431012 0.16776557998401584 -0.13572060477199288 0.53968957152854802 0.040440537700197614 0.027757815571202615 -0.23832683672484645 0.63924829033153341 0.1829886510497287 0.32662987114847891 0.16846623008394407 0.087244631482978272 -0.084761164298343156 0.13944591889844818 -0.14801254117547086
leaf_weight=29.65207689628005 4.8285502791404715 186.47304100170732 137.06910378858447 9.1786545068025607 9.2791500091552752 36.09622947871685 268.96225208044052 19.333389289677143 56.934654764831066 227.02722558751702 50.730865266174078 12.653737660497425 17.241289813071489 6.1325827464461353 33.126152109354734 52.052705839276314 49.811102751642466 125.37066981941462 17.228404719382524
leaf_count=586 26 1049 840 49 68 231 1692 100 439 1306 486 69 130 35 203 293 337 717 99
internal_value=0 0.0056033 -0.010752 0.0228042 0.246272 -0.0460562 -0.0623187 0.0265361 -0.104921 0.000706207 -0.049123 0.461963 0.0601147 0.0735548 0.0461514 0.0153472 -0.0534255 0.114994 -0.0165096
internal_weight=0 1319.53 1064.11 545.71 48.3528 518.396 482.299 156.402 325.897 497.357 237.204 21.8324 26.5204 255.424 260.153 106.692 54.6397 148.732 23.361
internal_count=8755 8169 6662 3360 316 3302 3071 940 2131 3044 1535 118 198 1507 1509 656 363 851 134
is_linear=0
shrinkage=0.3


Tree=11
num_leaves=20
num_cat=0
split_feature=9 6 9 4 2 27 1 4 10 9 10 8 8 14 4 1 13 9 9
split_gain=13.6585 10.5598 16.54 10.7456 8.40713 10.2957 9.59434 8.53649 6.87066 5.92231 6.16815 7.36627 5.72384 4.52977 4.28735 5.69677 5.44325 3.9768 9.68897
threshold=61.500000000000007 1.0000000180025095e-35 348.50000000000006 38.500000000000007 1.5000000000000002 1.0000000180025095e-35 1.0000000180025095e-35 963.50000000000011 1.5000000000000002 860.50000000000011 1.0000000180025095e-35 2.5000000000000004 7.5000000000000009 362.56963188835567 1927.0000000000002 3.5000000000000004 1530.6549318288701 551.50000000000011 480.50000000000006
decision_type=2 2 2 2 2 2 2 2 2 2 2 2 2 2 2 2 2 2 2
left_child=-1 3 14 9 6 12 8 -8 -5 10 11 -2 -6 -4 -3 -16 -17 18 -15
right_child=1 2 13 4 5 -7 7 -9 -10 -11 -12 -13 -14 17 15 16 -18 -19 -20
leaf_value=-0.2206006404884388 0.19774681488394696 -0.18189774312988399 0.35921572404229829 0.16784839425309861 0.10669519533824211 -0.20842396970874053 -0.043393888824095027 0.030029236827658588 -0.052224246668750966 0.17734904924540121 -0.12138701108844681 -0.050048362299500777 0.024439868495615306 0.064926575865040373 -0.24565296948347209 0.2832034648183101 -0.19279971648035354 0.089266186348008203 -0.30629381828827545
leaf_weight=23.901467323303223 12.676299959421156 74.182237055152655 3.0506256893277159 50.119828917086124 197.54681114479899 11.17997110635042 282.40643581748009 286.04371121898293 16.597226731479168 8.4343970045447332 88.83696798235178 53.056390397250652 124.55319524183869 18.049600407481197 4.4614642933011046 6.181501738727091 2.4463118389248848 35.637479715049267 8.7428130805492383
leaf_count=586 64 558 15 303 1132 62 1810 1769 109 88 599 360 844 79 29 41 15 254 38
internal_value=0 0.00449591 -0.0693258 0.0145056 0.026507 0.0650311 0.00623469 -0.00645747 0.113132 -0.0565719 -0.0702115 -0.000400056 0.0750317 0.0443731 -0.154251 0.00393098 0.143183 0.0244964 -0.0617492
internal_weight=0 1284.2 152.752 1131.45 968.447 333.28 635.167 568.45 66.7171 163.004 154.57 65.7327 322.1 65.4805 87.2715 13.0893 8.62781 62.4299 26.7924
internal_count=8755 8169 1029 7140 6029 2038 3991 3579 412 1111 1023 424 1976 386 643 85 56 371 117
is_linear=0
shrinkage=0.3


Tree=12
num_leaves=20
num_cat=0
split_feature=0 7 9 3 38 9 7 10 0 0 0 36 8 9 4 7 10 9 14
split_gain=9.42051 11.9706 9.4589 8.22735 9.92216 12.257 13.4685 8.26884 6.02031 9.98637 6.72185 5.41269 4.84434 4.0912 2.45188 2.09112 2.04572 2.40236 2.31974
threshold=6.5000000000000009 6.5000000000000009 61.500000000000007 1.5000000000000002 1.0000000180025095e-35 522.50000000000011 3.5000000000000004 2.5000000000000004 57.500000000000007 41.500000000000007 29.500000000000004 1.0000000180025095e-35 1.0000000180025095e-35 498.50000000000006 664.50000000000011 3.5000000000000004 1.0000000180025095e-35 40.500000000000007 366.73643591343642
decision_type=2 2 2 2 2 2 2 2 2 2 2 2 2 2 2 2 2 2 2
left_child=1 15 16 4 5 6 -4 11 9 10 -5 -6 -7 -11 -9 -1 17 18 -2
right_child=2 -3 3 8 7 12 -8 14 -10 13 -12 -13 -14 -15 -16 -17 -18 -19 -20
leaf_value=-0.27626757646059746 -0.18214206758271981 0.24295535428976603 0.073378994364359518 0.040425654074176462 0.29351167271031187 -0.1438375571632198 -0.072063834632625168 -0.34175987744914293 -0.2907517275048756 0.27863728091755557 -0.049429767220330746 0.068610425817273696 0.051445765956228635 -0.032773787612736374 -0.0084107806203394392 0.00060639796941926226 -0.28844091463317595 -0.20965292130687926 0.24239925812563054
leaf_weight=4.2971157655119878 1.100591156631711 27.932896163314581 64.968853957951069 372.06832808628678 16.233368799090385 11.494533680379389 449.95432707853615 3.0736640430986872 4.4300104156136504 18.956643458455805 93.023276299238205 23.705636512488127 163.96785661205649 4.4977619200944892 4.1333292424678802 4.706725288182497 11.221969548612831 4.4683021605014801 2.3144018575549126
leaf_count=24 26 183 366 2243 81 81 3072 23 29 128 576 151 1134 35 25 26 387 112 53
internal_value=0 0.147634 -0.00445073 -0.0011292 -0.021176 -0.0303109 -0.0536249 0.110809 0.0288476 0.0322318 0.0223978 0.164119 0.0380384 0.219836 -0.171111 -0.143649 -0.209463 -0.0803368 0.0967468
internal_weight=0 36.9367 1249.61 1230.51 737.532 690.386 514.923 47.146 492.976 488.546 465.092 39.939 175.462 23.4544 7.20699 9.00384 19.1053 7.8833 3.41499
internal_count=8755 233 8522 7944 4933 4653 3438 280 3011 2982 2819 232 1215 163 48 50 578 191 79
is_linear=0
shrinkage=0.3


Tree=13
num_leaves=20
num_cat=0
split_feature=10 1 1 13 10 0 8 38 9 9 0 8 8 8 14 0 7 7 9
split_gain=7.89777 7.89954 9.94883 10.2834 9.77966 8.11797 8.99551 8.31729 7.03289 6.49276 6.3884 6.33749 13.7093 6.30508 7.8355 6.24616 6.20482 7.9132 6.16201
threshold=5.5000000000000009 7.5000000000000009 1.0000000180025095e-35 1528.5318522717359 1.0000000180025095e-35 42.500000000000007 9.5000000000000018 1.0000000180025095e-35 456.50000000000006 624.50000000000011 46.500000000000007 1.5000000000000002 1.0000000180025095e-35 7.5000000000000009 371.02793618540846 10.500000000000002 20.500000000000004 17.500000000000004 164.50000000000003
decision_type=2 2 2 2 2 2 2 2 2 2 2 2 2 2 2 2 2 2 2
left_child=1 2 3 16 -3 6 7 -4 -2 -5 -7 12 -6 -13 -15 -14 17 -1 -12
right_child=8 4 5 9 11 10 -8 -9 -10 -11 18 13 15 14 -16 -17 -18 -19 -20
leaf_value=0.11110553548632494 -0.20404032726319654 0.10624928828768056 -0.047762584067878616 -0.10884152220336124 0.17601859100896269 0.24540311655579944 0.11648268810889326 0.084833447352386432 0.038213492949579382 0.2428911516275912 -0.14915151935731605 0.10163258994156799 0.18619198898125125 0.027461310246539434 -0.24216724425128561 -0.21090359754453761 0.23762498554343461 -0.14544909698700542 0.092710564716734431
leaf_weight=64.28285500779748 30.243456821888685 135.38305253908038 639.85334117896855 35.607928594574332 12.639374230056999 15.190464578568934 34.427996553480625 44.862076299265027 16.169396866112947 4.6361405402421942 12.446796700358389 61.402886996045709 3.3109699487686148 37.865107154473662 12.152622079476712 36.186544002965093 26.153866415843368 12.235403077676891 32.451277688145638
leaf_count=432 351 880 4397 241 75 125 254 266 114 42 66 388 17 274 89 236 165 87 256
internal_value=0 0.00456259 -0.00918272 0.0633535 0.0468715 -0.0225394 -0.0314153 -0.0389832 -0.120451 -0.0642496 0.0826737 -0.00256498 -0.088091 0.037809 -0.0409207 -0.174482 0.113483 0.0689662 0.0241768
internal_weight=0 1221.09 922.148 142.916 298.941 779.232 719.143 684.715 46.4129 40.2441 60.0885 163.558 52.1369 111.421 50.0177 39.4975 102.672 76.5183 44.8981
internal_count=8755 8290 6331 967 1959 5364 4917 4663 465 283 447 1079 328 751 363 253 684 519 322
is_linear=0
shrinkage=0.3


Tree=14
num_leaves=20
num_cat=0
split_feature=9 0 7 8 8 8 7 8 7 7 8 37 8 18 4 4 0 0 4
split_gain=7.27522 7.66942 7.34102 8.22483 30.1537 12.3359 19.9497 24.8904 14.3092 8.11676 7.49138 11.3196 8.53763 5.30688 5.3053 6.11427 5.51209 5.05805 4.34957
threshold=176.50000000000003 4.5000000000000009 27.500000000000004 7.5000000000000009 6.5000000000000009 8.5000000000000018 15.500000000000002 9.5000000000000018 20.500000000000004 22.500000000000004 1.0000000180025095e-35 1.0000000180025095e-35 1.5000000000000002 1.0000000180025095e-35 12243.500000000002 6902.0000000000009 43.500000000000007 37.500000000000007 1138.5000000000002
decision_type=2 2 2 2 2 2 2 2 2 2 2 2 2 2 2 2 2 2 2
left_child=2 -2 3 4 10 9 7 -7 -8 -5 11 -1 -12 14 15 16 -3 -4 -6
right_child=1 13 17 5 18 6 8 -9 -10 -11 12 -13 -14 -15 -16 -17 -18 -19 -20
leaf_value=0.2698253873943981 0.29325646749348988 0.0068657343784349805 -0.25375073203737597 -0.26866741118526849 0.60139158522113945 0.52519013419460137 -0.2906153120566875 -0.082006571531557063 0.19436850972651432 0.017635435402965211 -0.14703924353809683 -0.13764643751431305 0.0037905039575474105 -0.19824567397140982 -0.16703911738943211 0.15682639349656072 0.12853738311470078 0.10807158183863691 0.19662461417920421
leaf_weight=16.425368955358863 7.9007070176303378 849.83569161593914 20.258079302497212 37.18272028118372 6.9633296877145749 10.785279214382173 19.881217907182876 12.344137348234652 6.7896128855645648 11.513986136764286 50.110290054231882 8.8850676417350787 100.13406294770539 9.9918783716857416 13.660656847059725 26.095349527895451 34.066494274884462 3.6799446661025277 5.0999170988798141
leaf_count=98 62 5072 247 616 34 57 234 68 40 128 438 72 906 63 80 169 312 33 26
internal_value=0 0.0133091 -0.0396153 -0.0259718 0.0109378 -0.0957836 0.00949373 0.20948 -0.165022 -0.201809 -0.0214807 0.126956 -0.0470442 0.0106829 0.0131182 0.0159718 0.0116708 -0.196378 0.453848
internal_weight=0 941.551 310.053 286.115 187.618 98.497 49.8002 23.1294 26.6708 48.6967 175.555 25.3104 150.244 933.65 923.658 909.998 883.902 23.938 12.0632
internal_count=8755 5758 2997 2717 1574 1143 399 125 274 744 1514 170 1344 5696 5633 5553 5384 280 60
is_linear=0
shrinkage=0.3


Tree=15
num_leaves=20
num_cat=0
split_feature=3 9 0 7 7 7 8 8 8 7 8 8 8 36 7 0 8 8 7
split_gain=5.90995 8.01323 7.37429 7.33203 6.75851 18.5866 12.343 17.3988 9.22109 9.00467 17.2113 23.9495 17.1875 15.8461 12.7705 7.96909 7.63017 19.8393 12.3065
threshold=1.0000000180025095e-35 398.50000000000006 39.500000000000007 12.500000000000002 12.500000000000002 7.5000000000000009 1.5000000000000002 4.5000000000000009 8.5000000000000018 20.500000000000004 5.5000000000000009 3.5000000000000004 7.5000000000000009 1.0000000180025095e-35 24.500000000000004 17.500000000000004 3.5000000000000004 2.5000000000000004 3.5000000000000004
decision_type=2 2 2 2 2 2 2 2 2 2 2 2 2 2 2 2 2 2 2
left_child=1 2 -1 -4 5 16 -7 -8 -9 15 11 13 -12 -11 -14 -6 17 -2 -18
right_child=4 -3 3 -5 9 6 7 8 -10 10 12 -13 14 -15 -16 -17 18 -19 -20
leaf_value=-0.16579201531735691 0.041895229250920756 0.027182372634095821 -0.15570357540198651 0.18477716325451571 0.0075734151895723604 -0.014857291728852987 0.38462006206344856 0.053843070697645823 0.26856416866932398 0.29633333601826334 0.35906305305988451 -0.1505992666892528 0.21350675674556302 -0.0021788213077800133 -0.024717524352363598 -0.084762175157229336 0.11622202328757561 -0.20083833577669721 -0.040471599204987822
leaf_weight=63.973644714802504 66.040034952573478 59.998980395495892 9.3749841023236531 12.096764688380061 146.31952467933297 49.193687712773681 24.568686293438077 77.047968694008887 22.916938289999962 21.498805205337703 20.844392316415906 79.319145521149039 30.51454540155828 56.486243561841547 56.828823206014931 196.67413498554379 79.374653685837984 54.817549422383308 102.41373010445386
leaf_count=619 394 392 67 97 1022 295 148 572 154 127 114 608 216 439 456 1461 498 321 755
internal_value=0 -0.0566787 -0.115262 0.0358556 0.00755751 0.034289 0.112251 0.162229 0.104866 -0.0133882 0.0280438 -0.0352812 0.119687 0.082359 0.0597303 -0.0454487 -0.0106475 -0.0688181 0.0281622
internal_weight=0 145.444 85.4454 21.4717 1084.86 476.373 173.727 124.534 99.9649 608.486 265.492 157.304 108.188 77.985 87.3434 342.994 302.646 120.858 181.788
internal_count=8755 1175 783 164 7580 3137 1169 874 726 4443 1960 1174 786 566 672 2483 1968 715 1253
is_linear=0
shrinkage=0.3


Tree=16
num_leaves=20
num_cat=0
split_feature=3 9 1 36 25 14 2 14 8 7 7 7 9 14 4 23 4 9 8
split_gain=5.76909 5.77321 5.46317 5.8553 5.01394 5.00529 9.24544 4.87288 5.94712 20.0526 8.55886 7.27322 6.98233 5.12579 4.647 3.67861 4.75623 3.62338 3.54343
threshold=1.5000000000000002 139.50000000000003 1.0000000180025095e-35 1.0000000180025095e-35 1.0000000180025095e-35 372.25126928665969 1.5000000000000002 361.87790197045075 1.0000000180025095e-35 19.500000000000004 27.500000000000004 23.500000000000004 740.50000000000011 369.51280079135881 3427.0000000000005 1.0000000180025095e-35 1274.0000000000002 229.50000000000003 9.5000000000000018
decision_type=2 2 2 2 2 2 2 2 2 2 2 2 2 2 2 2 2 2 2
left_child=1 5 -2 18 15 -1 -7 -3 9 13 11 -10 -12 -9 -11 -5 -17 -6 -4
right_child=2 7 3 4 17 6 -8 8 10 14 12 -13 -14 -15 -16 16 -18 -19 -20
leaf_value=-0.10091870278439337 0.15806097385718793 -0.18017472564025505 -0.035611183003932199 0.056975100498245161 -0.36402827722095848 -0.097519915192121942 0.59771969653191215 -0.051843236590520619 0.0058128769511003615 0.28897770497124448 -0.17984969090995695 0.1217385378380916 0.16569204912385835 -0.26269878531421875 -0.1205029522598728 0.052322550355637827 -0.37234431673514762 -0.014510975341188918 0.16990474175600076
leaf_weight=93.529332922771573 25.60838701762259 13.299649663269518 163.96244369167835 277.26964494306594 3.6228153416886908 4.170610085129737 1.8984021162614224 16.690689884126186 461.88362516462803 11.633802380412815 32.831169353798032 53.638505727052689 5.567218951880931 28.885191939771175 2.624704632908105 5.0525305951014143 3.3778929933905602 6.8544386699795723 7.1014384292066088
leaf_count=1336 156 92 1120 1832 27 66 17 99 3005 83 212 356 50 159 20 31 22 44 54
internal_value=0 -0.0166717 0.0253457 0.0178057 0.0432843 -0.0834544 0.165525 -0.00596837 -0.00195624 -0.0911378 0.00779855 0.0180501 -0.127316 -0.187778 0.211128 0.0509087 -0.135883 -0.153145 -0.0263037
internal_weight=0 726.653 492.85 467.241 296.177 99.5983 6.06901 627.055 613.755 59.8344 553.921 515.522 38.3984 45.5759 14.2585 285.7 8.43042 10.4773 171.064
internal_count=8781 5495 3286 3130 1956 1419 83 4076 3984 361 3623 3361 262 258 103 1885 53 71 1174
is_linear=0
shrinkage=0.3


Tree=17
num_leaves=20
num_cat=0
split_feature=7 7 9 14 4 10 13 8 8 8 9 7 8 8 0 4 7 8 8
split_gain=4.65047 10.1441 7.91473 6.77481 6.771 6.63329 6.64174 6.50445 5.94146 44.6429 7.70466 8.49598 27.7178 8.62686 6.87391 6.45541 6.3028 10.1695 6.98305
threshold=26.500000000000004 23.500000000000004 251.50000000000003 371.4290166958491 24.500000000000004 2.5000000000000004 1425.7341297807245 1.0000000180025095e-35 7.5000000000000009 6.5000000000000009 437.50000000000006 16.500000000000004 8.5000000000000018 9.5000000000000018 40.500000000000007 2789.5000000000005 1.0000000180025095e-35 5.5000000000000009 4.5000000000000009
decision_type=2 2 2 2 2 2 2 2 2 2 2 2 2 2 2 2 2 2 2
left_child=1 8 -2 7 -3 6 -6 -4 9 16 11 12 -10 -13 -12 -11 17 -1 -18
right_child=2 4 3 -5 5 -7 -8 -9 10 15 14 13 -14 -15 -16 -17 18 -19 -20
leaf_value=-0.097704365913954205 -0.13668219477188123 -0.084758958162617026 0.15711027853702619 0.21894534148632785 -0.16857226964529928 -0.041985226361383375 0.2176902993455237 -0.071666388620875765 -0.13738134425642506 0.43013047551360134 0.039532762241958647 -0.20048334568031548 0.12662442996136089 0.072034240909952585 -0.22196246262799729 0.082567251769190469 0.020168207985275747 0.41375001681336926 -0.046147106453700737
leaf_weight=5.6772432476282102 56.630395225249231 13.294150924310086 13.144354075193403 11.016974508762358 3.7390754334628573 13.499391921795903 52.11140841525048 55.540092494338751 84.099322088062763 24.601208386942748 132.36841459199786 58.290003107860684 61.059962118044496 12.255566747859119 8.8868301920592767 6.489669617265462 345.71112058777362 7.3149216882884502 242.40664984378964
leaf_count=36 593 116 108 76 26 125 344 345 930 137 832 568 450 101 68 41 2159 41 1685
internal_value=0 0.00686551 -0.0518008 0.00929396 0.107297 0.144678 0.18975 -0.0265373 -0.00160806 0.0158585 -0.0325077 -0.0680751 -0.0262415 -0.152854 0.0218859 0.361599 -0.00249598 0.19778 -0.00719162
internal_weight=0 1071.8 136.332 79.7014 82.644 69.3499 55.8505 68.6844 989.161 632.201 356.96 215.705 145.159 70.5456 141.255 31.0909 601.11 12.9922 588.118
internal_count=8781 7659 1122 529 611 495 370 453 7048 4099 2949 2049 1380 669 900 178 3921 77 3844
is_linear=0
shrinkage=0.3


Tree=18
num_leaves=20
num_cat=0
split_feature=9 0 18 8 8 38 7 8 7 9 7 7 13 4 9 3 24 4 4
split_gain=4.46445 4.82957 3.57381 3.86904 22.9262 7.55251 6.07705 8.36118 6.70541 5.70917 7.84263 6.44098 4.38966 5.72212 3.17129 2.18968 1.95725 1.80954 4.86591
threshold=1242.5000000000002 37.500000000000007 1.0000000180025095e-35 1.5000000000000002 2.5000000000000004 1.0000000180025095e-35 27.500000000000004 4.5000000000000009 6.5000000000000009 287.50000000000006 3.5000000000000004 2.5000000000000004 1524.2423658301498 520.50000000000011 166.50000000000003 1.0000000180025095e-35 1.0000000180025095e-35 400.50000000000006 280.50000000000006
decision_type=2 2 2 2 2 2 2 2 2 2 2 2 2 2 2 2 2 2 2
left_child=2 17 3 5 16 9 8 -8 -6 10 -1 -11 14 -14 -7 -4 -5 18 -2
right_child=1 -3 15 4 6 12 7 -9 -10 11 -12 -13 13 -15 -16 -17 -18 -19 -20
leaf_value=0.25581580297482748 0.17966717862311546 -0.19635034237203614 -0.23437818530839294 0.43029095905053011 -0.035049864163264541 -0.020949057609515456 -0.27836311664671304 -0.024413901705348903 0.026809103682332486 -0.3535726212901697 -0.1313234961668592 0.0057173780830340904 0.11119101038321404 -0.12620313280582215 0.1520239582974989 0.04216334997512218 0.16280534789659346 0.23844386582792346 -0.28435728640697089
leaf_weight=4.2019376978278151 6.664478883147245 3.0091851446777573 8.5929862204939109 10.818019606173037 217.19305417872965 12.918469198979436 14.67931762523949 47.921460707206279 569.58029219973832 3.8874018117785445 95.696815247647464 94.367819767445326 14.319963019341229 22.310020706616342 33.767875561490655 3.2383707091212264 4.9796479791402808 13.488608192652462 1.987605959177017
leaf_count=24 74 28 81 57 1505 100 112 441 4411 23 698 552 95 146 228 24 31 134 17
internal_value=0 0.123416 -0.00234 -0.000589506 0.0093533 -0.0310892 0.00252198 -0.0868137 0.00971374 -0.0628798 -0.113074 -0.0113282 0.0443944 -0.0329917 0.104629 -0.160875 0.358261 0.172377 0.0575703
internal_weight=0 25.1499 1158.47 1146.64 865.172 281.47 849.374 62.6008 786.773 198.154 99.8988 98.2552 83.3163 36.63 46.6863 11.8314 15.7977 22.1407 8.65208
internal_count=8781 253 8528 8423 6557 1866 6469 553 5916 1297 722 575 569 241 328 105 88 225 91
is_linear=0
shrinkage=0.3


Tree=19
num_leaves=20
num_cat=0
split_feature=8 8 0 4 0 14 8 8 27 7 7 9 35 13 4 10 8 4 8
split_gain=3.85118 30.3197 6.02935 5.64448 6.63942 7.55335 5.81512 15.0845 18.3595 6.15938 6.04073 5.98954 5.32578 5.10116 4.83978 4.62131 4.52143 4.2207 4.07102
threshold=7.5000000000000009 6.5000000000000009 9.5000000000000018 912.50000000000011 7.5000000000000009 371.30323327032943 4.5000000000000009 1.5000000000000002 1.0000000180025095e-35 1.5000000000000002 23.500000000000004 442.50000000000006 1.0000000180025095e-35 1550.1813800812495 203.50000000000003 1.0000000180025095e-35 5.5000000000000009 2636.0000000000005 9.5000000000000018
decision_type=2 2 2 2 2 2 2 2 2 2 2 2 2 2 2 2 2 2 2
left_child=1 3 -3 4 5 -1 7 11 -9 -8 -11 -5 16 18 -14 -15 -6 -4 -2
right_child=13 2 17 6 12 -7 9 8 -10 10 -12 -13 14 15 -16 -17 -18 -19 -20
leaf_value=0.25342218902774288 -0.040902659962537523 -0.070509187909078383 0.39045389855716167 -0.03660121646814514 -0.058502679599150099 -0.15890922162658333 0.17336429006744775 0.24747801662005092 -0.28373912692322928 -0.078467873876856886 0.10582774260811639 0.11668146254606743 0.13593092933793946 0.36624654044022015 -0.030632313579675413 -0.062995928556394826 0.032952495106909965 0.11376289153543834 0.04093327060259077
leaf_weight=14.317976146936418 340.03313700994477 3.5293360576033583 23.144049713388089 85.66994917858392 298.30415874812752 4.7960000149905673 12.397232707589863 52.246986460871994 5.8878047224134198 84.30239687487483 18.958095241338015 30.400147512555122 30.037673965096474 4.8483679983764869 31.454087948426604 3.3972186716273427 57.544108097441494 7.3501447923481456 64.477349862456322
leaf_count=97 2893 29 139 527 2134 31 73 343 32 561 147 238 230 42 220 34 399 50 562
internal_value=0 0.0130989 0.28644 -1.64663e-05 -0.0215547 0.147664 0.0323833 0.0668858 0.190454 -0.0196904 -0.0440606 0.00408642 -0.0295814 -0.0228653 0.0514546 0.199768 -0.0436714 0.328523 -0.0278015
internal_weight=0 760.34 34.0235 726.317 436.454 19.114 289.863 174.205 58.1348 115.658 103.26 116.07 417.34 412.756 61.4918 8.24559 355.848 30.4942 404.51
internal_count=8781 5250 218 5032 3111 128 1921 1140 375 781 708 765 2983 3531 450 76 2533 189 3455
is_linear=0
shrinkage=0.3


Tree=20
num_leaves=20
num_cat=0
split_feature=9 0 9 0 9 3 0 0 9 9 13 4 8 13 13 4 4 4 7
split_gain=2.75318 2.92845 2.44604 7.5401 5.12049 2.63112 4.27862 5.05401 3.53367 2.80964 7.45985 5.67583 5.32991 4.32142 2.45421 1.67925 1.34292 2.8955 2.78461
threshold=1242.5000000000002 37.500000000000007 1150.5000000000002 29.500000000000004 1172.0000000000002 1.5000000000000002 57.500000000000007 42.500000000000007 1023.5000000000001 367.50000000000006 1392.5539492352375 -69.999999999999986 1.0000000180025095e-35 1524.1058732958945 1461.9812826071206 1927.0000000000002 2462.5000000000005 400.50000000000006 14.500000000000002
decision_type=2 2 2 2 2 2 2 2 2 2 2 2 2 2 2 2 2 2 2
left_child=2 16 5 4 -4 9 7 8 -7 11 -11 14 -12 -13 -1 -9 17 18 -2
right_child=1 -3 3 -5 -6 6 -8 15 -10 10 12 13 -14 -15 -16 -17 -18 -19 -20
leaf_value=0.064118901034627945 0.21303589446193227 -0.13055038143401998 -0.30959702405302164 -0.50365143928071143 0.18936156060588005 0.012190467068971738 -0.26400546459707808 0.32199007672437541 0.24293695119282188 -0.33795515474906329 -0.12317374856481048 0.0071055567690066022 0.030716066148729421 -0.057107390773180715 -0.26800451121684771 0.082197667053623469 -0.022700673631972066 0.30191444418654689 -0.10649779284592537
leaf_weight=2.0671559125185004 3.8551782090216964 3.4506836514919987 1.9000867083668689 2.6896359771490097 4.970457848161459 437.63454325031489 3.9802249297499648 5.439877354539929 5.2329232245683661 4.5683755986392489 21.223180792294443 214.86095000011846 249.88815459050238 167.08740950468928 11.15132112149149 5.8486873619258404 3.3095714151859275 7.9065747652202836 4.4107133392244577
leaf_count=35 46 28 18 25 51 2970 27 58 55 29 146 1919 1527 1441 167 60 39 95 45
internal_value=0 0.102022 -0.00116035 -0.14608 0.0329465 0.000172776 0.01768 0.0206237 0.0153644 -0.0117904 0.011435 -0.027983 0.0183315 -0.0210477 -0.215349 0.211834 0.146852 0.180966 0.0483491
internal_weight=0 22.9327 1138.54 9.56018 6.87054 1128.98 458.136 454.156 442.867 670.847 275.68 395.167 271.111 381.948 13.2185 11.2886 19.482 16.1725 8.26589
internal_count=8781 253 8528 94 69 8434 3170 3143 3025 5264 1702 3562 1673 3360 202 118 225 186 91
is_linear=0
shrinkage=0.3


Tree=21
num_leaves=20
num_cat=0
split_feature=8 8 4 29 9 8 7 8 25 7 8 13 7 4 38 0 13 29 13
split_gain=2.44096 17.9556 4.35768 4.07838 4.0181 6.06621 5.45578 9.18256 3.50274 3.51364 3.48727 6.32554 4.2653 3.14091 4.13795 5.09343 4.63698 4.54491 4.06535
threshold=7.5000000000000009 6.5000000000000009 1312.0000000000002 1.0000000180025095e-35 144.50000000000003 8.5000000000000018 3.5000000000000004 9.5000000000000018 1.0000000180025095e-35 25.500000000000004 9.5000000000000018 1549.4275254796521 18.500000000000004 1583.5000000000002 1.0000000180025095e-35 7.5000000000000009 1459.5100644920301 1.0000000180025095e-35 1544.6529190474337
decision_type=2 2 2 2 2 2 2 2 2 2 2 2 2 2 2 2 2 2 2
left_child=1 13 -3 4 5 -2 7 -6 9 -7 11 -8 -12 14 15 18 -16 -17 -1
right_child=3 2 -4 -5 6 8 10 -9 -10 -11 12 -13 -14 -15 16 17 -18 -19 -20
leaf_value=0.19108113365377616 -0.20649612273072596 0.32446059191473231 0.086241778703260941 -0.22715073227553234 0.28639189519120017 -0.084172852335024806 -0.029369923153865336 -0.1985791359255076 0.24106042456226204 0.20740940681300682 -0.019001939593151027 0.24713975519580184 0.16961725826747767 0.03417081860858024 0.2417331610225521 -0.032313363432455153 0.023580788959852675 0.12838908415781758 -0.13683333128373407
leaf_weight=15.893814753741028 22.150431438814849 18.180147621780637 12.085996293462811 7.3897944856435052 12.450380869209768 24.559202341828502 280.14339764788747 4.1166389212012282 3.7113017365336409 3.5549229457974425 22.757478283718228 6.8277704026550046 19.440610390156507 190.73699107021093 10.082264607772229 434.42645794991404 45.881595363840461 15.634716438129542 3.6350138969719401
leaf_count=108 584 127 91 67 80 261 1963 49 37 20 231 49 190 1294 75 3110 320 101 24
internal_value=0 0.0109691 0.234155 -0.0178837 -0.0135541 -0.0890258 -0.00158739 0.162175 -0.00410958 -0.0424335 -0.010215 -0.0221003 0.0694836 0.00127967 -0.0106923 -0.0199113 0.0658282 -0.0265056 0.126967
internal_weight=0 746.557 30.2661 407.102 399.712 53.9759 345.736 16.567 31.8254 28.1141 329.169 286.971 42.1981 716.291 525.554 469.59 55.9639 450.061 19.5288
internal_count=8781 5250 218 3531 3464 902 2562 129 318 281 2433 2012 421 5032 3738 3343 395 3211 132
is_linear=0
shrinkage=0.3


end of trees

feature_importances:
Column_8=99
Column_9=73
Column_7=50
Column_0=44
Column_4=38
Column_10=20
Column_5=13
Column_13=13
Column_3=11
Column_14=10
Column_1=7
Column_2=6
Column_36=6
Column_38=6
Column_6=4
Column_37=3
Column_18=2
Column_25=2
Column_27=2
Column_29=2
Column_11=1
Column_21=1
Column_23=1
Column_24=1
Column_33=1
Column_34=1
Column_35=1

parameters:
[boosting: gbdt]
[objective: binary]
[metric: auc,l2]
[tree_learner: serial]
[device_type: cpu]
[linear_tree: 0]
[data: ]
[valid: ]
[num_iterations: 200]
[learning_rate: 0.3]
[num_leaves: 20]
[num_threads: -1]
[deterministic: 0]
[force_col_wise: 0]
[force_row_wise: 0]
[histogram_pool_size: -1]
[max_depth: 6]
[min_data_in_leaf: 20]
[min_sum_hessian_in_leaf: 0.001]
[bagging_fraction: 0.98108]
[pos_bagging_fraction: 1]
[neg_bagging_fraction: 1]
[bagging_freq: 8]
[bagging_seed: 3]
[feature_fraction: 0.971219]
[feature_fraction_bynode: 1]
[feature_fraction_seed: 2]
[extra_trees: 0]
[extra_seed: 6]
[early_stopping_round: 2]
[first_metric_only: 0]
[max_delta_step: 0]
[lambda_l1: 0]
[lambda_l2: 0.826415]
[linear_lambda: 0]
[min_gain_to_split: 0]
[drop_rate: 0.1]
[max_drop: 50]
[skip_drop: 0.5]
[xgboost_dart_mode: 0]
[uniform_drop: 0]
[drop_seed: 4]
[top_rate: 0.2]
[other_rate: 0.1]
[min_data_per_group: 100]
[max_cat_threshold: 32]
[cat_l2: 10]
[cat_smooth: 10]
[max_cat_to_onehot: 4]
[top_k: 20]
[monotone_constraints: ]
[monotone_constraints_method: basic]
[monotone_penalty: 0]
[feature_contri: ]
[forcedsplits_filename: ]
[refit_decay_rate: 0.9]
[cegb_tradeoff: 1]
[cegb_penalty_split: 0]
[cegb_penalty_feature_lazy: ]
[cegb_penalty_feature_coupled: ]
[path_smooth: 0]
[interaction_constraints: ]
[verbosity: -1]
[saved_feature_importance_type: 0]
[max_bin: 255]
[max_bin_by_feature: ]
[min_data_in_bin: 3]
[bin_construct_sample_cnt: 200000]
[data_random_seed: 1]
[is_enable_sparse: 1]
[enable_bundle: 1]
[use_missing: 1]
[zero_as_missing: 0]
[feature_pre_filter: 1]
[pre_partition: 0]
[two_round: 0]
[header: 0]
[label_column: ]
[weight_column: ]
[group_column: ]
[ignore_column: ]
[categorical_feature: ]
[forcedbins_filename: ]
[objective_seed: 5]
[num_class: 1]
[is_unbalance: 0]
[scale_pos_weight: 1]
[sigmoid: 1]
[boost_from_average: 1]
[reg_sqrt: 0]
[alpha: 0.9]
[fair_c: 1]
[poisson_max_delta_step: 0.7]
[tweedie_variance_power: 1.5]
[lambdarank_truncation_level: 30]
[lambdarank_norm: 1]
[label_gain: ]
[eval_at: ]
[multi_error_top_k: 1]
[auc_mu_weights: ]
[num_machines: 1]
[local_listen_port: 12400]
[time_out: 120]
[machine_list_filename: ]
[machines: ]
[gpu_platform_id: -1]
[gpu_device_id: -1]
[gpu_use_dp: 0]
[num_gpu: 1]

end of parameters

pandas_categorical:null
