tree
version=v3
num_class=1
num_tree_per_iteration=1
label_index=0
max_feature_idx=4
objective=binary sigmoid:1
feature_names=Column_0 Column_1 Column_2 Column_3 Column_4
feature_infos=[-6847:81204] [0:1] [0:30] [0:11] [2:3881]
tree_sizes=3238 3215 3229 3237 3228 3249 3223 3245 3255 3226 3252 3234 3238 3234 3239

Tree=0
num_leaves=30
num_cat=0
split_feature=4 4 1 4 1 0 3 3 3 0 4 4 3 3 4 3 3 3 3 3 3 3 0 4 0 4 0 4 3
split_gain=1437.54 372.407 318.291 160.392 100.059 72.7569 58.6251 50.5873 46.0421 44.9241 35.9696 33.2763 28.3669 26.3573 25.7186 28.3354 23.6694 18.5796 17.9739 19.4136 17.8605 17.022 15.5375 19.1054 13.2692 11.2351 11.4163 10.7524 10.3696
threshold=201.50000000000003 475.50000000000006 1.0000000180025095e-35 129.50000000000003 1.0000000180025095e-35 52.500000000000007 9.5000000000000018 7.5000000000000009 9.5000000000000018 122.50000000000001 612.50000000000011 392.50000000000006 9.5000000000000018 3.5000000000000004 77.500000000000014 9.5000000000000018 6.5000000000000009 1.0000000180025095e-35 6.5000000000000009 1.0000000180025095e-35 8.5000000000000018 1.0000000180025095e-35 976.50000000000011 379.50000000000006 1729.0000000000002 182.50000000000003 2945.5000000000005 287.50000000000006 6.5000000000000009
decision_type=2 2 2 2 2 2 2 2 2 2 2 2 2 2 2 2 2 2 2 2 2 2 2 2 2 2 2 2 2
left_child=3 2 5 14 9 20 7 16 13 -5 -3 -9 17 -6 -1 21 22 -7 19 -11 -2 -16 23 -4 27 26 -21 28 -19
right_child=1 10 6 4 8 12 -8 11 -10 18 -12 -13 -14 -15 15 -17 -18 24 -20 25 -22 -23 -24 -25 -26 -27 -28 -29 -30
leaf_value=-0.63147527448255525 -0.25775003062153606 0.18476187362070998 -0.35943075836638316 -0.38905673496019155 -0.20455042289877837 0.37465166793916693 0.33698619830116161 -0.52366817283988787 0.33042736928079508 0.25142999770667707 0.36728412037722169 -0.15055365791186159 0.41932731502050946 -0.54262600989175036 -0.1626810416272223 0.043217714831109894 0.40437258648618934 -0.082430843194234049 0.13611786336489781 -0.28572146549435795 0.22267055083164736 -0.51846927425973099 -0.058094389305465094 0.026764085048860256 0.22595937041659528 0.037869125517867697 0.055777455356952943 0.14701735263855373 0.1712174033363851
leaf_weight=185.85153870284557 44.404797166585922 142.19513699412346 60.370566934347153 37.669238045811653 26.193841025233269 31.931539535522461 12.22379247844219 103.52803833782673 5.9871636629104605 11.475397020578383 344.26191061735153 27.441166788339615 44.404797166585922 112.25931867957115 13.221653088927267 8.7312803417444211 5.2387682050466529 51.389821439981461 43.157471403479576 46.151053234934807 7.4839545786380759 205.55928575992584 40.912285029888153 13.720583394169806 85.816012501716614 19.458281904459 10.228071257472036 89.059059485793114 19.458281904459
leaf_count=745 178 570 242 151 105 128 49 415 24 46 1380 110 178 450 53 35 21 206 173 185 30 824 164 55 344 78 41 357 78
internal_value=-0.0925736 0.117012 -0.0340052 -0.424346 -0.261565 0.143725 -0.286247 -0.317824 -0.443968 -0.103961 0.314467 -0.446308 0.196748 -0.479663 -0.546883 -0.476156 -0.176484 0.1598 -0.020361 -0.0990624 -0.184773 -0.497297 -0.206152 -0.287409 0.130474 -0.155095 -0.222575 0.0779172 -0.0106276
internal_weight=0 1123.84 637.383 725.944 312.58 373.948 263.435 251.211 144.44 168.14 486.457 130.969 322.06 138.453 413.364 227.512 120.242 277.655 130.47 87.3128 51.8888 218.781 115.003 74.0912 245.723 75.8374 56.3791 159.907 70.8481
internal_count=7415 4505 2555 2910 1253 1499 1056 1007 579 674 1950 525 1291 555 1657 912 482 1113 523 350 208 877 461 297 985 304 226 641 284
is_linear=0
shrinkage=1


Tree=1
num_leaves=30
num_cat=0
split_feature=4 4 4 3 3 3 3 3 4 0 2 3 3 2 0 3 2 3 3 2 0 2 3 2 3 2 3 3 0
split_gain=795.626 171.703 106.265 80.5801 65.55 56.1577 50.7047 53.7414 38.3816 37.2835 27.6276 26.3029 26.1855 21.8287 17.6162 16.0199 81.3387 15.6605 15.1681 27.3279 14.2417 11.3977 11.2202 9.86051 9.55537 50.9486 8.56688 9.46164 8.12885
threshold=206.50000000000003 392.50000000000006 114.50000000000001 9.5000000000000018 7.5000000000000009 9.5000000000000018 7.5000000000000009 6.5000000000000009 662.50000000000011 43.500000000000007 3.5000000000000004 6.5000000000000009 4.5000000000000009 4.5000000000000009 223.50000000000003 8.5000000000000018 15.500000000000002 3.5000000000000004 3.5000000000000004 14.500000000000002 48.500000000000007 1.5000000000000002 9.5000000000000018 21.500000000000004 8.5000000000000018 15.500000000000002 3.5000000000000004 9.5000000000000018 2556.5000000000005
decision_type=2 2 2 2 2 2 2 2 2 2 2 2 2 2 2 2 2 2 2 2 2 2 2 2 2 2 2 2 2
left_child=2 3 22 4 9 6 7 12 20 17 -6 18 14 -14 -4 -8 -17 -2 23 21 -3 -20 -1 -11 -12 -26 -22 -28 -16
right_child=1 8 5 -5 10 -7 15 -9 -10 11 24 -13 13 -15 28 16 -18 -19 19 -21 26 -23 -24 -25 25 -27 27 -29 -30
leaf_value=-0.38579829134509619 -0.0034092718854855015 0.053805811475423938 -0.20755216620156214 0.39688588283393994 0.37861331560568318 0.27872885778514289 -0.38405353982003854 0.48595115948670553 0.34853465710028791 0.11091007843197333 -0.25992882445039228 0.45138003035679936 0.020542890529057944 -0.34089653960765459 -0.022030124663537348 0.45680774949925829 -0.47751536965987323 -0.3507226409408315 0.40846927570344421 -0.15827062726263802 0.30491147214908154 0.073341409829902407 -0.05226417645498057 0.32183574453560437 0.46982400569633376 -0.31484055795096078 0.1581741903577433 0.38193620384454435 0.17643382045107214
leaf_weight=312.74890942871571 22.985670939087868 54.031241148710251 38.186110213398933 47.428644955158234 6.7958628088235846 25.931494146585464 95.960937216877937 13.121281534433363 284.30375003814697 108.55624821782112 98.33821228146553 18.195532292127609 19.628908708691597 62.325173497200012 66.479666769504547 12.387773916125296 22.408756390213966 23.008162319660187 10.891370981931685 50.863898456096649 82.091364070773125 44.309984713792801 9.6235167980194074 24.213463634252548 10.04349899291992 23.106987953186035 152.73034107685089 19.01568067073822 24.911179080605507
leaf_count=1357 94 219 158 197 28 105 409 54 1176 440 416 74 82 261 272 51 94 94 44 206 333 179 40 99 41 96 618 78 101
internal_value=0 0.160361 -0.249321 0.0286582 -0.0115543 -0.141681 -0.172905 -0.085934 0.268876 0.0665543 -0.18212 0.111114 -0.123083 -0.254958 -0.0386369 -0.320915 -0.142136 -0.180137 0.0837898 -0.000901183 0.194611 0.14429 -0.375994 0.151052 -0.213188 -0.0717146 0.224322 0.184583 0.0331146
internal_weight=0 1080.91 703.714 488.738 441.309 381.341 355.41 224.652 592.172 303.024 138.285 257.03 211.531 81.9541 129.577 130.757 34.7965 45.9938 238.835 106.065 307.869 55.2014 322.372 132.77 131.489 33.1505 253.837 171.746 91.3908
internal_count=7416 4432 2984 2008 1811 1587 1482 928 2424 1230 581 1042 874 343 531 554 145 188 968 429 1248 223 1397 539 553 137 1029 696 373
is_linear=0
shrinkage=0.3


Tree=2
num_leaves=30
num_cat=0
split_feature=4 4 3 3 4 3 3 3 2 0 4 3 3 4 3 2 2 2 3 3 3 2 2 2 4 0 3 2 2
split_gain=456.422 126.486 63.3359 50.0861 47.4644 32.7577 27.4135 31.5165 25.5003 24.0103 21.5747 18.879 34.5006 11.3814 11.0756 47.2671 12.2953 13.3816 10.5516 9.89508 20.0337 37.8912 19.5632 18.2657 9.20887 9.94922 8.71955 7.48663 7.38399
threshold=176.50000000000003 446.50000000000006 9.5000000000000018 7.5000000000000009 94.500000000000014 6.5000000000000009 9.5000000000000018 1.0000000180025095e-35 3.5000000000000004 62.500000000000007 797.50000000000011 7.5000000000000009 6.5000000000000009 363.50000000000006 8.5000000000000018 15.500000000000002 15.500000000000002 26.500000000000004 1.0000000180025095e-35 3.5000000000000004 1.5000000000000002 5.5000000000000009 1.5000000000000002 28.500000000000004 124.50000000000001 529.50000000000011 1.5000000000000002 19.500000000000004 15.500000000000002
decision_type=2 2 2 2 2 2 2 2 2 2 2 2 2 2 2 2 2 2 2 2 2 2 2 2 2 2 2 2 2
left_child=4 2 3 5 -1 9 7 -6 -5 13 -3 12 24 18 16 -16 -10 -18 -2 20 23 -22 -21 -11 -9 -26 -27 -17 -24
right_child=1 10 -4 8 6 -7 -8 11 14 19 -12 -13 -14 -15 15 27 17 -19 -20 22 21 -23 28 -25 25 26 -28 -29 -30
leaf_value=-0.33700089319612953 0.13946410542186763 0.17753955062819379 0.32699545689441001 0.32282900541066478 0.13152567759345168 0.41626682991672043 0.17463477640252681 -0.27218749129497077 -0.27848797532206654 0.0065535022279720615 0.30926406940304019 -0.30570726277915383 0.38059567797647276 0.1108912322292944 0.41852477840709429 -0.30828448724636598 -0.012591310069835876 -0.36772152049748219 -0.25022762794271369 0.31231764373741866 -0.029237103326869691 0.48319750980638826 0.039396333767475478 0.35744514416603362 -0.21032998284561077 -0.21158002069815199 0.050024355755241841 0.05628042071960894 -0.10626902109630673
leaf_weight=205.53313207626343 6.7577861398458472 301.16112634539604 56.121575757861137 9.7443437576293928 26.957645133137703 20.636408567428589 20.912027880549431 59.01779668033123 77.772234946489334 109.61323142051697 183.03495556116104 105.09385676681995 9.8901585936546308 13.182275772094725 13.7717267870903 24.377068951725963 43.208753138780594 11.491235464811323 43.640102297067642 16.067240580916405 22.139994189143181 30.332629412412643 63.343731135129929 14.418995365500448 56.626712337136269 15.655824720859526 37.197499066591263 6.0732948035001746 60.570142358541489
leaf_count=1033 28 1289 258 41 112 91 87 280 351 450 830 503 43 54 59 106 191 52 188 67 90 124 259 63 248 64 158 26 249
internal_value=0 0.112071 0.0248198 -0.00446378 -0.223798 0.0552971 -0.152946 -0.1754 -0.132596 0.0348753 0.227756 -0.204871 -0.144381 -0.132292 -0.159036 -0.0283926 -0.202221 -0.0913663 -0.196629 0.0687039 0.115782 0.269755 0.00902625 0.0493481 -0.176826 -0.123838 -0.0294395 -0.235988 -0.0320281
internal_weight=0 1127.46 643.263 587.141 536.885 400.703 331.352 310.439 186.439 380.066 484.196 283.482 178.388 63.5802 176.694 44.2221 132.472 54.7 50.3979 316.486 176.505 52.4726 139.981 124.032 168.498 109.48 52.8533 30.4504 123.914
internal_count=7394 4866 2747 2489 2528 1663 1495 1408 826 1572 2119 1296 793 270 785 191 594 243 216 1302 727 214 575 513 750 470 222 132 508
is_linear=0
shrinkage=0.3


Tree=3
num_leaves=30
num_cat=0
split_feature=4 4 3 4 3 3 0 4 0 4 3 3 3 2 2 3 3 3 2 2 3 0 2 2 4 2 2 0 3
split_gain=248.886 81.0926 44.5224 35.6362 35.6067 24.639 22.0337 18.4185 16.1997 14.5685 14.1321 14.6712 15.4718 51.5823 11.1737 30.1441 11.2195 11.9593 10.9635 10.8067 9.73525 9.58942 9.40048 22.6258 8.40944 7.93673 8.45947 6.68595 6.29219
threshold=174.50000000000003 612.50000000000011 9.5000000000000018 77.500000000000014 7.5000000000000009 6.5000000000000009 1219.5000000000002 351.50000000000006 196.50000000000003 371.50000000000006 9.5000000000000018 3.5000000000000004 1.5000000000000002 6.5000000000000009 12.500000000000002 8.5000000000000018 7.5000000000000009 6.5000000000000009 1.0000000180025095e-35 3.5000000000000004 1.0000000180025095e-35 -1.0000000180025095e-35 22.500000000000004 24.500000000000004 152.50000000000003 25.500000000000004 22.500000000000004 334.50000000000006 1.0000000180025095e-35
decision_type=2 2 2 2 2 2 2 2 2 2 2 2 2 2 2 2 2 2 2 2 2 2 2 2 2 2 2 2 2
left_child=3 2 4 -1 5 6 7 18 28 19 11 12 20 -14 15 16 17 -13 -2 -6 -10 -20 27 -24 -22 26 -11 -21 -5
right_child=1 -3 -4 8 9 -7 -8 -9 10 25 -12 14 13 -15 -16 -17 -18 -19 21 22 24 -23 23 -25 -26 -27 -28 -29 -30
leaf_value=-0.31773945673190235 0.34849920311004196 0.22113345553004859 0.27234677606514618 0.037414829196478171 0.19200928193077468 0.34614531869505044 0.13317084989717431 0.090858670600750133 0.059193319015737662 0.011843500845452945 0.16027706652175158 -0.11006498489026051 -0.20148791396952637 0.59023225079059694 -0.23775845503905557 0.51934517670592406 -0.31866912033557587 0.38198200831828361 -0.32274065360673093 -0.28252821921049759 -0.27635441593286403 -0.053859441211178846 0.44530694724447539 -0.15929807388437159 0.073862284098734826 -0.2432298493572923 0.38501661155147593 -0.13080931434410967 -0.24098778368046947
leaf_weight=123.4028385579586 4.9723862558603278 275.96831460297108 63.327259540557861 7.6247369050979605 7.5759140104055396 24.533134192228317 157.73786599934101 114.68244476616383 21.048259004950523 81.642326563596725 18.7599907964468 25.077963963150982 15.264237076044084 13.082748115062712 80.612404569983482 6.2749779373407355 18.975462913513184 4.581987425684928 12.062156200408934 49.776866376399994 26.254609763622284 178.95586158335209 6.6742153167724636 21.174810007214546 7.6231675893068305 9.3659427613019925 5.0749207139015189 59.603386700153351 107.32847379148006
leaf_count=754 22 1374 325 32 34 122 670 489 88 347 81 121 69 59 425 28 106 22 57 252 129 757 28 103 32 40 21 291 561
internal_value=0 0.0812153 0.0326062 -0.179259 0.011647 0.0578195 0.0421614 -0.00426729 -0.13018 -0.0827188 -0.0849695 -0.106498 -0.00721522 0.17 -0.167108 -0.0614884 -0.143526 -0.0261189 -0.0600708 -0.142556 -0.0997878 -0.0720969 -0.162019 -0.00611913 -0.197661 0.00788733 0.036959 -0.201383 -0.222392
internal_weight=0 1073.13 797.159 475.912 733.832 492.944 468.411 310.673 352.509 240.888 237.556 218.796 83.273 28.347 135.523 54.9104 48.6354 29.66 195.99 144.805 54.926 191.018 137.229 27.849 33.8778 96.0832 86.7172 109.38 114.953
internal_count=7439 4932 3558 2507 3233 2117 1995 1325 1753 1116 1160 1079 377 128 702 277 249 143 836 708 249 814 674 131 161 408 368 543 593
is_linear=0
shrinkage=0.3


Tree=4
num_leaves=30
num_cat=0
split_feature=4 1 4 4 1 0 4 4 2 0 4 2 0 4 2 2 0 4 2 0 2 4 4 4 0 2 2 2 4
split_gain=139.148 80.5359 63.0555 21.9103 22.3879 16.151 14.6294 12.8751 7.6549 6.62765 9.30914 7.14086 6.40983 7.12918 7.60877 7.59611 6.40949 6.13695 5.1491 4.80306 4.69705 6.60983 4.57018 4.42438 4.28152 4.27323 4.42353 4.39725 3.78326
threshold=142.50000000000003 1.0000000180025095e-35 475.50000000000006 77.500000000000014 1.0000000180025095e-35 102.50000000000001 355.50000000000006 787.50000000000011 27.500000000000004 976.50000000000011 296.50000000000006 22.500000000000004 13742.500000000002 338.50000000000006 26.500000000000004 24.500000000000004 1.0000000180025095e-35 158.50000000000003 14.500000000000002 152.50000000000003 6.5000000000000009 262.50000000000006 218.50000000000003 222.50000000000003 -45.499999999999993 17.500000000000004 8.5000000000000018 2.5000000000000004 319.50000000000006
decision_type=2 2 2 2 2 2 2 2 2 2 2 2 2 2 2 2 2 2 2 2 2 2 2 2 2 2 2 2 2
left_child=3 5 9 -1 8 6 24 -4 16 10 17 18 13 14 15 20 -5 -3 -11 -9 21 -7 -13 -22 -2 26 27 -26 -12
right_child=1 2 7 4 -6 12 -8 19 -10 11 28 22 -14 -15 -16 -17 -18 -19 -20 -21 23 -23 -24 -25 25 -27 -28 -29 -30
leaf_value=-0.29838611910562446 -0.32574154395552107 -0.032026006146992463 0.024426098194602897 -0.22835769218064833 -0.23407198007814273 0.25061771508813563 0.12711762334843948 0.30370460203892746 -0.27707238228672215 -0.04014081841855114 0.0941182852794024 0.34602854407732236 -0.10773480183145624 0.18250073350256982 -0.031230083838583556 0.35110567635012185 0.019242628908029254 -0.23382197452893283 -0.18764530622214015 0.1337333017231396 0.030336265803675547 0.056302198544955641 0.0057277918819893196 0.13188526557379321 0.14879030726739279 -0.15066064048755501 0.14299727610509377 -0.17356468992310964 -0.10148167975401597
leaf_weight=101.49556104838848 5.3470089733600608 15.700970232486723 114.81887638568878 9.7333792299032194 92.729278296232224 42.982182905077934 53.423139706254005 21.01470810174942 9.669413283467291 53.309273272752762 9.6715333908796293 4.4941185414791098 8.7525991052389127 231.19563333690166 30.249844297766685 12.357848957180975 88.19623826444149 113.44741542637348 35.331663191318512 57.3573018014431 72.840312421321869 25.495131179690361 10.919807165861128 82.864640891551971 4.6619913727045121 24.471754729747772 13.077307492494581 12.4151004999876 64.43907330930233
leaf_count=759 29 89 544 57 546 194 255 121 53 247 51 24 41 1150 140 56 470 598 169 330 328 114 52 383 21 116 62 61 293
internal_value=0 0.0441891 -0.0452953 -0.185052 -0.126685 0.116377 0.0139141 0.0887824 -0.0331079 -0.129594 -0.161109 -0.0672825 0.139248 0.143753 0.109735 0.127807 -0.00699612 -0.209633 -0.100073 0.181884 0.114309 0.179737 0.116972 0.0847723 -0.0872672 -0.0596165 0.016229 -0.0828768 -0.0752327
internal_weight=0 1120.64 500.505 301.824 200.328 620.134 113.396 193.191 107.599 307.314 203.259 104.055 506.738 497.986 266.79 236.54 97.9296 129.148 88.6409 78.372 224.182 68.4773 15.4139 155.705 59.9732 54.6262 30.1544 17.0771 74.1106
internal_count=7353 5468 2518 1885 1126 2950 544 995 580 1523 1031 492 2406 2365 1215 1075 527 687 416 451 1019 308 76 711 289 260 144 82 344
is_linear=0
shrinkage=0.3


Tree=5
num_leaves=30
num_cat=0
split_feature=4 1 4 0 4 1 3 3 4 3 3 3 4 3 3 3 3 3 3 4 0 3 4 4 4 0 0 3 4
split_gain=96.7462 50.3275 48.8926 19.2757 17.8146 14.6933 14.3923 15.8977 13.8448 13.5991 14.9646 11.7258 11.5099 11.3265 11.0214 8.50888 10.1265 15.8123 8.14895 6.96737 5.22415 4.79295 4.69534 4.47797 5.744 4.32344 4.26474 4.13293 3.82886
threshold=162.50000000000003 1.0000000180025095e-35 668.50000000000011 253.50000000000003 77.500000000000014 1.0000000180025095e-35 1.0000000180025095e-35 6.5000000000000009 379.50000000000006 9.5000000000000018 3.5000000000000004 1.0000000180025095e-35 515.50000000000011 6.5000000000000009 7.5000000000000009 9.5000000000000018 3.5000000000000004 1.0000000180025095e-35 1.5000000000000002 142.50000000000003 976.50000000000011 1.0000000180025095e-35 884.50000000000011 797.50000000000011 749.50000000000011 1120.5000000000002 1.0000000180025095e-35 5.5000000000000009 222.50000000000003
decision_type=2 2 2 2 2 2 2 2 2 2 2 2 2 2 2 2 2 2 2 2 2 2 2 2 2 2 2 2 2
left_child=4 3 8 6 -1 11 -2 12 15 10 18 -6 -8 26 -15 16 17 -3 19 -7 28 22 -4 24 -5 -22 -13 -25 -18
right_child=1 2 21 23 5 9 7 -9 -10 -11 -12 13 -14 14 -16 -17 20 -19 -20 -21 25 -23 -24 27 -26 -27 -28 -29 -30
leaf_value=-0.2587575524281524 0.3365133324292649 -0.20785511308177831 -0.22316598760106413 0.13781848288150836 0.23327165631241742 -0.23968624014317785 -0.12204828412320867 0.15737636869134289 -0.0053133485300859689 0.2422459021539729 -0.26653663640938857 -0.29249953407251394 0.086490007422907925 0.39746943675356794 -0.0031546434153765881 0.13102916001031403 -0.30404830997342353 0.10102896280964163 0.22337817386827247 0.15162007672955133 0.15374414305814074 0.17550717701969212 0.11853050727877851 0.32187656422869332 -0.14311166714144871 -0.128766397497318 -0.094272720211268812 0.12468371806031997 -0.17512862767655574
leaf_weight=81.455234549939632 11.336920768022535 25.924232318997383 5.0941368639469138 347.04748607426882 12.662909775972365 12.387256845831873 79.812581449747086 40.131280548870564 136.62836928665638 5.8964583575725547 80.752005018293858 10.707348689436911 33.156967684626579 6.7295294106006613 34.642836093902588 10.295277893543242 34.607992187142372 33.037391722202301 8.5145906358957308 5.3057944178581229 4.872642219066619 92.997161999344826 8.6232874244451505 23.078274786472321 6.0691577196121207 39.481506019830704 79.430571749806404 18.583990976214409 65.309981048107147
leaf_count=754 53 108 29 1676 54 63 363 207 604 26 574 72 181 34 174 56 229 143 45 23 24 566 55 148 36 205 422 119 369
internal_value=0 0.0480596 -0.0257906 0.108346 -0.136945 -0.0976673 0.0219052 -0.00299797 -0.079973 -0.178361 -0.203153 -0.0338744 -0.0606661 -0.0608359 0.0682321 -0.127549 -0.141104 -0.035733 -0.00577079 -0.120877 -0.183739 0.151277 -0.0136018 0.144235 0.132682 -0.0955846 -0.120155 0.237871 -0.221815
internal_weight=0 1016.09 456.872 559.217 338.485 257.029 164.438 153.101 350.157 112.856 106.96 144.173 112.97 131.51 41.3724 213.529 203.234 58.9616 26.2076 17.6931 144.272 106.715 13.7174 394.779 353.117 44.3541 90.1379 41.6623 99.918
internal_count=7412 5171 2388 2783 2241 1487 804 751 1738 731 705 756 544 702 208 1134 1078 251 131 86 827 650 84 1979 1712 229 494 267 598
is_linear=0
shrinkage=0.3


Tree=6
num_leaves=30
num_cat=0
split_feature=4 4 4 3 3 2 3 2 3 2 3 3 2 3 2 2 2 2 3 3 2 2 0 2 4 2 2 0 3
split_gain=55.625 19.0814 17.0142 12.4471 12.0449 18.4749 22.3052 14.8335 14.6806 13.7786 10.3762 20.0583 34.5444 12.0558 11.0261 14.5227 10.1703 9.87706 9.1216 8.63813 44.0994 10.6341 9.1171 8.29255 7.88451 7.46832 22.9533 10.2775 9.41135
threshold=152.50000000000003 668.50000000000011 61.500000000000007 9.5000000000000018 3.5000000000000004 14.500000000000002 8.5000000000000018 28.500000000000004 4.5000000000000009 3.5000000000000004 3.5000000000000004 1.5000000000000002 6.5000000000000009 8.5000000000000018 15.500000000000002 20.500000000000004 10.500000000000002 7.5000000000000009 1.0000000180025095e-35 1.5000000000000002 5.5000000000000009 9.5000000000000018 1219.5000000000002 7.5000000000000009 122.50000000000001 23.500000000000004 26.500000000000004 4.5000000000000009 4.5000000000000009
decision_type=2 2 2 2 2 2 2 2 2 2 2 2 2 2 2 2 2 2 2 2 2 2 2 2 2 2 2 2 2
left_child=2 3 -1 4 7 6 8 19 -6 -10 11 18 -13 -12 17 -16 -11 -15 -4 21 22 23 -21 -2 -14 -7 27 -27 -28
right_child=1 -3 10 -5 5 25 -8 -9 9 16 13 12 24 14 15 -17 -18 -19 -20 20 -22 -23 -24 -25 -26 26 28 -29 -30
leaf_value=-0.29259116405587599 0.061178224626158198 0.12110625556195985 0.069355228748610276 0.15050927253466964 0.378925801388654 -0.12686531514834543 0.36359700303565556 0.28460918512549249 0.12830881403785233 -0.11079248507643363 -0.18467570786456969 -0.13097103277570721 0.76024969899350481 -0.12343602987339444 -0.26843573239913898 0.22868346323901795 0.036611657479950759 0.3787739466409924 -0.18068250021006546 -0.19300320583354466 0.36226434954624825 -0.049336106961347541 0.12267404670229097 0.40719305984345566 0.24057492399365613 -0.19474208643326449 -0.31986677964889715 0.23339578236613878 -0.057290051087922435
leaf_weight=43.242010697722435 45.115786954760551 172.83646818995476 18.943885877728462 53.464700527489185 8.3873789906501752 147.91159259527922 16.169945776462555 21.841262996196747 50.47702481597662 99.312475189566612 112.01670788228512 12.634249642491342 6.8820841237902624 4.8778012916445723 16.155557297170166 6.987215429544448 72.205761916935444 9.5208247527480108 39.590965054929256 27.41321836411953 34.128211557865143 130.99162647128105 11.00151678919792 6.5299039483070365 5.5789744257926941 5.3809026777744284 16.506561815738678 30.868194423615932 44.060403950512409
leaf_count=490 205 1171 91 346 38 747 81 114 245 534 874 73 36 23 125 32 384 46 274 119 170 599 50 30 24 30 78 149 227
internal_value=0 0.0307392 -0.121209 0.011635 0.00182638 -0.0263705 0.0315498 0.0517647 0.00708222 -0.00825965 -0.088548 -0.00380452 0.216585 -0.135666 0.0113608 -0.115754 -0.0488548 0.211068 -0.0999156 0.0310189 0.117992 -0.00388588 -0.101947 0.110399 0.55578 -0.0846366 -0.0196171 0.167046 -0.132046
internal_weight=0 994.603 276.43 821.766 768.302 491.28 246.553 277.022 230.383 221.995 233.188 83.6302 25.0953 149.558 37.5414 23.1428 171.518 14.3986 58.5349 255.18 72.5429 182.637 38.4147 51.6457 12.4611 244.728 96.8161 36.2491 60.567
internal_count=7405 5317 2088 4146 3800 2513 1282 1287 1201 1163 1598 498 133 1100 226 157 918 69 365 1173 339 834 169 235 60 1231 484 179 305
is_linear=0
shrinkage=0.3


Tree=7
num_leaves=30
num_cat=0
split_feature=4 1 4 3 4 2 4 3 3 3 2 2 2 1 3 2 2 3 3 3 3 2 4 3 3 2 3 2 4
split_gain=35.7183 19.9446 17.1026 13.2882 8.72811 8.34813 8.34691 7.01522 11.6667 8.55101 8.72508 11.4703 6.32866 5.88941 5.76076 5.70799 7.63029 9.41684 19.4086 7.25285 6.57452 6.04084 5.99475 5.24398 4.6519 4.31192 4.16838 5.66818 3.99713
threshold=124.50000000000001 1.0000000180025095e-35 758.50000000000011 1.0000000180025095e-35 257.50000000000006 12.500000000000002 61.500000000000007 4.5000000000000009 1.0000000180025095e-35 8.5000000000000018 14.500000000000002 20.500000000000004 2.5000000000000004 1.0000000180025095e-35 9.5000000000000018 27.500000000000004 23.500000000000004 4.5000000000000009 1.5000000000000002 1.5000000000000002 5.5000000000000009 19.500000000000004 412.50000000000006 3.5000000000000004 9.5000000000000018 14.500000000000002 8.5000000000000018 12.500000000000002 94.500000000000014
decision_type=2 2 2 2 2 2 2 2 2 2 2 2 2 2 2 2 2 2 2 2 2 2 2 2 2 2 2 2 2
left_child=6 3 4 -2 7 -5 -1 8 -3 12 -11 -12 -9 25 15 16 17 18 -7 -18 22 -19 -17 -15 -6 28 -25 -28 -8
right_child=1 2 -4 5 24 14 13 9 -10 10 11 -13 -14 23 -16 20 19 21 -20 -21 -22 -23 -24 26 -26 -27 27 -29 -30
leaf_value=-0.25704178198954286 0.20699344602698513 -0.21142638714235337 0.11570790713924475 0.086688989847597681 -0.01889341376208931 -0.035097513304207607 0.16299844383994336 0.090364726287206085 0.092674077839476926 0.27246660809415535 -0.32986233449001429 0.2667156329781204 -0.21436529734981896 -0.0041360266850419295 0.12910105516231593 -0.2845420676730458 -0.063857382158762938 -0.1138957660659326 0.35791319156248275 0.16443530796919764 0.13870357407111464 0.048811591544004447 -0.00056998507340350394 -0.25530770918540624 0.23947240235480532 -0.10599013155971616 0.29077967442840275 -0.19553403512528328 -0.036851069066678274
leaf_weight=34.215362161397934 49.872475542128086 16.387062132358551 67.631077900528908 244.63702149689198 246.03535279631615 37.800151661038399 13.446134895086287 6.2434278279542914 32.714525707066059 7.3370923101902035 7.6173909753561002 3.7209389209747314 75.481242060661316 14.279221855103968 32.321555718779564 17.252885453403 16.729808568954468 79.023650996387005 15.27498399466276 45.147045530378819 6.7280893474817267 27.142708718776703 10.638911902904509 35.843103177845478 5.6479308903217307 37.226714968681335 2.7159649282693854 4.819890022277832 23.930894926190376
leaf_count=494 271 71 512 1332 1209 190 102 29 155 38 68 22 578 102 222 86 88 408 87 231 34 141 64 391 35 291 13 51 145
internal_value=0 0.0230389 -0.0230018 0.0600705 -0.0465666 0.0460293 -0.126206 -0.103777 -0.0105554 -0.14893 0.0330905 -0.129464 -0.190443 -0.0910351 0.0113562 -0.00387657 0.013984 -0.020819 0.0815986 0.102684 -0.115721 -0.0722444 -0.179222 -0.162409 -0.0123649 -0.0347502 -0.213503 -0.0093106 0.0369279
internal_weight=0 1051.39 468.816 582.569 401.185 532.697 166.477 149.502 49.1016 100.4 18.6754 11.3383 81.7247 132.262 288.06 255.738 221.118 159.241 53.0751 61.8769 34.6199 106.166 27.8918 57.6582 251.683 74.6037 43.379 7.53585 37.377
internal_count=7460 5871 2717 3154 2205 2883 1589 961 226 735 128 90 607 1095 1551 1329 1145 826 277 319 184 549 150 557 1244 538 455 64 247
is_linear=0
shrinkage=0.3


Tree=8
num_leaves=30
num_cat=0
split_feature=1 3 3 2 3 2 2 0 3 3 3 2 2 2 3 3 3 2 3 0 2 2 3 2 2 3 2 2 0
split_gain=15.479 13.7006 10.9489 10.6927 10.1733 7.06101 10.7316 5.70291 5.46334 7.62961 21.7018 7.35761 4.59787 6.65047 12.9474 14.0861 5.03638 4.43498 5.35378 4.07484 4.49516 5.79732 4.8577 3.98009 3.86417 3.82842 31.1847 4.62386 5.55819
threshold=1.0000000180025095e-35 1.0000000180025095e-35 6.5000000000000009 14.500000000000002 7.5000000000000009 20.500000000000004 16.500000000000004 4.5000000000000009 9.5000000000000018 7.5000000000000009 6.5000000000000009 3.5000000000000004 11.500000000000002 3.5000000000000004 2.5000000000000004 5.5000000000000009 2.5000000000000004 5.5000000000000009 4.5000000000000009 191.50000000000003 27.500000000000004 24.500000000000004 1.5000000000000002 18.500000000000004 4.5000000000000009 1.0000000180025095e-35 19.500000000000004 26.500000000000004 3475.5000000000005
decision_type=2 2 2 2 2 2 2 2 2 2 2 2 2 2 2 2 2 2 2 2 2 2 2 2 2 2 2 2 2
left_child=1 -1 3 7 -4 6 -6 -3 9 10 25 -11 13 14 -9 -16 -14 24 -19 -5 21 -21 -23 -8 -15 26 -2 -27 -29
right_child=8 2 4 19 5 -7 23 12 -10 11 -12 -13 16 17 15 -17 -18 18 -20 20 -22 22 -24 -25 -26 27 -28 28 -30
leaf_value=0.1715209158799923 -0.19582873472849691 -0.10788536275715398 0.26490706201741282 -0.12868951536383441 0.069890613267514265 0.14840126084778996 -0.23118664146224957 0.42699236605068863 0.12554959740994379 0.2211730964406193 0.47030089510099593 -0.096248723464088443 0.0089107518528660327 -0.01008318041549046 -0.089555957171490799 0.24475407517583425 0.23951324520677908 0.085447579805836033 -0.066790925959058028 -0.052922187675850572 -0.15455344112631719 -0.058151558088546981 0.19426457953281526 -0.031261773214037419 -0.20336624288891453 0.011002754236473036 0.33250190763801352 -0.18535994649782275 0.23567620490987609
leaf_weight=52.891189590096474 50.244025334715843 23.748293712735176 21.489436358213425 62.89427212625742 79.200962096452713 44.465969704091549 16.460560008883476 8.8700048476457578 15.933600626885889 6.036447398364543 7.3138467073440543 232.60734167695045 14.639498651027678 20.160104401409626 27.82939850538969 18.038207955658436 19.827033385634422 50.365855142474174 34.288604356348515 71.364844113588333 22.138657554984093 10.211976490914823 18.419033147394657 19.253204956650734 16.646156124770641 162.75212989002466 11.769618466496466 20.12984457612038 2.5721430405974379
leaf_count=305 274 151 135 418 500 269 98 47 104 32 38 1853 82 105 148 101 109 289 189 423 144 69 104 120 88 1016 57 160 14
internal_value=0 0.0263066 0.0133038 -0.0133185 0.0748314 0.0480239 0.00843564 0.0292044 -0.0434143 -0.0490623 -0.0128843 -0.0875168 0.0450037 0.0250911 0.111111 0.0438338 0.143959 -0.0141419 0.0237372 -0.0670862 -0.0347402 -0.00721122 0.105089 -0.126415 -0.099933 -0.0286149 -0.0926373 -0.00690464 -0.131339
internal_weight=0 653.203 600.312 419.442 180.87 159.381 114.915 234.413 509.359 493.425 254.782 238.644 210.665 176.198 54.7376 45.8676 34.4665 121.461 84.6545 185.029 122.135 99.9959 28.631 35.7138 36.8063 247.468 62.0136 185.454 22.702
internal_count=7442 3894 3589 2467 1122 987 718 1309 3548 3444 1559 1885 1158 967 296 249 191 671 478 1158 740 596 173 218 193 1521 331 1190 174
is_linear=0
shrinkage=0.3


Tree=9
num_leaves=30
num_cat=0
split_feature=4 0 4 2 2 3 3 2 3 3 2 4 4 0 0 2 0 2 3 2 2 3 0 2 3 3 0 2 4
split_gain=25.5658 12.406 12.1722 9.11098 11.7029 5.81332 10.8333 12.5679 16.5383 8.83283 7.01914 5.71054 4.84549 4.79574 4.54449 4.09387 4.84842 4.49023 4.49761 4.47187 3.73971 3.53457 9.41158 8.99769 3.48722 3.22149 3.1881 3.17772 3.07711
threshold=251.50000000000003 -69.999999999999986 61.500000000000007 26.500000000000004 22.500000000000004 7.5000000000000009 8.5000000000000018 16.500000000000004 9.5000000000000018 6.5000000000000009 1.5000000000000002 152.50000000000003 933.50000000000011 21.500000000000004 2251.5000000000005 7.5000000000000009 152.50000000000003 12.500000000000002 9.5000000000000018 18.500000000000004 2.5000000000000004 4.5000000000000009 48.500000000000007 4.5000000000000009 5.5000000000000009 7.5000000000000009 102.50000000000001 24.500000000000004 715.50000000000011
decision_type=2 2 2 2 2 2 2 2 2 2 2 2 2 2 2 2 2 2 2 2 2 2 2 2 2 2 2 2 2
left_child=1 -1 -3 4 5 9 11 10 -9 21 -8 -7 15 -6 -13 16 28 -17 -19 -20 -14 22 -4 -23 -5 -26 -22 -28 -2
right_child=12 2 3 24 13 6 7 8 -10 -11 -12 14 20 -15 -16 17 -18 18 19 -21 26 23 -24 -25 25 -27 27 -29 -30
leaf_value=-0.30139679235288919 -0.11912358011008922 -0.2471298330254347 0.20868740874729624 -0.20525856496477896 -0.12902680345189665 -0.31022707199461524 -0.23225324238240563 -0.3376083723881747 0.21190915353176729 0.23158362727419526 0.14859632702192049 -0.15367305782336138 -0.14863944900360784 0.17170562188034 0.14470817225530053 0.1049286828482956 0.021782007879092818 0.020741006950887455 -0.029823560071352281 0.27771200381213013 0.26444988285835924 0.07269408581135732 -0.021523702169262728 -0.13927668431295059 0.22710163895705146 -0.097694693521628351 0.065520350435511188 0.27589197414132438 0.15302768533022715
leaf_weight=16.519202526658773 39.774047672748566 23.969957459717989 17.524961464107037 33.46411557123065 4.8915832079946986 20.501325696706772 4.2701875418424597 15.862021658569576 6.3754048049449912 12.443948268890379 33.591658215969801 25.892523966729645 3.9407222047448149 36.322890184819698 4.8965023458003989 90.909617431461811 115.94184625148773 304.44497033953667 6.2790581956505802 11.551798216998575 12.539176113903521 26.142110206186771 124.80767624825239 54.49244050309062 2.7298045903444281 11.878841713070868 45.997252762317657 6.9307008907198897 3.444441854953765
leaf_count=182 203 458 107 244 42 265 27 153 38 76 215 224 31 231 32 512 635 1634 54 100 102 153 651 368 16 105 364 58 25
internal_value=0 -0.0519011 -0.0424416 -0.0307645 -0.0153575 -0.0334027 -0.0896073 -0.00278522 -0.1782 -0.0065978 0.101776 -0.189756 0.0397558 0.134259 -0.103789 0.0305822 -0.0102627 0.0463053 0.0295525 0.172742 0.114208 -0.020661 0.00781621 -0.0705162 -0.152863 -0.0284708 0.131612 0.0967174 -0.0950775
internal_weight=0 476.577 460.058 436.088 388.015 346.801 111.39 60.0993 22.2374 235.411 37.8618 51.2904 641.754 41.2145 30.789 572.346 159.16 413.185 322.276 17.8309 69.4079 222.967 142.333 80.6346 48.0728 14.6086 65.4671 52.928 43.2185
internal_count=7305 3587 3405 2947 2582 2309 954 433 191 1355 242 521 3718 273 256 3163 863 2300 1788 154 555 1279 758 521 365 121 524 422 228
is_linear=0
shrinkage=0.3


Tree=10
num_leaves=30
num_cat=0
split_feature=4 4 0 1 0 0 4 4 2 2 2 4 4 0 0 4 0 2 2 2 4 0 2 2 4 4 0 0 4
split_gain=14.0679 7.58922 7.19741 6.22065 6.39461 5.63881 4.61261 4.53927 4.09933 4.70997 3.40031 5.33157 10.3887 3.58022 4.58085 3.90599 3.18944 2.92344 5.80901 4.02546 3.04868 2.91499 4.35847 2.89543 3.00364 3.08529 6.32622 5.55931 3.32658
threshold=120.50000000000001 531.50000000000011 -1.0000000180025095e-35 1.0000000180025095e-35 102.50000000000001 9434.0000000000018 408.50000000000006 59.500000000000007 12.500000000000002 2.5000000000000004 19.500000000000004 808.50000000000011 732.50000000000011 685.50000000000011 223.50000000000003 1211.5000000000002 86.500000000000014 19.500000000000004 14.500000000000002 16.500000000000004 446.50000000000006 102.50000000000001 11.500000000000002 15.500000000000002 498.50000000000006 412.50000000000006 479.50000000000006 574.50000000000011 133.50000000000003
decision_type=2 2 2 2 2 2 2 2 2 2 2 2 2 2 2 2 2 2 2 2 2 2 2 2 2 2 2 2 2
left_child=5 2 6 23 16 7 -2 -1 9 -3 11 12 -10 14 -13 -16 17 18 20 -20 -5 22 -9 24 25 27 -27 -4 -29
right_child=1 8 3 4 -6 -7 -8 21 10 -11 -12 13 -14 -15 15 -17 -18 -19 19 -21 -22 -23 -24 -25 -26 26 -28 28 -30
leaf_value=-0.23919662550600315 -0.21243982152899762 -0.041859597266145521 0.094636072229856871 0.11838721089504302 -0.053527164987162527 0.27237454792921162 0.050819590629900629 0.016444614791973327 -0.013522737500382876 0.13364581208534798 0.075056400793704653 0.12303469965932896 -0.36896848916219288 0.17820353292406918 -0.01324541331535003 -0.41912902290138626 0.29060538588493151 0.17563145934107863 -0.43069018156448136 -0.0092053040466281155 -0.16100038078404136 -0.051207669445301369 -0.25844719090125207 -0.0025719075830237244 -0.12090262330266599 -0.023500442894441552 0.28389462319537184 -0.20970185468043642 0.0088132095730080132
leaf_weight=18.584333591163158 22.357862368226055 16.132327258586884 94.83640193939209 18.767760980874307 223.6407362408936 2.9299289360642424 7.7241992205381385 7.4704447910189655 45.085927940905094 81.655630514025688 70.36472475528717 9.5946306809783 8.0799926444888097 15.992783047258852 5.6883959770202619 2.6780798062682152 4.4707260690629473 9.8443757295608503 3.3817639276385298 4.0593065395951271 3.5669227540493003 79.803245432674885 15.575739856809376 186.01809369400144 8.4594697430729848 10.227409288287165 13.494039528071879 5.8818575143814078 103.56683817505836
leaf_count=444 196 107 490 138 1349 28 33 79 227 568 491 81 53 123 45 21 29 67 20 28 15 752 194 1040 50 51 83 32 590
internal_value=0 0.0122147 -0.00355153 0.00278404 -0.0329361 -0.0946181 -0.145271 -0.105175 0.0565757 0.104589 0.0263896 -0.0132386 -0.0721505 0.0785506 -0.0139485 -0.168104 0.0706118 0.0405955 -0.00743291 -0.223696 0.0697949 -0.0793203 -0.171747 0.0254394 0.0474099 0.0540503 0.154874 0.0417916 -0.0043476
internal_weight=0 975.57 720.298 690.216 267.732 124.364 30.0821 121.434 255.272 97.788 157.485 87.1198 53.1659 33.9539 17.9611 8.36648 44.0909 39.6201 29.7758 7.44107 22.3347 102.849 23.0462 422.484 236.466 228.007 23.7214 204.285 109.449
internal_count=7424 5927 4211 3982 1646 1497 229 1469 1716 675 1041 550 280 270 147 66 297 268 201 48 153 1025 273 2336 1296 1246 134 1112 622
is_linear=0
shrinkage=0.3


Tree=11
num_leaves=30
num_cat=0
split_feature=4 4 4 0 0 2 0 0 2 4 0 0 0 0 0 3 0 4 2 4 2 0 0 2 4 3 4 0 0
split_gain=12.023 5.76796 3.55403 8.73894 6.93278 3.09702 3.41366 7.53405 4.19046 3.50039 3.1278 3.0311 4.8696 4.60195 3.09962 2.88094 2.51806 5.1629 2.57671 2.44702 2.20108 1.97639 3.62196 3.06636 3.84927 2.87055 1.90821 5.93504 2.11734
threshold=77.500000000000014 1275.5000000000002 344.50000000000006 -69.999999999999986 13742.500000000002 29.500000000000004 1927.0000000000002 1274.0000000000002 3.5000000000000004 491.50000000000006 2031.0000000000002 9434.0000000000018 5550.0000000000009 5244.0000000000009 12243.500000000002 1.5000000000000002 2300.0000000000005 316.50000000000006 1.0000000180025095e-35 577.50000000000011 4.5000000000000009 976.50000000000011 1452.0000000000002 12.500000000000002 65.500000000000014 1.0000000180025095e-35 504.50000000000006 3302.5000000000005 4452.5000000000009
decision_type=2 2 2 2 2 2 2 2 2 2 2 2 2 2 2 2 2 2 2 2 2 2 2 2 2 2 2 2 2
left_child=21 2 3 -2 5 6 7 8 9 -4 -8 12 13 16 -13 -9 18 -18 -5 -10 -17 25 -23 24 -24 -1 27 -12 -28
right_child=1 -3 4 11 -6 -7 10 15 19 -11 26 14 -14 -15 -16 20 17 -19 -20 -21 -22 22 23 -25 -26 -27 28 -29 -30
leaf_value=0.18499257315857306 -0.23795979007029572 0.15918577603320863 0.26722342800336024 0.15229094050231134 -0.30363180248000604 -0.20962889093338397 0.32603917860250869 0.03448788655760588 0.0469602148004893 0.050677758170827536 0.15490040750841233 0.25310260486869546 -0.15480377811607884 0.29270476455744326 -0.0059341648612946029 -0.36073356170085569 0.065872584404015125 -0.19591555140921771 -0.017278929456029751 -0.012117412074239858 -0.11755733674953196 0.209277994162609 -0.20402457389668255 -0.27741831957208457 0.36927302255420946 -0.25116035112895058 0.057494715749994915 -0.080390869911356341 0.1851780140175322
leaf_weight=0.89828203059733169 14.041462410241364 21.33957877010107 11.196621984243395 7.42708646506071 4.9016302973031989 4.0282585695385924 3.8119925782084456 8.8352008908987028 148.30705102533102 16.366590052843094 15.839775212109087 7.3936608210206023 18.955790799111128 3.9021582975983611 8.3792922273278219 3.5735947266221073 74.714066922664642 6.6846829876303664 453.94810646772385 108.94003912806511 22.805133186280727 2.5233856700360766 1.4477462396025642 5.4222363736480474 1.2554937973618505 20.723636735230684 31.282095745205879 22.221865430474281 19.014696165919304
leaf_count=19 177 195 59 43 26 25 25 58 746 103 88 43 121 26 45 23 461 38 2950 758 140 57 36 124 12 495 215 127 135
internal_value=0 0.00766178 0.00435998 -0.0105538 0.0254275 0.0298701 0.0326069 0.0178567 0.0341189 0.143633 0.0832344 -0.0047465 -0.0084392 -0.00314815 0.121767 -0.111536 -0.00569715 0.0426985 -0.0142938 0.0219813 -0.160026 -0.17611 -0.0639284 -0.159792 0.0855213 -0.227162 0.0699648 0.0186861 0.107881
internal_weight=0 1037.91 1016.57 595.446 421.125 416.223 412.195 320.024 284.81 27.5632 92.1704 581.405 565.632 546.676 15.773 35.2139 542.774 81.3987 461.375 257.247 26.3787 32.2708 10.6489 8.12548 2.70324 21.6219 88.3584 38.0616 50.2968
internal_count=7370 6627 6432 3904 2528 2502 2477 1887 1666 162 590 3727 3639 3518 88 221 3492 499 2993 1504 163 743 229 172 48 514 565 215 350
is_linear=0
shrinkage=0.3


Tree=12
num_leaves=30
num_cat=0
split_feature=4 3 2 2 2 3 0 3 3 2 3 0 3 4 4 2 2 0 2 2 3 2 3 2 4 3 0 2 3
split_gain=6.79511 5.86045 19.1143 5.13592 4.82599 11.2184 8.90287 4.54038 12.6363 8.26634 10.4384 4.21997 4.58142 4.21977 4.21956 3.42683 3.29022 3.26699 3.23722 3.19358 5.40797 9.54909 6.04185 5.25787 4.7756 5.69515 7.79329 4.42047 8.25421
threshold=471.50000000000006 1.0000000180025095e-35 19.500000000000004 14.500000000000002 17.500000000000004 9.5000000000000018 643.50000000000011 4.5000000000000009 3.5000000000000004 13.500000000000002 1.5000000000000002 13742.500000000002 1.0000000180025095e-35 884.50000000000011 144.50000000000003 21.500000000000004 23.500000000000004 1003.5000000000001 26.500000000000004 3.5000000000000004 8.5000000000000018 16.500000000000004 9.5000000000000018 15.500000000000002 162.50000000000003 7.5000000000000009 719.50000000000011 16.500000000000004 6.5000000000000009
decision_type=2 2 2 2 2 2 2 2 2 2 2 2 2 2 2 2 2 2 2 2 2 2 2 2 2 2 2 2 2
left_child=1 2 3 -1 7 6 15 8 9 -3 -11 12 13 -2 16 -6 -8 -18 -4 -9 24 22 23 -22 25 26 -21 -26 -29
right_child=11 4 18 -5 5 -7 14 19 -10 10 -12 -13 -14 -15 -16 -17 17 -19 -20 20 21 -23 -24 -25 27 -27 -28 28 -30
leaf_value=0.053888358645012999 -0.1588132747787159 -0.0061786493360527087 0.39285481435381631 -0.13099212471268962 -0.20238755525498595 0.1625924877131342 -0.25608606032176434 0.04034410825348772 0.42118747122047989 -0.057633397724494918 0.40871113701299155 -0.2436136298697858 0.056734976710992785 0.10296090579397066 0.025548984993216298 -0.092666519894568797 0.19285974851336943 -0.10746972703677887 0.1615364949913525 0.10311108767871223 0.26424361051899403 -0.26084130862603699 -0.023893032214792824 -0.044599811693776317 -0.054654644813725381 -0.27647244628249401 -0.22098137336540913 -0.11839445514421086 0.33302914382745763
leaf_weight=26.875506397336721 16.795624718070034 132.52758257836103 11.580581463873386 25.786358948796988 39.611853579059243 18.730772873386741 8.6749560497701186 54.235984934493899 6.6071878969669333 7.1798402275890139 9.434039577841757 3.8432178348302832 269.43733724579215 7.4476833939552298 76.234576229006052 78.208334621042013 3.6637145988643161 11.472243772819636 13.158805221319199 13.00943665020168 19.290305865928534 7.2560200411826363 21.699300609529018 6.3157932665199032 126.2517964206636 17.957675827667117 12.235876740887759 6.3248302750289422 6.9241466149687767
leaf_count=138 109 732 60 153 333 150 142 346 35 41 56 18 1806 64 424 658 39 125 88 142 113 74 174 52 779 382 110 31 45
internal_value=0 -0.0123186 0.0655113 -0.0372377 -0.0211932 -0.055766 -0.0750584 -0.002838 0.0383984 0.0193118 0.213704 0.0410913 0.0454602 -0.0776838 -0.00907167 -0.130657 -0.117178 -0.0288171 0.278617 -0.0249147 -0.0399164 0.0425131 0.0925615 0.189011 -0.0646097 -0.150903 -0.0559074 -0.037186 0.122988
internal_weight=0 761.248 77.4013 52.6619 683.846 236.596 217.866 447.25 155.749 149.141 16.6139 297.524 293.681 24.2433 100.045 117.82 23.8109 15.136 24.7394 291.501 237.265 54.5614 47.3054 25.6061 182.704 43.203 25.2453 139.501 13.249
internal_count=7419 5422 439 291 4983 1871 1721 3112 864 829 97 1997 1979 173 730 991 306 164 148 2248 1902 413 339 165 1489 634 252 855 76
is_linear=0
shrinkage=0.3


Tree=13
num_leaves=30
num_cat=0
split_feature=4 1 3 3 0 0 3 3 0 4 0 0 0 0 3 4 0 4 0 4 4 4 4 4 0 4 4 0 4
split_gain=7.70297 5.41476 8.41925 8.2468 5.38427 5.00743 4.30046 12.4155 6.66074 4.75337 3.82807 5.77348 4.23768 6.66239 3.1308 2.96692 3.07067 2.91043 4.0458 4.08742 3.58126 2.83024 2.68679 2.622 3.73257 2.57326 4.5413 2.54567 2.52698
threshold=351.50000000000006 1.0000000180025095e-35 1.5000000000000002 1.0000000180025095e-35 538.50000000000011 92.500000000000014 7.5000000000000009 6.5000000000000009 976.50000000000011 284.50000000000006 131.50000000000003 -69.999999999999986 180.50000000000003 229.50000000000003 2.5000000000000004 233.50000000000003 2636.0000000000005 112.50000000000001 157.50000000000003 131.50000000000003 305.50000000000006 131.50000000000003 231.50000000000003 255.50000000000003 1.0000000180025095e-35 247.50000000000003 323.50000000000006 1529.5000000000002 319.50000000000006
decision_type=2 2 2 2 2 2 2 2 2 2 2 2 2 2 2 2 2 2 2 2 2 2 2 2 2 2 2 2 2
left_child=1 2 3 4 -1 23 7 10 9 -8 11 -3 -12 -14 -7 16 -6 -5 19 -19 -20 -10 -23 -4 -25 -15 -27 -24 -11
right_child=-2 6 5 17 15 14 8 -9 21 28 12 -13 13 25 -16 -17 -18 18 20 -21 -22 22 27 24 -26 26 -28 -29 -30
leaf_value=0.19559037711175242 0.030773305047594367 -0.23271298254821227 -0.11539257802179653 -0.24828403408204169 -0.075580803539667424 0.25777802583773995 -0.2109418496842087 0.37529651975469802 -0.1452680808547786 0.11498945148960667 -0.3312811474951276 0.11291441770396446 0.25376343337868523 -0.11108015046642052 0.041786544485113195 -0.23394285991176145 0.22215258368206467 0.29525438129039711 -0.097245214377487205 -0.039610464200256483 -0.3129196273295245 0.14065650930631354 0.12472139547648789 0.21405130472121503 -0.085583053702839848 0.05987145247140023 -0.19251700853690876 -0.16516199566980347 -0.13975833747240615
leaf_weight=14.19678081944585 428.5918772816658 4.5305723547935512 28.263859061524272 12.008817141875623 8.1062204800546187 5.4651414826512328 46.519496496766806 5.8722061216831198 7.7372245304286507 6.7949158176779729 4.5956421364098778 23.601455334573984 5.1094348598271599 61.408317791298032 215.39715126901865 4.6666777357459059 4.0291868671774855 3.2692435234785107 45.746167533099651 16.440193478018045 7.761218234896659 13.343527948483827 3.6662952825427038 5.6446970999240866 8.2335276156663877 23.864501006901268 7.8849802017211905 6.438648596405983 5.7255895882844925
leaf_count=75 2732 69 262 163 45 35 776 33 161 54 35 186 31 474 1401 34 23 28 213 92 35 131 26 38 43 110 36 47 47
internal_value=0 -0.0217289 0.000233081 -0.0667433 0.0645794 0.0299418 -0.0582777 -0.0245085 -0.108847 -0.16744 -0.0445717 0.0524194 -0.0712951 -0.0565931 0.0480302 -0.0499269 0.0308035 -0.114663 -0.0903324 0.0251659 -0.132624 0.00347649 0.0556902 -0.0639975 0.0412488 -0.0756046 -0.00595924 -0.0585696 -0.00288574
internal_weight=0 606.322 379.229 116.225 30.9989 263.004 227.093 136.867 90.2257 59.04 130.995 28.132 102.863 98.2672 220.862 16.8021 12.1354 85.2256 73.2168 19.7094 53.5074 31.1857 23.4485 42.1421 13.8782 93.1578 31.7495 10.1049 12.5205
internal_count=7435 4703 2487 708 177 1779 2216 974 1242 877 941 255 686 651 1436 102 68 531 368 120 248 365 204 343 81 620 146 73 101
is_linear=0
shrinkage=0.3


Tree=14
num_leaves=30
num_cat=0
split_feature=2 4 3 0 0 0 4 3 2 3 2 2 2 4 3 4 4 4 0 2 0 0 0 2 3 3 3 2 4
split_gain=3.22987 5.41941 3.30587 4.43085 4.14332 3.5975 3.02974 3.31139 5.94923 9.18031 27.9156 7.74898 5.77399 5.67663 4.81884 7.82152 4.31915 4.15214 5.09719 4.13545 4.57112 6.05757 4.53095 7.85409 8.66252 7.06177 7.17079 6.64233 4.25205
threshold=27.500000000000004 154.50000000000003 1.0000000180025095e-35 594.50000000000011 1043.5000000000002 2994.5000000000005 636.50000000000011 4.5000000000000009 1.5000000000000002 1.5000000000000002 8.5000000000000018 26.500000000000004 4.5000000000000009 387.50000000000006 2.5000000000000004 196.50000000000003 522.50000000000011 618.50000000000011 307.50000000000006 4.5000000000000009 3558.0000000000005 5357.0000000000009 200.50000000000003 20.500000000000004 5.5000000000000009 5.5000000000000009 7.5000000000000009 24.500000000000004 133.50000000000003
decision_type=2 2 2 2 2 2 2 2 2 2 2 2 2 2 2 2 2 2 2 2 2 2 2 2 2 2 2 2 2
left_child=6 -2 3 -3 -5 -4 7 8 -1 12 14 13 -10 -12 -11 -16 -14 19 -19 20 -9 -22 25 -24 27 -21 -27 -25 -28
right_child=1 2 5 4 -6 -7 -8 17 9 10 11 -13 16 -15 15 -17 -18 18 -20 22 21 -23 23 24 -26 26 28 -29 -30
leaf_value=-0.14661894076027018 -0.2361464250820664 0.23969746993134491 -0.095748924019755058 -0.3242435267116735 0.085979190873802 0.11119864108714533 0.047292769917078363 0.073143513973104687 0.15085668372600625 0.23717581880764646 0.39264309841073741 0.018278268903018237 -0.03207153890360144 0.056936913218906406 0.061585621991107939 -0.20061737146584138 0.14559761653371997 0.033941692108341241 -0.41234870990346634 -0.18840324974588571 -0.42678759471084265 0.064855242727366924 -0.030297850904490092 -0.24615174215539437 0.15192354494117954 0.13771455682376663 -0.2632472319190009 0.16679457582267895 -0.042090965461622665
leaf_weight=16.596687074750662 11.929597249254583 8.1051573194563407 42.260344268754125 2.6203300207853299 5.6703434623777866 8.4773322120308858 137.67936925590038 73.142133932560682 19.248013526201248 3.8586083315312854 29.863394502550364 8.2918543983250839 165.34840734302998 5.666624315083026 17.757930565625429 22.486980199813843 12.521365664899347 3.9457900524139387 4.3921958431601524 33.565496984869242 3.2565335482358924 4.6992551889270544 220.24108325131238 9.6065824497491104 47.088665351271629 17.942077089101076 8.2971940208226425 4.6226450689136973 60.065084980800748
leaf_count=87 192 61 288 19 48 50 1171 497 97 23 182 59 1001 44 122 105 68 20 25 251 23 33 1694 59 345 134 224 32 455
internal_value=0 -0.0565198 -0.0222266 0.0920453 -0.0605929 -0.0599979 0.00634967 -0.000803229 0.0238984 0.0342044 0.114346 0.281749 -0.00185687 0.341503 -0.0540173 -0.0859622 -0.0189762 -0.0159966 -0.216482 -0.0121843 0.0492971 -0.156749 -0.0246773 -0.00382234 0.0904486 -0.0733175 -0.0272563 -0.110282 -0.0716318
internal_weight=0 79.0631 67.1335 16.3958 8.29067 50.7377 930.184 792.505 301.64 285.043 87.9254 43.8219 197.118 35.53 44.1035 40.2449 177.87 490.865 8.33799 482.527 81.0979 7.95579 401.429 281.559 61.3179 119.87 86.3044 14.2292 68.3623
internal_count=7409 658 466 128 67 338 6751 5580 1788 1701 535 285 1166 226 250 227 1069 3792 45 3747 553 56 3194 2130 436 1064 813 91 679
is_linear=0
shrinkage=0.3


end of trees

feature_importances:
Column_3=129
Column_2=110
Column_4=104
Column_0=81
Column_1=11

parameters:
[boosting: gbdt]
[objective: binary]
[metric: auc,l2]
[tree_learner: serial]
[device_type: cpu]
[linear_tree: 0]
[data: ]
[valid: ]
[num_iterations: 200]
[learning_rate: 0.3]
[num_leaves: 30]
[num_threads: -1]
[deterministic: 0]
[force_col_wise: 0]
[force_row_wise: 0]
[histogram_pool_size: -1]
[max_depth: 9]
[min_data_in_leaf: 20]
[min_sum_hessian_in_leaf: 0.001]
[bagging_fraction: 0.83056]
[pos_bagging_fraction: 1]
[neg_bagging_fraction: 1]
[bagging_freq: 1]
[bagging_seed: 3]
[feature_fraction: 0.833101]
[feature_fraction_bynode: 1]
[feature_fraction_seed: 2]
[extra_trees: 0]
[extra_seed: 6]
[early_stopping_round: 2]
[first_metric_only: 0]
[max_delta_step: 0]
[lambda_l1: 0]
[lambda_l2: 0.789449]
[linear_lambda: 0]
[min_gain_to_split: 0]
[drop_rate: 0.1]
[max_drop: 50]
[skip_drop: 0.5]
[xgboost_dart_mode: 0]
[uniform_drop: 0]
[drop_seed: 4]
[top_rate: 0.2]
[other_rate: 0.1]
[min_data_per_group: 100]
[max_cat_threshold: 32]
[cat_l2: 10]
[cat_smooth: 10]
[max_cat_to_onehot: 4]
[top_k: 20]
[monotone_constraints: ]
[monotone_constraints_method: basic]
[monotone_penalty: 0]
[feature_contri: ]
[forcedsplits_filename: ]
[refit_decay_rate: 0.9]
[cegb_tradeoff: 1]
[cegb_penalty_split: 0]
[cegb_penalty_feature_lazy: ]
[cegb_penalty_feature_coupled: ]
[path_smooth: 0]
[interaction_constraints: ]
[verbosity: -1]
[saved_feature_importance_type: 0]
[max_bin: 255]
[max_bin_by_feature: ]
[min_data_in_bin: 3]
[bin_construct_sample_cnt: 200000]
[data_random_seed: 1]
[is_enable_sparse: 1]
[enable_bundle: 1]
[use_missing: 1]
[zero_as_missing: 0]
[feature_pre_filter: 1]
[pre_partition: 0]
[two_round: 0]
[header: 0]
[label_column: ]
[weight_column: ]
[group_column: ]
[ignore_column: ]
[categorical_feature: ]
[forcedbins_filename: ]
[objective_seed: 5]
[num_class: 1]
[is_unbalance: 0]
[scale_pos_weight: 1]
[sigmoid: 1]
[boost_from_average: 1]
[reg_sqrt: 0]
[alpha: 0.9]
[fair_c: 1]
[poisson_max_delta_step: 0.7]
[tweedie_variance_power: 1.5]
[lambdarank_truncation_level: 30]
[lambdarank_norm: 1]
[label_gain: ]
[eval_at: ]
[multi_error_top_k: 1]
[auc_mu_weights: ]
[num_machines: 1]
[local_listen_port: 12400]
[time_out: 120]
[machine_list_filename: ]
[machines: ]
[gpu_platform_id: -1]
[gpu_device_id: -1]
[gpu_use_dp: 0]
[num_gpu: 1]

end of parameters

pandas_categorical:null
