tree
version=v3
num_class=1
num_tree_per_iteration=1
label_index=0
max_feature_idx=10
objective=binary sigmoid:1
feature_names=Column_0 Column_1 Column_2 Column_3 Column_4 Column_5 Column_6 Column_7 Column_8 Column_9 Column_10
feature_infos=[18:95] [-6847:81204] [0:2] [0:11] [0:3] [0:1] [0:1] [0:11] [1:31] [1:63] [3:3881]
tree_sizes=2205 2210 2211 2228 2203 2210 2211 2238 2193 2210 2217 2206 2208

Tree=0
num_leaves=20
num_cat=0
split_feature=10 10 5 7 10 7 1 7 5 10 10 5 7 7 8 8 7 7 9
split_gain=1605.06 440.126 364.677 314.25 155.6 109.51 73.9674 70.7849 61.5909 61.2099 51.0115 48.1804 37.9794 43.238 34.5877 42.7694 31.4803 31.4279 30.684
threshold=205.50000000000003 447.50000000000006 1.0000000180025095e-35 3.5000000000000004 87.500000000000014 3.5000000000000004 202.50000000000003 1.0000000180025095e-35 1.0000000180025095e-35 136.50000000000003 651.50000000000011 1.0000000180025095e-35 8.5000000000000018 4.5000000000000009 17.500000000000004 8.5000000000000018 7.5000000000000009 2.5000000000000004 3.5000000000000004
decision_type=2 2 2 2 2 2 2 2 2 2 2 2 2 2 2 2 2 2 2
left_child=3 2 7 9 -5 6 -4 -2 -6 -1 -3 17 13 -10 15 -15 -16 -11 -13
right_child=1 10 5 4 8 -7 -8 -9 12 11 -12 18 -14 14 16 -17 -18 -19 -20
leaf_value=0.63761087432644681 0.50401437914436387 -0.17716586972058562 0.32023201419503033 0.56675299592098494 0.27990431533341881 -0.26996706874002152 -0.076869243658374567 0.20044839157560335 -0.34931432047044114 0.61392103712973345 -0.35469829764272476 0.1857988380764469 -0.25377072186704674 0.27684417443425191 0.51887752298643541 -0.28877348013101467 -0.239115739173618 -0.0097268933465567559 0.59272085792362061
leaf_weight=361.74287688732147 120.33182474970818 249.88161537051201 60.290479481220245 72.498055905103683 77.979008585214615 202.29698073863983 139.01689070463181 162.43550670146942 18.435931742191315 99.90281930565834 357.2584610581398 75.238532245159149 52.318184673786163 23.667750209569931 27.903031826019287 23.916884422302246 5.7300868928432456 7.7231605947017661 21.17640808224678
leaf_count=1452 483 1003 242 291 313 812 558 652 74 401 1434 302 210 95 112 96 23 31 85
internal_value=0.117833 -0.0959446 0.0690526 0.43145 0.184501 -0.114633 0.0433782 0.329905 0.0635552 0.563354 -0.281814 0.431133 -0.0475579 0.0614986 0.156134 -0.00821589 0.387713 0.568937 0.276377
internal_weight=0 1291.51 684.372 868.233 302.449 401.604 199.307 282.767 229.951 565.784 607.14 204.041 151.972 99.6537 81.2178 47.5846 33.6331 107.626 96.4149
internal_count=8669 5184 2747 3485 1214 1612 800 1135 923 2271 2437 819 610 400 326 191 135 432 387
is_linear=0
shrinkage=1


Tree=1
num_leaves=20
num_cat=0
split_feature=5 7 1 0 0 7 8 7 1 8 8 7 7 7 8 2 3 0 3
split_gain=229.474 165.043 89.4688 69.0344 75.9098 50.1517 41.4747 33.3119 26.8029 20.8161 28.4671 64.4316 20.3482 18.7818 17.5012 15.8034 14.2591 13.5186 13.2394
threshold=1.0000000180025095e-35 8.5000000000000018 99.500000000000014 29.500000000000004 60.500000000000007 10.500000000000002 15.500000000000002 1.0000000180025095e-35 1595.5000000000002 16.500000000000004 21.500000000000004 7.5000000000000009 7.5000000000000009 6.5000000000000009 4.5000000000000009 1.0000000180025095e-35 3.5000000000000004 60.500000000000007 10.500000000000002
decision_type=2 2 2 2 2 2 2 2 2 2 2 2 2 2 2 2 2 2 2
left_child=5 2 17 13 6 7 8 14 -5 -9 -11 -12 -8 -4 -1 -16 -10 18 -2
right_child=1 -3 3 4 -6 -7 12 9 16 10 11 -13 -14 -15 15 -17 -18 -19 -20
leaf_value=-0.32364866936710218 0.16578471066646555 -0.35945788006559143 -0.38543013538881316 -0.0275556976244643 -0.34747959852892185 -0.45164338768041307 0.081475333865153501 -3.0824805734731568e-05 -0.30679619563300309 0.19608608053315199 0.11268903129585807 -0.45303324157932812 -0.37967850857025509 -0.076906541821867638 0.23774481754596016 0.12085505748542147 -0.075300726227512771 -0.23111596224642975 -0.20749361330747776
leaf_weight=5.9292308688163748 186.88183154165745 175.775017157197 81.104522153735161 179.48405925929546 70.158450588583946 13.988376706838606 263.97033312916756 243.44747743010521 63.676532357931137 172.87703374028206 94.134077221155167 22.119167044758797 8.606552839279173 22.936331182718277 228.65128633379936 193.12215733528137 38.66761302947998 8.5437741130590421 8.7119153141975385
leaf_count=25 783 717 332 740 286 57 1100 1010 261 715 395 90 35 94 977 822 159 35 36
internal_value=0 -0.0930621 -0.0427599 -0.0919384 -0.0541731 0.106481 -0.0168872 0.11475 -0.0975324 0.0646204 0.119 0.00415674 0.0665109 -0.317834 0.177082 0.184348 -0.219811 0.132644 0.148865
internal_weight=0 1108.52 932.742 728.604 624.564 974.269 554.405 960.28 281.828 532.578 289.13 116.253 272.577 104.041 427.703 421.773 102.344 204.138 195.594
internal_count=8669 4578 3861 3007 2581 4091 2295 4034 1160 2210 1200 485 1135 426 1824 1799 420 854 819
is_linear=0
shrinkage=0.3


Tree=2
num_leaves=20
num_cat=0
split_feature=10 10 5 10 1 6 10 1 5 0 10 0 4 9 9 0 10 9 8
split_gain=907.642 278.58 145.096 57.367 55.4908 36.018 24.5965 24.5786 24.3216 22.6115 21.3274 21.0402 17.049 17.2348 16.5413 13.0041 12.5341 12.0879 12.0368
threshold=365.50000000000006 134.50000000000003 1.0000000180025095e-35 613.50000000000011 61.500000000000007 1.0000000180025095e-35 175.50000000000003 974.50000000000011 1.0000000180025095e-35 59.500000000000007 78.500000000000014 28.500000000000004 1.0000000180025095e-35 1.5000000000000002 3.5000000000000004 24.500000000000004 477.50000000000006 1.5000000000000002 4.5000000000000009
decision_type=2 2 2 2 2 2 2 2 2 2 2 2 2 2 2 2 2 2 2
left_child=1 10 7 8 -4 6 14 17 16 11 -1 -8 13 -13 -6 -12 -2 -3 -9
right_child=3 2 4 -5 5 -7 9 18 -10 -11 15 12 -14 -15 -16 -17 -18 -19 -20
leaf_value=0.41512426228796961 -0.0045801288676346483 0.17732221186591374 0.18110505128409912 -0.34672031874253628 -0.039010172669014707 0.20301091755300141 -0.31857545717764651 -0.1930670079634679 -0.2500970021517569 -0.37311860787880718 -0.11076552641667904 -0.12457646058161921 -0.16353704353823487 0.14740885364236134 0.33762054998200181 0.2938114927161774 -0.17425165860322964 0.31530522027188218 0.11471544441012484
leaf_weight=192.56990575790405 77.230744808912277 109.00626860558987 73.188272759318352 387.67215415835381 71.196457237005234 31.875980883836746 45.555245026946068 12.665356636047362 192.75345382094383 41.450246155261993 7.2100300788879386 41.653052002191544 125.57140445709229 41.618019104003906 11.99962769448757 255.31508058309555 79.275609344244003 123.88961732387543 97.983746156096458
leaf_count=876 324 473 310 1599 298 132 194 52 801 178 31 173 523 171 52 1134 319 539 421
internal_value=0 0.15045 0.04674 -0.267246 -0.059069 -0.101947 -0.127734 0.195762 -0.178807 -0.168224 0.338906 -0.134437 -0.093869 0.0114004 0.016336 0.282586 -0.0906942 0.251036 0.0790562
internal_weight=0 1282.75 827.653 736.932 484.108 410.92 379.044 343.545 349.26 295.848 455.095 254.398 208.842 83.2711 83.1961 262.525 156.506 232.896 110.649
internal_count=8600 5557 3516 3043 2031 1721 1589 1485 1444 1239 2041 1061 867 344 350 1165 643 1012 473
is_linear=0
shrinkage=0.3


Tree=3
num_leaves=20
num_cat=0
split_feature=10 10 10 0 9 1 0 0 1 10 6 0 6 10 1 4 4 4 0
split_gain=501.823 102.93 91.868 38.0527 34.5618 25.7408 22.9331 21.7444 20.2246 15.6517 15.3617 13.9851 13.9505 13.0457 14.673 13.9655 19.9725 13.4708 12.9662
threshold=251.50000000000003 123.50000000000001 520.50000000000011 60.500000000000007 1.5000000000000002 -1.0000000180025095e-35 59.500000000000007 29.500000000000004 1035.5000000000002 76.500000000000014 1.0000000180025095e-35 71.500000000000014 1.0000000180025095e-35 437.50000000000006 -1.0000000180025095e-35 1.5000000000000002 2.5000000000000004 1.0000000180025095e-35 28.500000000000004
decision_type=2 2 2 2 2 2 2 2 2 2 2 2 2 2 2 2 2 2 2
left_child=1 9 3 12 5 -3 7 -6 -9 -1 -7 -8 13 14 -2 17 -17 18 -16
right_child=2 4 -4 -5 6 10 11 8 -10 -11 -12 -13 -14 -15 15 16 -18 -19 -20
leaf_value=0.36037344745336303 0.27698912604955722 0.42339259705822557 -0.2448982666859609 -0.34934717907547452 -0.03608012208121416 -0.051199633893648261 -0.33383767147551729 0.2747343717587567 0.088559774929505994 0.23205070974481068 0.18187678778581456 0.18374227545530972 0.10328587661955631 -0.15915146640418934 -0.20918899204917896 0.24341910760071692 -0.14378705735363184 -0.14204273952084617 0.022527430321467968
leaf_weight=155.83135297894478 13.012061610817907 11.923925608396528 459.95951138436794 38.401426002383232 37.853104740381241 209.40478204190731 13.232694208621981 148.82412911951542 81.666698336601257 196.56617280840874 28.667160660028458 6.9581447690725318 53.856564164161682 91.032508835196495 25.350113287568092 32.153341084718704 18.762104883790016 128.19561502337456 142.04878801107407
leaf_count=845 59 57 2023 181 172 924 59 688 357 955 128 31 231 385 116 141 82 555 611
internal_value=0 0.163062 -0.146295 -0.0626527 0.0805004 -0.00116625 0.151186 0.174402 0.208972 0.289055 -0.0229393 -0.155391 -0.0406306 -0.0578911 -0.0321396 -0.0439787 0.100729 -0.0689816 -0.0128758
internal_weight=0 890.928 1002.77 542.813 538.531 249.996 288.535 268.344 230.491 352.398 238.072 20.1908 504.411 450.555 359.522 346.51 50.9154 295.595 167.399
internal_count=8600 4216 4384 2361 2416 1109 1307 1217 1045 1800 1052 90 2180 1949 1564 1505 223 1282 727
is_linear=0
shrinkage=0.3


Tree=4
num_leaves=20
num_cat=0
split_feature=7 8 7 7 8 8 7 7 7 5 7 2 0 8 0 8 1 8 1
split_gain=102.348 54.6846 37.0132 49.3667 47.6877 109.635 68.2155 34.8509 31.4546 30.3529 28.4344 26.1659 30.1188 21.7081 14.6152 14.1886 13.4138 12.5889 12.3656
threshold=3.5000000000000004 4.5000000000000009 4.5000000000000009 8.5000000000000018 16.500000000000004 6.5000000000000009 7.5000000000000009 7.5000000000000009 9.5000000000000018 1.0000000180025095e-35 10.500000000000002 1.0000000180025095e-35 60.500000000000007 20.500000000000004 29.500000000000004 19.500000000000004 664.50000000000011 9.5000000000000018 3042.0000000000005
decision_type=2 2 2 2 2 2 2 2 2 2 2 2 2 2 2 2 2 2 2
left_child=1 -1 15 4 5 7 18 -4 -5 10 13 12 16 -10 -13 -2 -3 -7 -6
right_child=2 11 3 8 6 17 -8 -9 9 -11 -12 14 -14 -15 -16 -17 -18 -19 -20
leaf_value=-0.14758590780184616 -0.15045387516025316 0.17572525196845795 -0.36697554801310933 -0.39122629149338034 0.211579533583895 -0.16094013035663565 -0.40219051140051154 0.18636946723962791 0.14858800132450228 -0.21992396987287025 -0.38641198540841182 -0.071619733012550174 -0.24950569030926581 -0.26730787240601445 0.057541341108700406 -0.4349122042691172 0.081238681207138327 -0.43973950364021519 0.018299813629143326
leaf_weight=102.24019630253315 30.041665956377983 327.0262897759676 11.481091171503065 45.385514333844185 135.92875793576241 20.058511197566986 20.781844779849052 78.902118608355522 66.866304248571396 113.59415531158447 13.55483867228031 103.82850357890129 18.527437806129456 13.29259943962097 324.64487916231155 34.097420796751976 231.94303412735462 58.19171616435051 38.206665560603142
leaf_count=477 139 1673 52 210 655 96 96 364 311 551 57 496 92 61 1598 155 1128 263 178
internal_value=0 0.0611589 -0.0866317 -0.0639742 0.00683584 -0.109873 0.107821 0.115093 -0.165736 -0.115873 0.0105534 0.0824123 0.124073 0.0788771 0.0262144 -0.303005 0.136583 -0.369165 0.169277
internal_weight=0 1108.21 680.383 616.244 363.551 168.633 194.917 90.3832 252.693 207.308 93.7137 1005.97 577.497 80.1589 428.473 64.1391 558.969 78.2502 174.135
internal_count=8652 5464 3188 2894 1704 775 929 416 1190 980 429 4987 2893 372 2094 294 2801 359 833
is_linear=0
shrinkage=0.3


Tree=5
num_leaves=20
num_cat=0
split_feature=10 10 5 10 0 3 3 10 9 0 1 1 5 5 9 10 0 0 1
split_gain=303.351 88.2029 39.8798 37.0642 19.1132 18.8665 18.1652 16.6929 13.6308 11.801 11.0308 10.9296 9.66638 8.89757 11.1309 8.63275 9.55439 8.63208 8.61085
threshold=348.50000000000006 140.50000000000003 1.0000000180025095e-35 801.50000000000011 30.500000000000004 4.5000000000000009 4.5000000000000009 78.500000000000014 4.5000000000000009 59.500000000000007 30.500000000000004 974.50000000000011 1.0000000180025095e-35 1.0000000180025095e-35 3.5000000000000004 473.50000000000006 35.500000000000007 43.500000000000007 99.500000000000014
decision_type=2 2 2 2 2 2 2 2 2 2 2 2 2 2 2 2 2 2 2
left_child=1 7 5 12 -4 11 8 -1 10 13 -6 17 15 -9 18 -2 -17 -3 -15
right_child=3 2 4 -5 6 -7 -8 9 -10 -11 -12 -13 -14 14 -16 16 -18 -19 -20
leaf_value=0.30907420578625983 0.011189539652754188 0.07740838813239713 -0.14976156427971671 -0.26301624723745426 0.12745098934391283 0.23397588525947793 0.13449141232060138 0.25416687922397307 0.21518777450344048 -0.075361779580592328 -0.076024595035054168 -0.023405640543223815 -0.15006845014893214 0.26284065012709595 0.32211451551209985 -0.19129488546843465 -0.039979297147078555 0.26233802971650116 0.042259818672600431
leaf_weight=128.21258494257927 85.366884112358093 87.201871559023857 82.302048429846764 196.63616872578859 27.118064403533936 95.740330040454865 81.087401762604713 108.66406258195639 18.546158835291862 15.727244168519972 191.96821441501379 70.100159123539925 246.65643107891083 19.944393366575241 22.69806495308876 67.997178435325623 83.893167331814766 30.635854318737984 75.462911978363991
leaf_count=895 375 431 398 946 128 494 366 617 91 73 892 310 1192 116 130 301 367 159 371
internal_value=0 0.10359 0.0397398 -0.153236 -0.0211587 0.12576 0.0121603 0.221395 -0.0297004 0.17471 -0.0506982 0.0703455 -0.108492 0.192131 0.134551 -0.065132 -0.107964 0.126034 0.0890542
internal_weight=0 1055.41 684.7 680.55 401.022 283.678 318.72 370.709 237.632 242.497 219.086 187.938 483.914 226.769 118.105 237.257 151.89 117.838 95.4073
internal_count=8652 5471 3269 3181 1875 1394 1477 2202 1111 1307 1020 900 2235 1234 617 1043 668 590 487
is_linear=0
shrinkage=0.3


Tree=6
num_leaves=20
num_cat=0
split_feature=7 9 7 7 0 0 7 0 0 0 7 1 7 7 5 7 4 3 1
split_gain=56.0058 28.7071 19.6488 19.2422 12.0521 11.8262 10.726 10.5854 10.2988 11.0765 10.2153 8.58537 7.36637 8.58173 7.26992 14.8259 6.72658 6.59259 6.77796
threshold=2.5000000000000004 1.5000000000000002 8.5000000000000018 4.5000000000000009 62.500000000000007 59.500000000000007 9.5000000000000018 25.500000000000004 61.500000000000007 35.500000000000007 7.5000000000000009 1537.5000000000002 1.0000000180025095e-35 1.5000000000000002 1.0000000180025095e-35 10.500000000000002 1.5000000000000002 10.500000000000002 1208.5000000000002
decision_type=2 2 2 2 2 2 2 2 2 2 2 2 2 2 2 2 2 2 2
left_child=8 3 5 4 -2 7 -4 -3 9 12 -5 -9 -1 -14 15 -8 -11 18 -15
right_child=1 2 6 10 -6 -7 14 11 -10 16 -12 -13 13 17 -16 -17 -18 -19 -20
leaf_value=0.059299384329705149 -0.2606235556380721 -0.30065267602964169 -0.32493698289235584 -0.0039903478972796906 0.10227154443485791 -0.16244493321796349 0.091914237980643063 0.087052581770152904 -0.2243302503342402 0.069909739473677721 -0.11854331883383681 -0.021139197254357485 -0.12346388015495699 0.087110837143945075 -0.16335576441403432 -0.45249019064297363 0.15287429352167478 -0.29662813027212809 -0.13671162089594252
leaf_weight=179.86392441391945 89.361319795250893 7.4059449359774581 18.530277937650681 114.224674269557 8.9114895313978177 25.951422996819019 33.756019577383995 224.37072210013866 11.222123369574545 342.8642326593399 180.99724862724543 93.330093123018742 55.752922706305981 68.167480602860451 38.704409599304199 4.8868317008018485 118.62383667379618 5.0347105115652075 14.529145009815691
leaf_count=988 432 38 97 593 54 145 175 1192 66 1853 938 466 280 358 213 21 675 25 75
internal_value=0 -0.0536273 -0.00159068 -0.112685 -0.227504 0.0312984 -0.121735 0.0469001 0.05739 0.0615029 -0.0742708 0.0552795 0.0188998 -0.031761 -0.0719807 0.0200963 0.0913214 0.0267393 0.047433
internal_weight=0 840.43 446.936 393.495 98.2728 351.058 95.8775 325.107 796.058 784.836 295.222 317.701 323.348 143.484 77.3473 38.6429 461.488 87.7313 82.6966
internal_count=8684 4364 2347 2017 486 1841 506 1696 4320 4254 1531 1658 1726 738 409 196 2528 458 433
is_linear=0
shrinkage=0.3


Tree=7
num_leaves=20
num_cat=0
split_feature=10 10 9 6 0 10 5 3 3 0 0 3 1 10 6 10 4 9 10
split_gain=185.373 71.7459 24.8477 20.7346 15.1715 14.4231 14.3901 14.0416 18.5679 11.2825 9.91544 9.38863 9.35237 9.26609 8.59179 6.9408 6.44389 9.87475 5.5658
threshold=177.50000000000003 651.50000000000011 3.5000000000000004 1.0000000180025095e-35 60.500000000000007 477.50000000000006 1.0000000180025095e-35 10.500000000000002 3.5000000000000004 51.500000000000007 59.500000000000007 5.5000000000000009 -1.0000000180025095e-35 101.50000000000001 1.0000000180025095e-35 562.50000000000011 1.0000000180025095e-35 1.5000000000000002 348.50000000000006
decision_type=2 2 2 2 2 2 2 2 2 2 2 2 2 2 2 2 2 2 2
left_child=2 3 6 4 5 7 10 8 9 12 -1 -10 -2 -8 -15 -6 17 -14 -5
right_child=1 -3 -4 18 15 -7 13 -9 11 -11 -12 -13 16 14 -16 -17 -18 -19 -20
leaf_value=0.19907702675630284 0.23671230158536946 -0.19910045563948339 0.29625840792072572 0.16861330429886909 -0.23692255235934734 -0.11372213449561144 0.16845064884495675 -0.22212295846442201 0.13487471403049958 -0.17435863924439721 -0.27398614600030269 -0.0049999265848386818 -0.062321740717808632 0.0015528525481925044 0.22164184158502881 0.22336411403357193 -0.066991524282024761 0.094920122435435225 0.023269781366628106
leaf_weight=166.89273938536644 12.340803280472754 274.64837767183781 93.719821028411388 55.961504928767681 42.998606018722057 144.06379514932632 60.591684922575951 25.918236315250397 111.58667977154255 46.20114079862833 3.8333244845271102 70.304680213332176 68.483395248651505 127.87140875309706 17.939778938889503 2.9316440820693961 164.73766639083624 75.005727648735046 41.176924049854279
leaf_count=1144 70 1444 703 283 282 667 411 144 563 225 19 341 332 619 96 20 785 355 181
internal_value=0 -0.0656673 0.158136 -0.0230841 -0.0396807 -0.0289509 0.123602 -0.00764777 0.00260035 -0.0362611 0.187991 0.0808916 -0.0162129 0.0701466 0.0290331 -0.206278 -0.0265611 0.0198996 0.107265
internal_weight=0 1136.36 470.849 861.711 764.572 718.642 377.129 574.578 548.66 366.769 170.726 181.891 320.568 206.403 145.811 45.9303 308.227 143.489 97.1384
internal_count=8684 5692 2992 4248 3784 3482 2289 2815 2671 1767 1163 904 1542 1126 715 302 1472 687 464
is_linear=0
shrinkage=0.3


Tree=8
num_leaves=20
num_cat=0
split_feature=10 7 8 10 10 10 8 8 7 7 0 0 7 7 1 7 7 7 7
split_gain=102.695 95.7441 46.1697 31.0456 24.947 24.6145 19.4613 38.6372 35.9304 72.1463 17.7505 12.2552 11.2812 31.5868 10.6617 9.68772 8.00389 10.0794 8.33367
threshold=341.50000000000006 3.5000000000000004 4.5000000000000009 165.50000000000003 788.50000000000011 62.500000000000007 16.500000000000004 7.5000000000000009 7.5000000000000009 4.5000000000000009 76.500000000000014 60.500000000000007 5.5000000000000009 6.5000000000000009 359.00000000000006 9.5000000000000018 8.5000000000000018 7.5000000000000009 9.5000000000000018
decision_type=2 2 2 2 2 2 2 2 2 2 2 2 2 2 2 2 2 2 2
left_child=1 2 -1 -4 -2 -3 7 16 9 -8 15 -6 -11 -14 -5 -9 17 -7 -18
right_child=4 5 3 14 11 6 8 10 -10 12 -12 -13 13 -15 -16 -17 18 -19 -20
leaf_value=-0.1052845217321302 -0.059915552920580172 0.28285037078116909 0.26432543878431886 0.17878290908951211 -0.20877576875782006 -0.16086432681199278 -0.34484578630807422 -0.35925354834226292 -0.16131773784052944 0.34443687222415825 0.30879116690641284 0.30560608975204079 -0.57844641228821259 0.24948190209011312 0.05474462324016869 -0.15682357551548287 -0.37058429886390165 0.16111866224830271 0.0051200419277151916
leaf_weight=58.404026471078396 455.41397275030613 18.137244075536728 205.07211996614933 108.37881869077682 161.89922189712524 10.991975851356981 23.137879304587841 63.504486553370953 72.524290598928928 48.256709478795528 4.4215129464864722 4.0228703022003165 4.749276056885722 23.024368271231651 147.30333191901445 33.036988645792007 7.7103715687990197 39.013405546545982 15.752616338431835
leaf_count=295 2284 167 1697 632 937 53 117 321 390 283 26 40 22 129 732 172 43 192 84
internal_value=0 0.0628718 0.145566 0.177411 -0.0962723 -0.0550094 -0.0729444 -0.143428 -0.0012101 0.116015 -0.26359 -0.195772 0.257075 0.103212 0.107471 -0.290685 0.0221053 0.0898015 -0.12148
internal_weight=0 883.419 519.158 460.754 621.336 364.261 346.124 174.431 171.693 99.1682 100.963 165.922 76.0304 27.7736 255.682 96.5415 73.4684 50.0054 23.463
internal_count=8616 5355 3356 3061 3261 1999 1832 891 941 551 519 977 434 151 1364 493 372 245 127
is_linear=0
shrinkage=0.3


Tree=9
num_leaves=20
num_cat=0
split_feature=10 7 10 7 8 10 10 8 8 8 8 0 7 9 7 4 0 8 0
split_gain=63.3638 33.0241 32.2583 30.11 22.4885 13.4552 12.2615 12.4359 10.8008 14.5073 13.4347 9.86823 9.03001 8.77275 8.03787 7.69977 7.65293 7.41474 7.32202
threshold=143.50000000000003 7.5000000000000009 613.50000000000011 2.5000000000000004 2.5000000000000004 335.50000000000006 62.500000000000007 4.5000000000000009 16.500000000000004 20.500000000000004 8.5000000000000018 34.500000000000007 3.5000000000000004 3.5000000000000004 9.5000000000000018 1.5000000000000002 29.500000000000004 24.500000000000004 54.500000000000007
decision_type=2 2 2 2 2 2 2 2 2 2 2 2 2 2 2 2 2 2 2
left_child=1 -1 3 4 -2 17 -3 -8 10 16 -5 -11 -4 14 -12 -9 -10 -6 -18
right_child=2 6 12 8 5 -7 7 15 9 11 13 -13 -14 -15 -16 -17 18 -19 -20
leaf_value=0.19544986422604521 -0.22966850472704348 0.29863509715743269 -0.15944019507551924 -0.028606685014290503 0.14616422001965768 0.0083212901829891901 0.18055237411581523 -0.21220306844121298 -0.21387162974853982 0.02502585923228761 -0.24615721668441948 -0.13777759600447542 -0.035824063304926809 0.050812399724255601 -0.060822383083555961 0.14610031598121448 0.14682359777428239 0.008283034614651321 -0.10420040027536472
leaf_weight=192.38493993133307 23.500300392508507 7.6901983581483355 186.62995230406523 120.09783660620451 179.97248763591051 175.35782739520073 11.366224646568297 40.910709075629711 6.8558472990989676 57.021023206412792 81.193500746041536 80.683183625340462 74.626177612692118 14.29646649956703 28.726204201579094 5.9948011487722388 70.533457741141319 43.635786518454552 12.047043345868586
leaf_count=1876 108 78 1107 616 1054 805 65 204 39 320 450 444 497 75 158 29 360 260 71
internal_value=0 0.132722 -0.0315446 -0.00442902 0.0537144 0.0705674 -0.0502864 -0.0976349 -0.0565318 -0.00941167 -0.100274 -0.070456 -0.124212 -0.169328 -0.198021 -0.165769 0.0844986 0.119305 0.109958
internal_weight=0 258.347 1155.18 893.921 422.466 398.966 65.9619 58.2717 471.455 227.141 244.314 137.704 261.256 124.216 109.92 46.9055 89.4363 223.608 82.5805
internal_count=8616 2252 6364 4760 2227 2119 376 298 2533 1234 1299 764 1604 683 608 233 470 1314 431
is_linear=0
shrinkage=0.3


Tree=10
num_leaves=20
num_cat=0
split_feature=10 7 10 7 8 8 8 8 8 0 7 0 4 8 7 4 4 5 10
split_gain=37.2847 26.8521 15.6411 12.4663 10.7805 12.9112 9.65253 15.9396 9.64124 9.03864 8.26063 8.15014 9.52291 7.64366 7.01489 10.2132 8.66569 6.92873 9.55156
threshold=175.50000000000003 3.5000000000000004 923.50000000000011 10.500000000000002 29.500000000000004 21.500000000000004 16.500000000000004 7.5000000000000009 5.5000000000000009 70.500000000000014 7.5000000000000009 28.500000000000004 1.0000000180025095e-35 27.500000000000004 1.0000000180025095e-35 1.0000000180025095e-35 1.5000000000000002 1.0000000180025095e-35 257.50000000000006
decision_type=2 2 2 2 2 2 2 2 2 2 2 2 2 2 2 2 2 2 2
left_child=1 8 3 17 5 6 7 -3 14 -9 -8 12 -10 -7 -1 -16 -17 18 -2
right_child=2 4 -4 -5 -6 13 10 9 11 -11 -12 -13 -14 -15 15 16 -18 -19 -20
leaf_value=0.29297253227670278 0.10558302138604538 0.11521405942837598 -0.13807243454540033 -0.21111318770545545 0.34658743261514485 -0.33413405519459133 0.26413230721793418 -0.19329298400955813 0.18462427685139865 0.26310140323036124 -0.022520922367471535 0.2159979210763725 -0.24864563873302015 -0.013772297072398691 0.095050992544706295 -0.47137020540508734 0.088469195413637541 -0.030987245490144769 -0.0030097588704168054
leaf_weight=6.2831113860011092 94.971566408872604 34.808079317212105 98.777570307254791 27.274573810398579 7.1545597314834586 16.526157043874267 21.713414251804352 42.46757310256362 10.56600257009268 4.0366002172231665 15.285692501813172 144.72693377733231 7.571469333022832 11.185000229626892 16.516659028828148 6.8532692268490774 3.6871103122830391 471.06107245385647 310.32827346026897
leaf_count=60 578 209 697 180 43 88 222 224 90 19 99 1593 55 86 103 38 25 2639 1581
internal_value=0 0.0888501 -0.0249161 -0.0125049 -0.00529918 -0.0232193 0.0200939 -0.0377442 0.162248 -0.152237 0.146481 0.192287 0.00264733 -0.206368 0.0151008 -0.0519448 -0.278521 -0.00625317 0.0224958
internal_weight=0 349.382 1002.41 903.635 153.177 146.023 118.311 81.3123 196.205 46.5042 36.9991 162.864 18.1375 27.7112 33.3401 27.057 10.5404 876.361 405.3
internal_count=8629 2954 5675 4978 990 947 773 452 1964 243 321 1738 145 174 226 166 63 4798 2159
is_linear=0
shrinkage=0.3


Tree=11
num_leaves=20
num_cat=0
split_feature=7 8 0 0 0 8 9 7 0 8 3 1 1 8 8 8 7 0 1
split_gain=11.0142 12.4489 10.4773 8.15963 8.93511 9.66454 8.11436 14.0012 10.6056 11.0601 7.56939 6.49639 6.18028 6.0697 9.13141 14.2677 11.7294 8.63541 6.76552
threshold=2.5000000000000004 1.5000000000000002 25.500000000000004 35.500000000000007 60.500000000000007 4.5000000000000009 1.5000000000000002 4.5000000000000009 58.500000000000007 15.500000000000002 2.5000000000000004 2530.5000000000005 141.50000000000003 2.5000000000000004 15.500000000000002 8.5000000000000018 7.5000000000000009 57.500000000000007 1723.5000000000002
decision_type=2 2 2 2 2 2 2 2 2 2 2 2 2 2 2 2 2 2 2
left_child=1 -1 -2 -3 5 10 7 8 9 -4 -5 -8 -12 -9 15 16 -15 -16 -18
right_child=2 3 6 4 -6 -7 11 13 -10 -11 12 -13 -14 14 17 -17 18 -19 -20
leaf_value=-0.30815888094647259 -0.21500122200777727 -0.0029864467385208844 -0.10383617635214644 -0.26321425906784784 -0.22048102677826636 0.091382580155731474 0.036682528494344564 0.15764804343182798 0.07348131629177862 -0.35973059110973421 0.28356408323323773 -0.064822501524406842 -0.070567722843227654 -0.37895919989832749 0.049594698542815882 -0.22917186974572015 0.15445150106861297 -0.19340655564676976 -0.12168485167665813
leaf_weight=9.1953373774886114 24.222344573587179 254.76082669943571 35.609846971929073 12.186128184199331 9.1707717105746251 314.07807400822639 278.53455654159188 16.867156788706779 13.919589966535566 26.699138503521681 5.9088880494236973 70.956194244325161 15.24238734692335 5.5915266424417487 116.20764825865626 41.524119023233652 27.454662039875984 14.539276290684937 10.952990077435969
leaf_count=48 171 1707 207 67 66 2282 1811 97 92 153 34 457 85 30 736 258 156 104 68
internal_value=0 0.0327445 -0.0224573 0.0380215 0.0672972 0.0750784 -0.0152834 -0.0506462 -0.161987 -0.214691 -0.0779684 0.0160361 0.03096 -0.0140788 -0.0276729 -0.103712 0.0154445 0.0221895 0.0753691
internal_weight=0 620.542 683.079 611.347 356.586 347.415 658.857 309.366 76.2286 62.309 33.3374 349.491 21.1513 233.137 216.27 85.5233 43.9992 130.747 38.4077
internal_count=8629 4289 4340 4241 2534 2468 4169 1901 452 360 186 2268 119 1449 1352 512 254 840 224
is_linear=0
shrinkage=0.3


Tree=12
num_leaves=20
num_cat=0
split_feature=9 4 4 1 7 3 8 9 3 1 8 0 1 7 0 7 8 7 1
split_gain=9.546 9.27086 7.99112 8.94397 7.62812 10.5521 6.51148 6.53362 6.15147 5.1846 5.04831 4.93477 5.47477 5.3879 4.74858 5.85667 10.3976 4.83226 4.69067
threshold=6.5000000000000009 1.5000000000000002 1.0000000180025095e-35 13742.500000000002 7.5000000000000009 1.0000000180025095e-35 12.500000000000002 1.5000000000000002 1.0000000180025095e-35 162.50000000000003 15.500000000000002 45.500000000000007 2848.5000000000005 5.5000000000000009 59.500000000000007 6.5000000000000009 28.500000000000004 5.5000000000000009 487.50000000000006
decision_type=2 2 2 2 2 2 2 2 2 2 2 2 2 2 2 2 2 2 2
left_child=1 2 3 8 5 9 -3 10 -1 -4 -8 -12 13 18 15 17 -17 -7 -13
right_child=-2 6 4 -5 -6 14 7 -9 -10 -11 11 12 -14 -15 -16 16 -18 -19 -20
leaf_value=-0.056578496387336322 0.12598167789183418 0.12037695719493706 -0.52830661559522007 0.43975857536770019 -0.11650007470656812 -0.0085712664860510979 -0.23476033396036963 0.069280038743680952 0.018501221595639633 -0.14029822160419303 -0.11881326233277308 0.092289610929686711 -0.20431295580493444 -0.089632164087936991 -0.19156629153934218 -0.093408715670729781 0.49263754646395663 -0.34707817968428323 0.48114950993159628
leaf_weight=123.47866556048393 52.196041110903025 79.679273199290037 4.6004294976592055 3.9480300247669211 107.57814163714647 282.76703196391463 12.254339504987 73.269491203129292 475.23180977627635 9.3395344018936139 21.053631782531738 6.0723584443330818 4.3156403228640547 4.9931615516543379 12.503678284585474 5.0967963412404043 5.3588569313287735 3.545781295746564 5.1661503911018372
leaf_count=811 467 562 28 25 687 1793 77 534 3175 54 139 44 34 35 82 34 32 22 35
internal_value=0 -0.00462397 -0.0162296 0.00607584 -0.0474164 -0.0243354 0.0533112 0.0110903 0.00299601 -0.276826 -0.0680211 -0.0175684 0.0863895 0.165998 -0.0126961 -0.0049729 0.212351 -0.0131243 0.278947
internal_weight=0 1240.25 1033.45 602.659 430.79 323.212 206.804 127.125 598.71 13.94 53.8553 41.6009 20.5473 16.2317 309.272 296.768 10.4557 286.313 11.2385
internal_count=8670 8203 6743 4011 2732 2045 1460 898 3986 82 364 287 148 114 1963 1881 66 1815 79
is_linear=0
shrinkage=0.3


end of trees

feature_importances:
Column_7=52
Column_0=39
Column_10=38
Column_8=37
Column_1=24
Column_9=14
Column_5=13
Column_4=12
Column_3=11
Column_6=5
Column_2=2

parameters:
[boosting: gbdt]
[objective: binary]
[metric: auc,l2]
[tree_learner: serial]
[device_type: cpu]
[linear_tree: 0]
[data: ]
[valid: ]
[num_iterations: 200]
[learning_rate: 0.3]
[num_leaves: 20]
[num_threads: -1]
[deterministic: 0]
[force_col_wise: 0]
[force_row_wise: 0]
[histogram_pool_size: -1]
[max_depth: 12]
[min_data_in_leaf: 20]
[min_sum_hessian_in_leaf: 0.001]
[bagging_fraction: 0.911645]
[pos_bagging_fraction: 1]
[neg_bagging_fraction: 1]
[bagging_freq: 2]
[bagging_seed: 3]
[feature_fraction: 0.842515]
[feature_fraction_bynode: 1]
[feature_fraction_seed: 2]
[extra_trees: 0]
[extra_seed: 6]
[early_stopping_round: 2]
[first_metric_only: 0]
[max_delta_step: 0]
[lambda_l1: 0]
[lambda_l2: 0.30167]
[linear_lambda: 0]
[min_gain_to_split: 0]
[drop_rate: 0.1]
[max_drop: 50]
[skip_drop: 0.5]
[xgboost_dart_mode: 0]
[uniform_drop: 0]
[drop_seed: 4]
[top_rate: 0.2]
[other_rate: 0.1]
[min_data_per_group: 100]
[max_cat_threshold: 32]
[cat_l2: 10]
[cat_smooth: 10]
[max_cat_to_onehot: 4]
[top_k: 20]
[monotone_constraints: ]
[monotone_constraints_method: basic]
[monotone_penalty: 0]
[feature_contri: ]
[forcedsplits_filename: ]
[refit_decay_rate: 0.9]
[cegb_tradeoff: 1]
[cegb_penalty_split: 0]
[cegb_penalty_feature_lazy: ]
[cegb_penalty_feature_coupled: ]
[path_smooth: 0]
[interaction_constraints: ]
[verbosity: 1]
[saved_feature_importance_type: 0]
[max_bin: 255]
[max_bin_by_feature: ]
[min_data_in_bin: 3]
[bin_construct_sample_cnt: 200000]
[data_random_seed: 1]
[is_enable_sparse: 1]
[enable_bundle: 1]
[use_missing: 1]
[zero_as_missing: 0]
[feature_pre_filter: 1]
[pre_partition: 0]
[two_round: 0]
[header: 0]
[label_column: ]
[weight_column: ]
[group_column: ]
[ignore_column: ]
[categorical_feature: ]
[forcedbins_filename: ]
[objective_seed: 5]
[num_class: 1]
[is_unbalance: 0]
[scale_pos_weight: 1]
[sigmoid: 1]
[boost_from_average: 1]
[reg_sqrt: 0]
[alpha: 0.9]
[fair_c: 1]
[poisson_max_delta_step: 0.7]
[tweedie_variance_power: 1.5]
[lambdarank_truncation_level: 30]
[lambdarank_norm: 1]
[label_gain: ]
[eval_at: ]
[multi_error_top_k: 1]
[auc_mu_weights: ]
[num_machines: 1]
[local_listen_port: 12400]
[time_out: 120]
[machine_list_filename: ]
[machines: ]
[gpu_platform_id: -1]
[gpu_device_id: -1]
[gpu_use_dp: 0]
[num_gpu: 1]

end of parameters

pandas_categorical:null
