tree
version=v3
num_class=1
num_tree_per_iteration=1
label_index=0
max_feature_idx=10
objective=binary sigmoid:1
feature_names=Column_0 Column_1 Column_2 Column_3 Column_4 Column_5 Column_6 Column_7 Column_8 Column_9 Column_10
feature_infos=[18:95] [-6847:81204] [0:2] [0:11] [0:3] [0:1] [0:1] [0:11] [1:31] [1:63] [3:3881]
tree_sizes=3195 3323 3330 3312 3323

Tree=0
num_leaves=30
num_cat=0
split_feature=10 10 5 7 10 7 1 7 5 10 10 5 7 7 7 9 8 8 7 8 8 8 1 5 8 8 10 7 6
split_gain=1479.84 410.888 325.145 272.543 139.125 109.509 60.0122 58.2714 57.5566 55.5758 53.5242 43.952 34.8585 42.0788 30.899 27.0986 25.1253 29.364 23.4952 22.7448 21.6376 25.5039 20.5266 17.9061 16.8361 14.7243 14.5812 12.1626 11.8024
threshold=205.50000000000003 447.50000000000006 1.0000000180025095e-35 3.5000000000000004 87.500000000000014 3.5000000000000004 223.50000000000003 2.5000000000000004 1.0000000180025095e-35 136.50000000000003 651.50000000000011 1.0000000180025095e-35 8.5000000000000018 4.5000000000000009 2.5000000000000004 3.5000000000000004 21.500000000000004 15.500000000000002 8.5000000000000018 4.5000000000000009 16.500000000000004 21.500000000000004 1035.5000000000002 1.0000000180025095e-35 27.500000000000004 6.5000000000000009 380.50000000000006 7.5000000000000009 1.0000000180025095e-35
decision_type=2 2 2 2 2 2 2 2 2 2 2 2 2 2 2 2 2 2 2 2 2 2 2 2 2 2 2 2 2
left_child=3 2 7 9 -5 6 -4 19 20 -1 23 14 13 -10 -11 22 17 -9 24 -2 25 -22 -13 -3 -7 -6 -21 -18 -25
right_child=1 10 5 4 8 18 -8 16 12 11 -12 15 -14 -15 -16 -17 27 -19 -20 26 21 -23 -24 28 -26 -27 -28 -29 -30
leaf_value=0.13508092763928045 0.11595273924630528 0.1111784837651847 0.12426528012107091 0.13280798649415196 0.12404105471343507 0.10633523633240655 0.11187173121260854 0.11612336477100588 0.1021055261565716 0.13425855549709351 0.10185137332462585 0.12423443253338286 0.10569868436434969 0.11950307620127738 0.11377602981307705 0.13346954875958453 0.11842650882188853 0.1281608514445329 0.1003345353015191 0.13146103933622716 0.13236510400973589 0.11555150432210635 0.11314339104401033 0.10449194631833134 0.11807336384949434 0.10965388617354756 0.12294468119600845 0.10272463799309475 0.11513446071584346
leaf_weight=330.35196608304977 12.456710636615751 110.61559045314789 56.553466290235519 66.518834799528122 12.954979062080385 96.165806114673615 122.57403266429901 45.093292504549026 16.442858040332794 93.923598200082779 326.61495289206505 43.598487228155136 48.082903057336807 73.245458543300629 7.7231605947017661 18.68506595492363 8.2214290201663971 35.875326633453369 72.498055905103683 115.8474089205265 32.138313442468643 12.207576423883436 26.159092336893082 108.62251675128937 13.951515913009642 14.200650125741957 25.660823911428452 11.460173785686493 11.958442211151121
leaf_count=1326 50 444 227 267 52 386 492 181 66 377 1311 175 193 294 31 75 33 144 291 465 129 49 105 436 56 57 103 46 48
internal_value=0.117833 0.110681 0.116313 0.128335 0.12029 0.110225 0.115794 0.124959 0.116275 0.13259 0.104469 0.128214 0.112505 0.116218 0.132685 0.123 0.119028 0.121499 0.104791 0.128813 0.12352 0.127772 0.12007 0.108203 0.107815 0.116501 0.129949 0.109082 0.105526
internal_weight=0 1174.17 616.358 796.233 275.792 361.743 179.127 254.615 209.273 520.441 557.812 190.089 137.771 89.6883 101.647 88.4426 100.65 80.9686 182.615 153.965 71.5015 44.3459 69.7576 231.197 110.117 27.1556 141.508 19.6816 120.581
internal_count=7909 4713 2474 3196 1107 1452 719 1022 840 2089 2239 763 553 360 408 355 404 325 733 618 287 178 280 928 442 109 568 79 484
is_linear=0
shrinkage=1


Tree=1
num_leaves=30
num_cat=0
split_feature=5 7 0 0 1 7 8 8 7 1 2 8 8 7 7 7 9 8 9 1 1 0 2 7 8 8 8 1 3
split_gain=359.428 234.66 119.265 115.765 86.8656 66.3819 32.7935 32.4117 30.0671 26.1163 25.5519 20.4172 40.8584 39.8198 22.3835 15.3096 15.142 10.9301 9.65958 8.9868 8.46617 7.72957 5.92096 5.75006 6.11812 5.43353 5.41134 4.66397 3.8009
threshold=1.0000000180025095e-35 8.5000000000000018 60.500000000000007 29.500000000000004 819.50000000000011 2.5000000000000004 15.500000000000002 18.500000000000004 10.500000000000002 99.500000000000014 1.0000000180025095e-35 21.500000000000004 16.500000000000004 7.5000000000000009 7.5000000000000009 6.5000000000000009 3.5000000000000004 25.500000000000004 4.5000000000000009 3042.0000000000005 606.50000000000011 27.500000000000004 1.5000000000000002 1.0000000180025095e-35 25.500000000000004 2.5000000000000004 5.5000000000000009 2065.0000000000005 5.5000000000000009
decision_type=2 2 2 2 2 2 2 2 2 2 2 2 2 2 2 2 2 2 2 2 2 2 2 2 2 2 2 2 2
left_child=5 2 3 9 7 10 -6 -5 11 28 17 12 14 16 -7 -11 -13 20 -3 -14 21 -1 23 27 -25 -22 -4 -12 -2
right_child=1 18 26 4 6 8 -8 -9 -10 15 22 13 19 -15 -16 -17 -18 -19 -20 -21 25 -23 -24 24 -26 -27 -28 -29 -30
leaf_value=-0.00012232083919884443 0.0034232542946010971 -0.015568391450316217 -0.0070292185203951396 0.0011605959962446703 -0.0067948349173606142 -0.0068224632399904927 -0.00013960463896898825 0.0069153870052470982 -0.014026272771927419 -0.01452907108837328 0.0048160553102581547 -0.00093931407023375621 0.0080944025361477032 -0.015088721937940058 0.0017641987394526847 -0.0045997078191200797 0.015631154756708652 0.012163101045689833 -0.0029859781489156279 0.0016081574183582934 -0.0046287660394279092 0.0091449660166130833 0.0064408949991397249 -0.0014234947697401442 0.0085854544594546906 0.0055853667540496747 -0.015630255333142443 -0.00042009516397722475 -0.0050377389718340463
leaf_weight=9.4662240892648679 12.454511672258379 155.83019882440567 10.216668173670767 223.9648125320673 147.52415555715561 46.842178702354431 148.00331357121468 173.61241365969181 12.45835982263088 73.514060586690903 120.03670272231102 23.667781114578251 96.37859046459198 19.943089693784714 83.469955563545227 20.684224739670753 6.4749268889427176 58.508786588907242 6.7308942377567282 27.895486325025558 4.9804222285747519 175.3019989579916 72.966413736343384 40.850916594266891 6.4719224870204917 104.35209381580353 59.818991154432297 19.678759470582008 8.2202176451683027
leaf_count=38 50 625 41 899 592 188 594 697 50 295 482 95 387 80 335 83 26 235 27 112 20 704 293 164 26 419 240 79 33
internal_value=0 -0.00405211 -0.00200343 -0.000912649 0.000631674 0.0045006 -0.00346989 0.00368118 0.000784277 -0.0101789 0.00642138 0.00142013 0.00256924 -0.00437647 -0.00134199 -0.0123979 0.00288954 0.00817624 -0.0150622 0.00665532 0.00735656 0.00867148 0.0040262 0.00306404 4.87464e-05 0.00509405 -0.0144561 0.0040801 5.28844e-06
internal_weight=0 1040.57 878.013 807.978 693.105 929.745 295.527 397.577 317.13 114.873 612.614 304.672 254.586 50.0858 130.312 94.1983 30.1427 352.61 162.561 124.274 294.101 184.768 260.005 187.038 47.3228 109.333 70.0357 139.715 20.6747
internal_count=7909 4176 3524 3243 2782 3733 1186 1596 1273 461 2460 1223 1022 201 523 378 121 1416 652 499 1181 742 1044 751 190 439 281 561 83
is_linear=0
shrinkage=0.01


Tree=2
num_leaves=30
num_cat=0
split_feature=10 10 5 10 5 1 10 9 0 0 10 6 5 0 9 1 1 5 8 10 1 9 6 10 0 1 4 0 1
split_gain=1447.39 403.692 314.639 185.775 131.862 69.6474 52.5894 46.5804 36.1822 36.6544 32.86 32.4311 27.9096 31.2666 23.4109 21.3641 19.1217 17.3317 15.8552 13.2337 11.6045 12.0596 11.3314 10.5056 10.2447 9.72151 9.22481 7.39219 6.1381
threshold=205.50000000000003 447.50000000000006 1.0000000180025095e-35 130.50000000000003 1.0000000180025095e-35 107.50000000000001 679.50000000000011 3.5000000000000004 60.500000000000007 29.500000000000004 78.500000000000014 1.0000000180025095e-35 1.0000000180025095e-35 28.500000000000004 1.5000000000000002 974.50000000000011 921.50000000000011 1.0000000180025095e-35 4.5000000000000009 380.50000000000006 -1.0000000180025095e-35 1.5000000000000002 1.0000000180025095e-35 477.50000000000006 44.500000000000007 866.50000000000011 1.5000000000000002 55.500000000000007 794.50000000000011
decision_type=2 2 2 2 2 2 2 2 2 2 2 2 2 2 2 2 2 2 2 2 2 2 2 2 2 2 2 2 2
left_child=3 2 15 10 25 20 17 11 9 -7 -1 16 -12 28 -15 19 -6 23 -17 26 -4 -22 -19 -3 -20 -5 -2 -27 -14
right_child=1 6 5 4 7 8 -8 -9 -10 -11 12 -13 13 14 -16 18 -18 22 24 -21 21 -23 -24 -25 -26 27 -28 -29 -30
leaf_value=0.017574780909159864 0.00894537873277991 0.00032790791265134073 0.012151749975576283 0.013487566049750961 -0.00095052401466439774 -0.015413715428420226 -0.016056410098102006 0.011296206808184233 -0.018381867610003592 -0.006129200468488567 0.015507891495604853 0.010054341264178786 -0.011138057581784126 0.0042065264904251175 0.013689159081559873 -0.008251376496368059 -0.0082388286119704727 -0.01331062230144062 0.0068839175007954336 0.002278822009501514 -0.0052518132286244945 0.0040043937937166143 -0.0035033374242119477 -0.0081957648402322756 -0.0011899993664999115 0.0092315414701677184 0.015664987654078043 -0.0027407058695240218 0.0025693506150675349
leaf_weight=205.01354911923409 117.49980744719505 16.694303557276726 8.7169068157672864 101.02683320641518 75.992161378264427 53.878512874245644 302.69781038165092 26.38868910074234 39.66466212272644 203.17768934369087 121.91610389947891 16.688069641590118 7.7251297086477262 41.100243672728539 74.434325411915779 10.465448245406149 68.060932159423828 120.20341166853905 53.278412878513336 24.899123385548592 23.423196107149124 33.130512416362762 13.706526935100554 104.90467165410519 21.916242569684982 46.795689210295677 26.376990437507629 5.4780341088771811 4.9850943684577942
leaf_count=824 472 67 35 406 305 216 1214 106 159 815 490 67 31 165 299 42 273 482 214 100 94 133 55 421 88 188 106 22 20
internal_value=0 -0.0070685 -0.00148626 0.0103933 0.0047919 -0.00747018 -0.0132235 -0.000845122 -0.00952346 -0.00811116 0.0145691 -0.00287799 0.0120644 0.00872559 0.0103607 0.00702437 -0.00441683 -0.00983338 0.00292502 0.00908462 0.00186603 0.000153651 -0.0123298 -0.00703029 0.00454124 0.0116459 0.010246 0.0079576 -0.00590598
internal_weight=0 1174.63 616.428 795.605 340.43 361.991 558.207 187.13 296.721 257.056 455.174 160.741 250.161 128.245 115.535 254.436 144.053 255.509 85.6601 168.776 65.2706 56.5537 133.91 121.599 75.1947 153.301 143.877 52.2737 12.7102
internal_count=7909 4713 2474 3196 1367 1452 2239 751 1190 1031 1829 645 1005 515 464 1022 578 1025 344 678 262 227 537 488 302 616 578 210 51
is_linear=0
shrinkage=0.01


Tree=3
num_leaves=30
num_cat=0
split_feature=10 10 10 0 1 1 10 0 10 9 0 0 3 0 0 9 1 6 0 9 9 10 2 1 8 1 0 10 9
split_gain=1419.2 395.256 182.465 136.329 67.7069 57.7832 51.5059 45.8722 32.332 30.3828 28.7788 29.5661 28.6805 20.493 19.6532 19.493 19.0845 16.821 15.6223 15.5049 13.2254 11.1576 9.96069 9.20181 7.11561 5.29079 5.98215 4.93329 3.86987
threshold=205.50000000000003 447.50000000000006 130.50000000000003 60.500000000000007 223.50000000000003 932.50000000000011 651.50000000000011 29.500000000000004 87.500000000000014 1.5000000000000002 28.500000000000004 60.500000000000007 10.500000000000002 60.500000000000007 25.500000000000004 3.5000000000000004 -50.499999999999993 1.0000000180025095e-35 57.500000000000007 1.5000000000000002 1.5000000000000002 149.50000000000003 1.0000000180025095e-35 30.500000000000004 20.500000000000004 424.50000000000006 39.500000000000007 801.50000000000011 1.5000000000000002
decision_type=2 2 2 2 2 2 2 2 2 2 2 2 2 2 2 2 2 2 2 2 2 2 2 2 2 2 2 2 2
left_child=2 3 8 4 12 10 17 22 -1 -9 23 19 16 14 -10 18 -2 -3 21 -12 -16 -7 -6 -4 -20 -19 -27 -8 -25
right_child=1 6 5 -5 7 15 27 9 13 -11 11 -13 -14 -15 20 -17 -18 25 24 -21 -22 -23 -24 28 -26 26 -28 -29 -30
leaf_value=0.016954459039769779 0.014087654736217585 -0.010403124281407761 0.0094210052339303244 -0.017773189608360964 0.00072291470804890484 0.0052042571574886067 -0.013618928860299941 -0.0040722632660817534 -0.0035561417770985566 0.0020448884410542737 0.0067620483900907484 -0.0094856808741451259 -0.012077537707906552 -0.0049425537885230807 0.0093415867357584722 0.010082803073859172 0.0045033072304000946 -0.0056415295658764552 -0.0052179903244840477 0.012818560002429303 0.01482818559874031 -0.0023631099057627213 -0.011277588908924876 -0.0088104807629408987 -0.018821314324074002 0.009520653383486722 -0.004210645739688431 -0.016624098267621134 -0.00018742002294306115
leaf_weight=243.2821556776762 23.879532396793365 204.26620107889175 4.9774264097213772 46.675189435482025 7.7222617715597144 25.900079846382141 109.53739593923092 154.50244599580765 7.4716248810291281 169.66317051649094 78.880978628993034 7.4809965491294852 8.7274978607892972 6.9774951934814444 78.613975346088409 14.681037724018095 145.64405892789364 15.701431542634966 10.972512945532801 98.746756985783577 118.35124921798706 72.25621585547924 59.614050939679146 10.96248795092106 5.9864301830530158 5.9823892265558225 5.4836668968200684 217.58908206224442 9.4615983515977842
leaf_count=979 96 819 20 187 31 104 439 620 30 681 317 30 35 28 316 59 585 63 44 397 476 290 239 44 24 24 22 872 38
internal_value=0 -0.00699594 0.0102979 -0.00147143 -0.000116134 0.00474638 -0.0130835 -0.0024417 0.0144393 -0.000873092 0.00797353 0.00933908 0.00498137 0.0114993 0.0120752 -0.000502025 0.00590486 -0.00942224 -0.00190382 0.0101654 0.0126785 -0.000344018 -0.00990795 -0.00196151 -0.0105664 -0.00197239 0.00308701 -0.0156485 -0.00495206
internal_weight=0 1174.99 795.003 616.428 569.753 340.307 558.56 391.502 454.697 324.166 210.51 185.109 178.251 211.414 204.437 129.796 169.524 231.434 115.115 177.628 196.965 98.1563 67.3363 25.4015 16.9589 27.1675 11.4661 327.126 20.4241
internal_count=7909 4713 3196 2474 2287 1367 2239 1571 1829 1301 846 744 716 850 822 521 681 928 462 714 792 394 270 102 68 109 46 1311 82
is_linear=0
shrinkage=0.01


Tree=4
num_leaves=30
num_cat=0
split_feature=5 7 1 7 7 0 7 8 8 0 7 8 7 2 2 9 1 1 0 8 8 7 0 0 9 3 1 1 1
split_gain=338.325 221.47 79.3808 71.1034 60.9756 56.8377 48.8317 49.8222 59.4201 45.6492 40.7727 40.2442 37.0242 22.4591 18.9375 15.9707 15.4443 14.075 12.8042 12.6255 12.0914 14.0651 8.27913 8.57557 8.09803 7.01269 6.83628 6.21308 6.01767
threshold=1.0000000180025095e-35 3.5000000000000004 202.50000000000003 8.5000000000000018 1.0000000180025095e-35 29.500000000000004 4.5000000000000009 17.500000000000004 9.5000000000000018 60.500000000000007 7.5000000000000009 4.5000000000000009 10.500000000000002 1.0000000180025095e-35 1.0000000180025095e-35 1.5000000000000002 628.50000000000011 41.500000000000007 60.500000000000007 26.500000000000004 16.500000000000004 7.5000000000000009 59.500000000000007 28.500000000000004 4.5000000000000009 10.500000000000002 2655.5000000000005 853.50000000000011 152.50000000000003
decision_type=2 2 2 2 2 2 2 2 2 2 2 2 2 2 2 2 2 2 2 2 2 2 2 2 2 2 2 2 2
left_child=4 2 15 6 14 -4 -3 8 -8 11 -9 -7 13 17 16 25 -1 -6 -19 27 -15 -22 23 -17 26 28 -16 -18 -2
right_child=1 3 5 -5 12 9 7 10 -10 -11 -12 -13 -14 20 24 22 19 18 -20 -21 21 -23 -24 -25 -26 -27 -28 -29 -30
leaf_value=0.011017428108133696 0.0033460532406431672 -0.014810728488079293 -0.012536338826166664 -0.014531120547589321 0.0080887876119297188 -0.010142284225668768 -0.0022854398674375968 0.0036175836918879642 -0.015627281815789741 -0.014325391010660569 -0.014150925797463075 0.0012267195332094356 -0.013871410860834555 -0.003018692324868409 0.0047963308151215498 -0.00067153798116896491 -0.0022433835589273365 0.0032763853564020816 -0.011061749466020841 0.01421230533285138 0.0040036422036134629 -0.0050726377788809854 -0.0040079006864996141 0.0084355536920635802 0.012028696891024274 -0.0097619127859664718 -0.0013539830917801735 0.0052331941401499637 -0.0060036758221724421
leaf_weight=144.17050752043724 44.578152999281883 53.883966192603111 49.160845533013344 163.982337012887 66.638724684715271 34.39963735640049 75.027978092432022 86.949494734406471 59.857966691255569 23.470878019928932 14.461207449436186 275.75763982534409 13.709040075540541 88.4195217192173 153.28986740112305 11.209376752376555 13.195525839924811 243.43734274804592 5.7332718074321738 13.667264223098753 78.12558975815773 21.164058521389961 5.9788726866245261 119.15260881185532 13.420039355754851 4.9847012460231772 20.175836533308029 59.981015011668205 7.4713232964277259
leaf_count=580 179 216 197 657 268 138 301 349 240 94 58 1107 55 355 616 45 53 978 23 55 314 85 24 479 54 20 81 241 30
internal_value=0 -0.00405628 6.16456e-05 -0.00927259 0.00424841 -0.00257578 -0.00627363 -0.00428952 -0.00825537 -0.00108529 0.00100551 -5.38758e-05 0.00194898 0.00239806 0.00708648 0.0052731 0.00900438 0.00402345 0.00291692 0.00560216 -0.000341269 0.0020474 0.00712414 0.00765305 0.00469138 0.000816001 0.00407846 0.00387665 0.00194316
internal_weight=0 1030.33 576.164 454.163 935.128 382.789 290.181 236.297 134.886 333.628 101.411 310.157 517.228 503.519 417.9 193.375 231.014 315.809 249.171 86.8438 187.709 99.2896 136.341 130.362 186.886 57.0342 173.466 73.1765 52.0495
internal_count=7892 4134 2313 1821 3758 1536 1164 948 541 1339 407 1245 2078 2023 1680 777 929 1269 1001 349 754 399 548 524 751 229 697 294 209
is_linear=0
shrinkage=0.01


end of trees

feature_importances:
Column_1=24
Column_7=22
Column_8=22
Column_0=21
Column_10=20
Column_9=13
Column_5=10
Column_2=5
Column_6=4
Column_3=3
Column_4=1

parameters:
[boosting: gbdt]
[objective: binary]
[metric: auc,l2]
[tree_learner: serial]
[device_type: cpu]
[linear_tree: 0]
[data: ]
[valid: ]
[num_iterations: 200]
[learning_rate: 0.01]
[num_leaves: 30]
[num_threads: -1]
[deterministic: 0]
[force_col_wise: 0]
[force_row_wise: 0]
[histogram_pool_size: -1]
[max_depth: 6]
[min_data_in_leaf: 20]
[min_sum_hessian_in_leaf: 0.001]
[bagging_fraction: 0.831627]
[pos_bagging_fraction: 1]
[neg_bagging_fraction: 1]
[bagging_freq: 4]
[bagging_seed: 3]
[feature_fraction: 0.84976]
[feature_fraction_bynode: 1]
[feature_fraction_seed: 2]
[extra_trees: 0]
[extra_seed: 6]
[early_stopping_round: 2]
[first_metric_only: 0]
[max_delta_step: 0]
[lambda_l1: 0]
[lambda_l2: 0.687944]
[linear_lambda: 0]
[min_gain_to_split: 0]
[drop_rate: 0.1]
[max_drop: 50]
[skip_drop: 0.5]
[xgboost_dart_mode: 0]
[uniform_drop: 0]
[drop_seed: 4]
[top_rate: 0.2]
[other_rate: 0.1]
[min_data_per_group: 100]
[max_cat_threshold: 32]
[cat_l2: 10]
[cat_smooth: 10]
[max_cat_to_onehot: 4]
[top_k: 20]
[monotone_constraints: ]
[monotone_constraints_method: basic]
[monotone_penalty: 0]
[feature_contri: ]
[forcedsplits_filename: ]
[refit_decay_rate: 0.9]
[cegb_tradeoff: 1]
[cegb_penalty_split: 0]
[cegb_penalty_feature_lazy: ]
[cegb_penalty_feature_coupled: ]
[path_smooth: 0]
[interaction_constraints: ]
[verbosity: 1]
[saved_feature_importance_type: 0]
[max_bin: 255]
[max_bin_by_feature: ]
[min_data_in_bin: 3]
[bin_construct_sample_cnt: 200000]
[data_random_seed: 1]
[is_enable_sparse: 1]
[enable_bundle: 1]
[use_missing: 1]
[zero_as_missing: 0]
[feature_pre_filter: 1]
[pre_partition: 0]
[two_round: 0]
[header: 0]
[label_column: ]
[weight_column: ]
[group_column: ]
[ignore_column: ]
[categorical_feature: ]
[forcedbins_filename: ]
[objective_seed: 5]
[num_class: 1]
[is_unbalance: 0]
[scale_pos_weight: 1]
[sigmoid: 1]
[boost_from_average: 1]
[reg_sqrt: 0]
[alpha: 0.9]
[fair_c: 1]
[poisson_max_delta_step: 0.7]
[tweedie_variance_power: 1.5]
[lambdarank_truncation_level: 30]
[lambdarank_norm: 1]
[label_gain: ]
[eval_at: ]
[multi_error_top_k: 1]
[auc_mu_weights: ]
[num_machines: 1]
[local_listen_port: 12400]
[time_out: 120]
[machine_list_filename: ]
[machines: ]
[gpu_platform_id: -1]
[gpu_device_id: -1]
[gpu_use_dp: 0]
[num_gpu: 1]

end of parameters

pandas_categorical:null
