tree
version=v3
num_class=1
num_tree_per_iteration=1
label_index=0
max_feature_idx=10
objective=binary sigmoid:1
feature_names=Column_0 Column_1 Column_2 Column_3 Column_4 Column_5 Column_6 Column_7 Column_8 Column_9 Column_10
feature_infos=[18:95] [-6847:81204] [0:2] [0:11] [0:3] [0:1] [0:1] [0:11] [1:31] [1:63] [3:3881]
tree_sizes=4262 3636 4255 4272 4259 4275 4180 4252 4269 4278 4291 2722 4052 4266

Tree=0
num_leaves=40
num_cat=0
split_feature=10 10 7 7 10 10 8 7 7 8 10 10 1 7 9 9 1 7 7 6 1 8 7 1 1 7 10 6 8 10 8 1 2 10 7 8 1 8 8
split_gain=1377.59 387.022 253.045 208.522 137.3 55.0773 53.0424 46.0031 55.6389 62.5954 36.2536 36.1443 33.737 29.7374 30.0281 28.3616 27.711 19.6992 18.3503 17.3269 16.9264 11.385 10.1388 9.06076 9.00841 7.85317 9.58831 7.23596 6.53261 5.85774 5.5202 7.73979 5.45768 5.74058 5.15764 5.00652 4.92536 4.56686 4.34284
threshold=205.50000000000003 477.50000000000006 3.5000000000000004 2.5000000000000004 87.500000000000014 136.50000000000003 4.5000000000000009 8.5000000000000018 4.5000000000000009 16.500000000000004 358.50000000000006 651.50000000000011 1132.0000000000002 1.0000000180025095e-35 3.5000000000000004 1.5000000000000002 223.50000000000003 5.5000000000000009 3.5000000000000004 1.0000000180025095e-35 17.500000000000004 16.500000000000004 1.0000000180025095e-35 61.500000000000007 168.50000000000003 9.5000000000000018 140.50000000000003 1.0000000180025095e-35 2.5000000000000004 74.500000000000014 21.500000000000004 974.50000000000011 1.0000000180025095e-35 866.50000000000011 1.0000000180025095e-35 15.500000000000002 1926.5000000000002 4.5000000000000009 7.5000000000000009
decision_type=2 2 2 2 2 2 2 2 2 2 2 2 2 2 2 2 2 2 2 2 2 2 2 2 2 2 2 2 2 2 2 2 2 2 2 2 2 2 2
left_child=2 3 5 6 29 37 23 8 -6 -10 16 19 15 30 20 27 -8 21 -17 34 -15 -14 -12 -2 -21 -9 -27 -5 -25 -4 -7 -32 33 36 -3 -31 -13 -1 -19
right_child=1 11 4 12 7 13 10 25 9 -11 22 32 17 14 -16 18 -18 38 -20 24 -22 -23 -24 28 -26 26 -28 -29 -30 35 31 -33 -34 -35 -36 -37 -38 -39 -40
leaf_value=0.47060385986767855 0.24799599698637675 -0.1245932247082583 0.62323736765990556 -0.15641209622465901 -0.29143297719418942 0.62305125930833505 0.5349060577328123 -0.31890929388184858 0.018464606263299627 0.46966439564282053 0.22629236968222649 -0.19301836998294314 -0.2075468131812197 0.51165195092124649 0.61068116912794412 0.26157754448034959 0.28314267131885607 -0.14336047387016199 0.0015205954782081255 -0.18627444500572887 0.16542442220615233 0.053534291003423995 0.0084541299757829869 -0.34330085337330368 0.20355694933177174 0.083371652432290028 -0.18607739155882658 0.11279612503369905 -0.036041161954042097 0.18790457234168811 0.53813424502414087 0.13128073750323746 -0.40691238395672508 -0.3693727754134008 -0.25644264415001483 0.54105077176366767 -0.38139769042734917 0.64529739698746669 -0.34887247187555331
leaf_weight=19.18333438038826 4.9826842546463039 41.356279313564301 48.830305695533752 92.927061349153519 19.432468593120575 53.563855737447739 63.778358459472656 16.193723827600479 53.065587311983109 56.802600502967834 43.349353015422821 53.812989950180054 30.394373953342438 15.197186976671217 24.166018635034561 36.373595058917999 104.88550356030464 13.951515913009642 71.501519054174423 7.7231605947017696 66.518834799528122 29.896105527877808 33.633118718862534 11.709307998418808 14.449784338474272 20.429005444049835 28.401300251483917 9.9653685092926008 14.449784338474274 6.7266237437725049 13.951515913009645 5.9792211055755606 141.00996440649033 93.674463987350464 111.36299309134483 7.972294807434082 19.432468593120575 290.98876047134399 61.287016332149506
leaf_count=77 20 166 196 373 78 215 256 65 213 228 174 216 122 61 97 146 421 56 287 31 267 120 135 47 58 82 114 40 58 27 56 24 566 376 447 32 78 1168 246
internal_value=0.117833 -0.0953059 0.43177 0.0610279 0.19102 0.558343 0.254992 0.0655739 0.169179 0.252356 0.301798 -0.296748 -0.0939741 0.424272 0.320716 -0.0182865 0.379438 -0.210606 0.0895046 -0.185908 0.232118 -0.0799168 0.131015 -0.110858 0.0635156 -0.139089 -0.0750629 -0.130512 -0.180541 0.571764 0.570728 0.41988 -0.359016 -0.316891 -0.221782 0.388169 -0.246498 0.635166 -0.313036
internal_weight=0 1105.91 747.403 623.085 257.854 489.549 276.788 194.325 129.301 109.868 245.646 482.822 346.297 179.377 105.882 210.768 168.664 135.529 107.875 174.892 81.716 60.2905 76.9825 31.1418 22.1729 65.024 48.8303 102.892 26.1591 63.5292 73.4946 19.9307 307.93 166.92 152.719 14.6989 73.2455 310.172 75.2385
internal_count=7439 4439 3000 2501 1035 1965 1111 780 519 441 986 1938 1390 720 425 846 677 544 433 702 328 242 309 125 89 261 196 413 105 255 295 80 1236 670 613 59 294 1245 302
is_linear=0
shrinkage=1


Tree=1
num_leaves=34
num_cat=0
split_feature=5 7 0 0 1 7 8 1 7 2 7 9 1 8 9 8 0 7 8 9 8 8 8 0 0 1 8 0 1 8 8 1 8
split_gain=278.884 137.494 84.424 97.4513 60.169 34.699 30.9184 23.2537 21.472 20.9473 19.2529 16.0409 14.2644 16.4333 8.91916 7.49762 7.33595 5.98634 7.35411 6.11321 5.69424 5.26036 4.52678 3.40514 2.56435 2.52574 2.38576 1.63111 1.55165 1.47863 2.24972 0.862002 0.318631
threshold=1.0000000180025095e-35 8.5000000000000018 60.500000000000007 29.500000000000004 1595.5000000000002 10.500000000000002 17.500000000000004 99.500000000000014 6.5000000000000009 1.0000000180025095e-35 1.0000000180025095e-35 6.5000000000000009 957.50000000000011 22.500000000000004 4.5000000000000009 22.500000000000004 27.500000000000004 1.0000000180025095e-35 15.500000000000002 1.5000000000000002 11.500000000000002 5.5000000000000009 5.5000000000000009 39.500000000000007 26.500000000000004 1434.5000000000002 5.5000000000000009 79.500000000000014 1660.5000000000002 29.500000000000004 5.5000000000000009 1227.5000000000002 26.500000000000004
decision_type=2 2 2 2 2 2 2 2 2 2 2 2 2 2 2 2 2 2 2 2 2 2 2 2 2 2 2 2 2 2 2 2 2
left_child=5 2 3 7 6 9 -5 24 -9 10 15 -6 16 -14 28 20 -12 23 22 -20 -1 -4 -19 26 -2 -25 -11 -23 -3 30 -30 -7 -17
right_child=1 14 21 4 11 31 -8 8 -10 17 12 -13 13 -15 -16 32 -18 18 19 -21 -22 27 -24 25 -26 -27 -28 -29 29 -31 -32 -33 -34
leaf_value=0.27880733937353619 -0.12498407309539798 -0.41666941977496003 -0.16515751179737079 -0.0015424444065739473 -0.15760022576226004 -0.26476439768529691 0.15558328185833656 -0.444306088959042 -0.085941537114146704 0.24186705936512728 -0.12343390464734472 0.22310509032898107 0.085928847315700788 -0.2392398182392205 -0.028369873264944757 0.28702445201114218 0.18722745120585732 0.03714934694133476 0.0040295717154045872 0.15619529602326504 0.16258695669499709 -0.44565715842753734 -0.1137003845258884 0.22171508421958802 0.090516357481308971 0.047945987920088876 0.076995303434234316 -0.25674814380005828 -0.20364436214210188 -0.19740246062320399 -0.39308327421786282 -0.49082832801909976 0.38917845103520249
leaf_weight=69.639918059110641 7.9429993331432369 90.30334535241127 9.340189188718794 242.9068471044302 165.87658604979515 6.44148440659046 209.69067983329296 66.575374811887741 19.804528221487999 8.1027045696973783 6.7439009845256797 10.101173117756842 93.160712912678719 15.876469567418097 6.5968151688575736 14.317674115300177 173.26538480818272 35.765868172049522 42.33046755194664 53.684562414884567 91.718169674277306 47.832338631153107 34.851778611540794 36.251176312565804 11.353653296828268 9.9322921186685544 113.80597138404846 7.561627432703971 9.0969216227531415 8.52761062979698 36.614863246679306 4.9214343875646591 27.625315487384796
leaf_count=295 33 366 38 1007 685 26 882 273 81 34 28 43 385 66 27 61 721 147 176 225 387 195 144 155 47 42 480 31 37 35 150 20 117
internal_value=0 -0.110276 -0.0605137 -0.0314147 0.0134903 0.127035 0.0713598 -0.297141 -0.363255 0.134284 0.173648 -0.135092 0.123482 0.0375751 -0.372115 0.244423 0.175233 0.0761842 0.0357041 0.0895331 0.213558 -0.387387 -0.0376164 0.116054 0.000760418 0.185394 0.0890383 -0.422774 -0.387628 -0.335412 -0.358384 -0.381613 0.358663
internal_weight=0 950.126 798.986 734.252 628.575 838.435 452.598 105.677 86.3799 827.072 492.348 175.978 289.046 109.037 151.14 203.301 180.009 334.725 166.633 96.015 161.358 64.7342 70.6176 168.092 19.2967 46.1835 121.909 55.394 144.543 54.2394 45.7118 11.3629 41.943
internal_count=7439 3930 3315 3051 2617 3509 1889 434 354 3463 2060 728 1200 451 615 860 749 1403 692 401 682 264 291 711 80 197 514 226 588 222 187 46 178
is_linear=0
shrinkage=0.3


Tree=2
num_leaves=40
num_cat=0
split_feature=5 6 1 9 0 0 0 2 0 0 4 1 1 8 8 9 6 2 0 0 4 4 9 9 0 8 4 8 8 1 8 0 4 1 1 8 4 8 0
split_gain=143.118 62.6832 43.9404 31.8495 20.2241 22.6369 20.1465 14.1801 13.6138 12.1088 9.92651 8.37064 7.9661 7.2489 6.94525 6.83468 5.90842 5.39683 5.23563 4.4355 3.76861 5.96222 4.71094 3.49759 3.4934 3.44319 3.00853 2.80841 2.79479 2.48811 2.98126 3.16923 3.06111 2.3047 2.23204 2.74751 0.939579 0.268322 0.258728
threshold=1.0000000180025095e-35 1.0000000180025095e-35 103.50000000000001 3.5000000000000004 29.500000000000004 60.500000000000007 60.500000000000007 1.0000000180025095e-35 59.500000000000007 26.500000000000004 1.5000000000000002 606.50000000000011 664.50000000000011 18.500000000000004 7.5000000000000009 4.5000000000000009 1.0000000180025095e-35 1.5000000000000002 29.500000000000004 27.500000000000004 1.0000000180025095e-35 1.5000000000000002 1.5000000000000002 2.5000000000000004 41.500000000000007 17.500000000000004 1.0000000180025095e-35 15.500000000000002 19.500000000000004 390.50000000000006 11.500000000000002 47.500000000000007 1.0000000180025095e-35 877.50000000000011 70.500000000000014 19.500000000000004 1.0000000180025095e-35 12.500000000000002 32.500000000000007
decision_type=2 2 2 2 2 2 2 2 2 2 2 2 2 2 2 2 2 2 2 2 2 2 2 2 2 2 2 2 2 2 2 2 2 2 2 2 2 2 2
left_child=6 2 8 4 14 -6 7 11 10 -3 13 19 28 -2 -4 16 -13 20 -14 25 22 -22 -9 26 -12 -1 -19 -21 -5 34 31 -31 -32 -25 35 -11 -17 -10 -36
right_child=1 9 3 12 5 -7 -8 17 37 29 24 15 18 -15 -16 36 -18 23 -20 27 21 -23 -24 33 -26 -27 -28 -29 -30 30 32 -33 -34 -35 38 -37 -38 -39 -40
leaf_value=0.13062651092231786 -0.042190697523436647 -0.20789898636706058 -0.14333809793617275 0.042661340713128305 -0.11569508861133312 -0.3041256139158563 -0.38509113638871673 -0.0011993003204122693 -0.17633263733248222 0.23953766405092974 0.089648165246909939 0.041375534365566818 -0.31530983123585682 0.10460734331417519 -0.33997164143845426 0.31319803598534868 0.18149937405687785 0.12614129561853582 -0.027253339163740325 0.14174892524274724 -0.051166372956008926 0.12700609387030959 0.11046037802148295 0.26626588772171755 0.3432475090656239 -0.19546213105564045 -0.0031862280227515577 0.20644305545134384 0.20138438191049116 -0.1227297009513048 0.095503571444368038 0.16073785227437254 0.30566289942093544 0.067715825378016667 0.20239221405316984 0.051685063908345 0.16502554169936123 -0.31504736091815155 0.33136360073608934
leaf_weight=5.5994039475917798 61.19095216691494 7.5317905843257895 22.364961355924606 23.117194503545761 406.88714408874512 66.654951542615891 7.3422541022300711 63.635389640927315 5.3922579884529096 17.240640208125118 8.4256692975759524 156.21954108774662 5.6882701963186255 58.894379660487175 72.353771612048149 10.385782271623613 32.347283497452736 39.172595202922821 62.595656961202621 136.7362617701292 86.525698900222778 20.405736863613129 72.430299296975136 17.082526504993442 13.104877784848211 4.9549820721149445 27.266285121440887 120.96643769741058 17.558533251285553 7.5050721019506437 17.888203591108326 5.7554106861352921 9.7595859020948392 8.1965842694044095 5.7681019902229336 12.19509609043598 10.084630504250525 6.483892098069191 14.321665376424788
leaf_count=24 256 32 95 97 1704 288 31 268 23 73 36 660 24 254 309 46 138 167 266 596 363 87 309 75 57 21 116 529 77 31 76 24 42 35 24 53 44 28 61
internal_value=0 -0.0801202 -0.106897 -0.139723 -0.168185 -0.142555 0.0918412 0.0964233 0.0379143 0.14624 0.0641224 0.129608 0.00881939 0.0299601 -0.294688 0.0842273 0.0658918 0.048961 -0.0536835 0.164715 0.0254352 -0.0166679 0.0584541 0.110743 0.248922 -0.0246533 0.0734941 0.172509 0.113031 0.176862 0.119282 0.00187094 0.174408 0.204827 0.222508 0.164194 0.246709 -0.263124 0.301
internal_weight=0 928.678 830.713 677.22 568.261 473.542 819.352 812.009 153.492 97.9656 141.616 477.294 108.96 120.085 94.7187 209.037 188.567 334.715 68.2839 268.257 242.997 106.931 136.066 91.718 21.5305 10.5544 66.4389 257.703 40.6757 90.4338 40.9083 13.2605 27.6478 25.2791 49.5255 29.4357 20.4704 11.8762 20.0898
internal_count=7439 3930 3514 2860 2396 1992 3509 3478 654 416 603 2058 464 510 404 888 798 1420 290 1170 1027 450 577 393 93 45 283 1125 174 384 173 55 118 110 211 126 90 51 85
is_linear=0
shrinkage=0.3


Tree=3
num_leaves=40
num_cat=0
split_feature=10 10 0 1 10 6 3 10 0 0 10 8 10 4 10 0 3 3 0 4 0 10 1 10 0 0 1 0 10 10 0 8 4 10 1 1 10 10 10
split_gain=737.053 241.572 61.9816 40.4735 40.1832 32.7121 25.3475 17.7034 12.6406 8.64517 7.44393 7.11015 6.20283 6.05251 4.087 5.20806 4.68236 4.95568 3.57848 2.97877 3.0851 2.51652 2.41267 2.31543 2.26498 1.99551 3.41864 2.16885 1.9868 2.68854 1.85773 1.28634 2.506 0.998264 0.93101 0.683453 0.435531 0.348778 1.62873
threshold=410.50000000000006 134.50000000000003 60.500000000000007 -1.0000000180025095e-35 664.50000000000011 1.0000000180025095e-35 10.500000000000002 76.500000000000014 25.500000000000004 60.500000000000007 285.50000000000006 8.5000000000000018 207.50000000000003 1.5000000000000002 477.50000000000006 50.500000000000007 7.5000000000000009 4.5000000000000009 47.500000000000007 1.5000000000000002 53.500000000000007 536.50000000000011 99.500000000000014 309.50000000000006 79.500000000000014 30.500000000000004 94.500000000000014 32.500000000000007 780.50000000000011 743.50000000000011 55.500000000000007 18.500000000000004 1.0000000180025095e-35 1017.5000000000001 236.50000000000003 366.50000000000006 768.50000000000011 753.50000000000011 812.50000000000011
decision_type=2 2 2 2 2 2 2 2 2 2 2 2 2 2 2 2 2 2 2 2 2 2 2 2 2 2 2 2 2 2 2 2 2 2 2 2 2 2 2
left_child=1 7 3 23 14 6 -5 -1 -9 13 -7 12 -4 -10 15 16 17 -2 25 20 -20 -21 33 -3 34 26 -16 -27 29 35 -30 32 -17 37 -13 -24 -31 -6 -39
right_child=4 2 11 5 22 10 -8 8 9 -11 -12 24 -14 -15 18 31 -18 -19 19 21 -22 -23 28 -25 -26 27 -28 -29 30 36 -32 -33 -34 -35 -36 -37 -38 38 -40
leaf_value=0.40642465182038323 -0.12815420670332173 0.39970684497316356 0.17717122225038059 0.035533437248067998 -0.4437262831313728 0.28729538702250257 -0.23646617124655406 -0.079473459565965424 0.27469401567402657 -0.0048592284278101442 0.070180338382779595 -0.20688968498060628 -0.25230358236238459 0.41443315453008706 -0.35218688699135003 -0.069556731003409422 -0.3054091797181025 0.063257834286108511 -0.082389480518261088 -0.19106986474330198 -0.26536390353864914 0.071131254069634553 -0.24028988033528115 0.18897540386832354 -0.12151212213110274 -0.37906915006263919 -0.12182021123051051 -0.25181378508377189 -0.38112743945456312 -0.20737051105829526 -0.27101511302149717 -0.39676292892785808 -0.32355083654460587 -0.49276987850223608 -0.39171015746665089 -0.3590984456785335 -0.083748537483913213 -0.19518871549349229 -0.38718321072216033
leaf_weight=157.92260412871838 37.952694952487946 30.171712964773178 4.8309388607740384 579.04874062538147 13.814977452158926 54.85569366812706 31.995822012424469 8.5484515428543073 177.45952345430851 8.7253603190183622 19.723431691527367 5.0058812052011481 6.3709266036748886 36.275506928563118 7.618021339178088 6.7898013442754763 8.194846108555792 17.374780789017677 13.887817293405531 4.7550035417079917 22.987711980938911 8.0988687425851804 11.529005035758017 7.4440791159868231 4.4901811927556983 17.520168289542198 24.118541210889816 79.546383574604988 140.6317143291235 10.457495614886282 22.926502898335457 6.0453856438398352 7.6192823946475983 23.100160330533981 29.408681258559227 31.037730202078819 4.8714153319597235 7.7654305249452618 17.130106791853905
leaf_count=748 159 140 21 2481 56 241 140 37 802 38 84 23 29 170 31 29 36 73 57 21 100 35 48 33 20 72 106 326 592 44 100 26 33 95 138 132 21 32 70
internal_value=0 0.135497 0.0384264 0.0608568 -0.286947 0.0440743 0.0210818 0.32817 0.273797 0.287542 0.230853 -0.282349 -0.0674805 0.29946 -0.201631 -0.145131 -0.101104 -0.0680117 -0.227656 -0.155967 -0.198778 -0.0298948 -0.365443 0.361479 -0.342332 -0.254517 -0.182404 -0.276881 -0.347666 -0.290825 -0.366697 -0.27535 -0.211131 -0.42534 -0.368671 -0.330554 -0.172535 -0.378474 -0.333058
internal_weight=0 1162.28 773.346 723.239 545.774 685.624 611.045 388.931 231.009 222.46 74.5791 50.1066 11.2019 213.735 262.509 83.9768 63.5223 55.3275 178.533 49.7294 36.8755 12.8539 283.265 37.6158 38.9047 128.803 31.7366 97.0666 221.454 57.8956 163.558 20.4545 14.4091 61.8107 34.4146 42.5667 15.3289 38.7105 24.8955
internal_count=7439 5145 3350 3119 2294 2946 2621 1795 1047 1010 325 231 50 972 1104 356 268 232 748 213 157 56 1190 173 181 535 137 398 937 245 692 88 62 253 161 180 65 158 102
is_linear=0
shrinkage=0.3


Tree=4
num_leaves=40
num_cat=0
split_feature=5 9 0 0 1 3 8 1 4 0 0 8 3 4 3 8 0 0 3 1 8 0 3 8 8 2 3 3 9 1 1 1 1 0 3 3 3 8 9
split_gain=71.6872 31.13 19.8427 20.673 13.6154 11.2041 10.4167 8.96957 8.13765 14.4707 7.52229 5.545 5.54383 5.35627 6.06628 5.11582 4.9543 4.72842 4.43857 4.1014 4.0018 3.93429 3.74753 3.70973 5.4266 4.02703 3.22803 3.04797 3.42916 2.61555 3.44698 3.22377 2.26802 1.95899 3.31639 1.44235 2.49637 1.41151 1.20707
threshold=1.0000000180025095e-35 1.5000000000000002 59.500000000000007 29.500000000000004 300.50000000000006 3.5000000000000004 15.500000000000002 3042.0000000000005 1.5000000000000002 58.500000000000007 33.500000000000007 20.500000000000004 4.5000000000000009 1.0000000180025095e-35 1.5000000000000002 27.500000000000004 26.500000000000004 61.500000000000007 5.5000000000000009 36.500000000000007 13.500000000000002 76.500000000000014 5.5000000000000009 5.5000000000000009 16.500000000000004 1.0000000180025095e-35 1.5000000000000002 9.5000000000000018 1.5000000000000002 1434.5000000000002 424.50000000000006 117.50000000000001 335.50000000000006 60.500000000000007 3.5000000000000004 3.5000000000000004 2.5000000000000004 7.5000000000000009 1.5000000000000002
decision_type=2 2 2 2 2 2 2 2 2 2 2 2 2 2 2 2 2 2 2 2 2 2 2 2 2 2 2 2 2 2 2 2 2 2 2 2 2 2 2
left_child=8 4 3 15 16 23 7 -5 9 13 18 -8 -12 27 -15 19 -2 26 -7 -3 -16 -4 29 25 -25 -6 -18 28 -1 30 31 -10 -24 34 -11 36 -31 -32 -37
right_child=1 2 21 6 5 10 11 -9 22 33 12 -13 -14 14 20 -17 17 -19 -20 -21 -22 -23 32 24 -26 -27 -28 -29 -30 35 37 -33 -34 -35 -36 38 -38 -39 -40
leaf_value=0.046192825086998762 -0.22907988539635124 0.010118748100090122 -0.24720116535553877 0.0094709949573025722 -0.22890341516648799 0.0068588136458151133 0.1421234934392063 -0.18056922124881686 0.19731209707346437 -0.2631737428464031 -0.14092460891175693 0.041281286293578238 0.014670077269397737 -0.083135266323379503 -0.0087851175909002023 0.05761698284948466 -0.079891743353829828 -0.2435061770312337 -0.27433584238921216 -0.23142397453547026 0.087100406182636161 -0.016787079719439053 0.11104744600891843 -0.32865111025522653 -0.18674497583944913 -0.022664619531379496 0.036598181183292312 0.22687137894038223 0.10205527290567272 0.10251765830725555 0.40334131412921553 0.047020063287182189 -0.10474861375122864 -0.37077636300648292 0.045509174500811329 0.22218443745363284 -0.17490194559602748 0.22311308964376497 0.054656672074150973
leaf_weight=185.10837370157242 10.517167910933493 7.401984676718711 34.304950281977654 156.05195225775242 17.289456993341446 6.2749010324478176 80.197822570800781 25.504689991474152 32.398176118731499 7.1500138491392153 33.431842759251595 126.88571541011333 52.068968698382378 39.607902184128761 66.96576914191246 8.1967242956161481 30.736942976713181 7.1865113526582709 24.776813209056854 41.158038824796677 93.484337970614433 8.354629918932913 8.2301242947578448 44.450572684407234 60.963811069726944 16.55915829539299 67.11927156150341 12.090792149305342 216.0041633695364 6.7089368551969546 6.2189112007617977 21.786598518490791 8.1533990651369077 4.7958036214113227 5.0197137147188187 6.7590955942869213 4.2979424893856049 21.357693925499916 9.2958994656801206
leaf_count=849 48 33 170 690 75 28 368 114 165 31 168 590 233 180 301 38 137 36 118 193 429 41 40 198 277 71 304 55 1020 31 29 103 38 23 23 31 20 100 41
internal_value=0 -0.0586968 -0.00885871 0.00996411 -0.124078 -0.162626 0.0347255 -0.0177116 0.0679372 0.0539671 -0.0933013 0.0806203 -0.0467046 0.0616004 0.021226 -0.158235 -0.0383625 -0.0181234 -0.218421 -0.194918 0.047193 -0.2029 0.137687 -0.220023 -0.248042 -0.130074 -0.000244787 0.0810915 0.0763786 0.157727 0.184505 0.138012 0.00374442 -0.214926 -0.139543 0.0746657 -0.00911585 0.27117 0.130432
internal_weight=0 859.432 488.057 445.397 371.375 255.816 388.64 181.557 755.434 630.227 116.553 207.084 85.5008 613.261 200.058 56.7567 115.56 105.043 31.0517 48.56 160.45 42.6596 125.207 139.263 105.414 33.8486 97.8562 413.203 401.113 108.823 81.7614 54.1848 16.3835 16.9655 12.1697 27.0619 11.0069 27.5766 16.055
internal_count=7439 3930 2237 2026 1693 1168 1762 804 3509 2911 547 958 401 2834 910 264 525 477 146 226 730 211 598 621 475 146 441 1924 1869 520 397 268 78 77 54 123 51 129 72
is_linear=0
shrinkage=0.3


Tree=5
num_leaves=40
num_cat=0
split_feature=10 10 5 10 1 10 9 3 5 10 9 10 4 1 1 9 3 10 8 1 1 1 10 9 5 1 9 10 8 8 2 2 8 1 1 8 1 3 8
split_gain=421.659 127.27 83.5799 49.3228 25.9471 19.5417 15.3809 14.8234 12.8596 18.8076 10.1924 8.63201 8.25016 6.35001 6.22386 7.6575 6.15873 3.80467 3.70358 3.34558 3.29443 5.09902 3.09443 3.06271 4.93319 4.50982 3.00674 2.58624 2.90428 2.47611 2.45265 2.68884 2.2941 2.94733 2.28825 2.06671 2.03384 1.87728 3.5724
threshold=351.50000000000006 119.50000000000001 1.0000000180025095e-35 613.50000000000011 61.500000000000007 163.50000000000003 3.5000000000000004 4.5000000000000009 1.0000000180025095e-35 477.50000000000006 1.5000000000000002 76.500000000000014 1.0000000180025095e-35 2655.5000000000005 -32.499999999999993 1.5000000000000002 3.5000000000000004 603.50000000000011 5.5000000000000009 157.50000000000003 1288.0000000000002 1387.5000000000002 954.50000000000011 1.5000000000000002 1.0000000180025095e-35 103.50000000000001 1.5000000000000002 644.50000000000011 3.5000000000000004 17.500000000000004 1.5000000000000002 1.0000000180025095e-35 15.500000000000002 141.50000000000003 6540.0000000000009 18.500000000000004 628.50000000000011 1.5000000000000002 12.500000000000002
decision_type=2 2 2 2 2 2 2 2 2 2 2 2 2 2 2 2 2 2 2 2 2 2 2 2 2 2 2 2 2 2 2 2 2 2 2 2 2 2 2
left_child=1 11 7 8 14 6 -6 10 9 16 13 -1 -7 -3 -4 -16 19 34 -12 -2 22 -22 32 24 -13 -26 36 -23 -29 -24 31 -11 -5 -34 -10 -36 -9 38 -25
right_child=3 2 4 20 5 12 -8 26 17 30 18 23 -14 -15 15 -17 -18 -19 -20 -21 21 27 29 37 25 -27 -28 28 -30 -31 -32 -33 33 -35 35 -37 -38 -39 -40
leaf_value=0.3517169355886548 -0.13324076828608433 0.089249463537796586 0.39196387849212838 -0.31688338270016786 0.012063080722264249 -0.045833744400607189 0.39866886050763473 0.25826146346968243 -0.18550229715829733 -0.12662106647155266 0.049981742660800813 0.27181884932417616 -0.15236805481562976 -0.12162868731791865 -0.040399999917353387 0.19506965688417555 0.16807383269604498 0.092768955256227817 0.21739827207430568 0.041338726271200658 0.014658272562092685 -0.074194490474727592 -0.30117139839712082 0.01395985808259065 0.32011001396255939 0.038471234859547843 0.31875842621474887 -0.032723867823747407 -0.28063825780045537 -0.42204036709744863 -0.0033642812107721278 -0.26088201586583104 -0.30342551681307323 -0.16992393657605073 0.095687402767684365 -0.17394324721879501 0.11960693204126122 0.30680708318264271 0.26864442250516352
leaf_weight=127.9658488035202 13.195390716195105 81.328922972083092 7.5481891483068457 58.316025987267494 65.493638798594475 117.80455623567104 10.219351202249525 26.698274075984955 147.42737163603306 37.530260264873505 14.280611112713812 30.351247392594814 148.5083099603653 14.725490689277647 19.653207242488861 32.464077338576317 27.974010363221169 4.5338530689477912 85.002094939351082 34.400171399116516 6.9465704783797255 7.3952375054359427 49.529477648437023 6.9248297363519695 5.9680541753768948 24.431879192590714 54.455398611724377 4.6747509837150565 76.088116504251957 32.996924966573715 8.1170724034309369 22.675314545631409 27.965114921331406 38.798985525965691 5.0366125553846341 4.1483407616615295 17.240240037441254 65.707337625324726 17.466013193130493
leaf_count=748 56 372 39 255 290 527 48 135 676 153 63 163 673 64 87 151 122 21 402 145 33 34 227 34 30 108 270 24 370 147 33 94 118 171 26 19 77 342 92
internal_value=0 0.122325 0.0535677 -0.195972 -0.035372 -0.0672527 0.0668584 0.175028 -0.110519 -0.0450654 0.126566 0.293355 -0.105443 0.0563893 0.146278 0.106803 0.0579083 -0.168596 0.193744 -0.00807505 -0.28171 -0.231685 -0.303923 0.242698 0.186919 0.0986811 0.269944 -0.251065 -0.266621 -0.352087 -0.158494 -0.179179 -0.270679 -0.227958 -0.176474 -0.0291652 0.206107 0.278884 0.198325
internal_weight=0 974.238 695.422 607.75 401.691 342.026 75.713 293.731 305.038 143.892 195.337 278.815 266.313 96.0544 59.6655 52.1173 75.5696 161.146 99.2827 47.5956 302.711 95.1047 207.607 150.849 60.7512 30.3999 98.3939 88.1581 80.7629 82.5264 68.3226 60.2056 125.08 66.7641 156.612 9.18495 43.9385 90.0982 24.3908
internal_count=7439 4715 3198 2724 1815 1538 338 1383 1345 603 901 1517 1200 436 277 238 323 742 465 201 1379 461 918 769 301 138 482 428 394 374 280 247 544 289 721 45 212 468 126
is_linear=0
shrinkage=0.3


Tree=6
num_leaves=39
num_cat=0
split_feature=7 7 7 5 7 7 1 0 0 7 0 7 7 0 9 1 0 6 5 0 3 7 1 3 1 0 0 1 1 7 7 3 1 3 1 1 3 1
split_gain=58.1529 27.5516 27.7548 20.4004 24.0651 19.5683 12.7082 11.9527 12.5483 9.69568 8.05988 6.91088 6.90833 6.62322 5.82547 6.05298 5.8332 5.39843 8.40228 5.28157 5.06202 4.46928 3.61314 3.52067 3.4944 3.27039 3.24384 3.16262 3.00491 2.81073 2.221 2.11968 2.09369 1.66955 2.82592 1.1673 1.28859 1.13885
threshold=3.5000000000000004 4.5000000000000009 8.5000000000000018 1.0000000180025095e-35 9.5000000000000018 10.500000000000002 891.50000000000011 29.500000000000004 61.500000000000007 5.5000000000000009 25.500000000000004 6.5000000000000009 2.5000000000000004 59.500000000000007 6.5000000000000009 794.50000000000011 37.500000000000007 1.0000000180025095e-35 1.0000000180025095e-35 60.500000000000007 1.0000000180025095e-35 2.5000000000000004 481.50000000000006 1.0000000180025095e-35 152.50000000000003 71.500000000000014 36.500000000000007 1515.5000000000002 757.50000000000011 1.0000000180025095e-35 10.500000000000002 4.5000000000000009 378.50000000000006 4.5000000000000009 1.0000000180025095e-35 921.50000000000011 3.5000000000000004 522.50000000000011
decision_type=2 2 2 2 2 2 2 2 2 2 2 2 2 2 2 2 2 2 2 2 2 2 2 2 2 2 2 2 2 2 2 2 2 2 2 2 2 2
left_child=7 13 6 4 -4 -6 10 12 14 23 -3 -11 17 20 15 16 -9 18 29 -12 -2 -17 30 -8 -20 -10 37 -15 -24 -1 -5 -28 -14 34 -19 -22 -37 -16
right_child=1 2 3 22 5 -7 9 8 25 11 19 -13 32 27 26 21 -18 33 24 -21 35 -23 28 -25 -26 -27 31 -29 -30 -31 -32 -33 -34 -35 -36 36 -38 -39
leaf_value=0.065050594525961597 -0.087676989162092003 -0.28931111964882505 -0.50007303884945364 -0.33544270605020138 0.078050473268409609 -0.35381813118458616 -0.16279181838118975 0.041734423438265333 -0.28900543922483596 -0.38781466693129357 0.08221875233329827 -0.10596943806696811 -0.091542248740718424 0.12234670782497814 0.011224994101426274 0.046452477327015823 0.11229101328367204 -0.025966272146069204 0.010382744937834929 -0.16439868704439634 -0.44684839301063617 -0.04186881423089784 -0.053928878707884806 0.038948860308518768 -0.22009552759675499 -0.014699851458287295 0.27273302246063885 -0.21638402823643263 -0.20785327157843267 -0.064444343348303651 -0.15558965180644369 0.10907655770034767 -0.37564303270803073 0.00013546892713402572 0.28300632567074829 -0.3751438357174795 -0.17806004600807965 0.16245493128387506
leaf_weight=41.254816755652428 6.6099787503480902 5.2519973218441001 8.2661674469709379 30.330211862921715 70.773332826793194 10.309366978704928 8.3256142139434797 185.57866958528757 10.546416506171228 8.6476462557911855 156.93560349941254 58.699487634003162 4.3744695484638196 4.4764547422528249 13.444153390824797 220.20629751682281 246.87555988132954 3.6483302637934711 7.6314919888973227 7.6995658427476874 17.866231247782707 66.785607784986496 14.476802498102186 61.713926933705807 25.076840527355671 6.133276365697383 21.953364782035351 4.3401374518871307 63.675591759383678 23.047317303717136 9.6851407289504987 12.121822640299795 5.9540948867797852 5.9264970049262038 8.4670696407556516 9.4466895461082476 6.901619888842105 6.2193313315510741
leaf_count=210 30 28 35 149 325 46 40 945 60 44 752 281 21 26 76 1073 1304 19 37 43 79 317 74 305 133 33 129 27 343 116 49 71 31 31 43 43 33 38
internal_value=0 -0.0747214 -0.0539633 -0.138563 -0.0300679 0.0210338 0.00332301 0.0476634 0.0613186 -0.0643732 0.058101 -0.145138 -0.0382481 -0.286902 0.066922 0.059708 0.0821088 -0.0165334 -0.0446991 0.0701527 -0.337239 0.0258567 -0.220055 0.0138369 -0.167071 -0.191994 0.161846 -0.0474409 -0.179943 0.0184768 -0.294734 0.217292 -0.266497 0.131613 0.193006 -0.383205 -0.300825 0.0623159
internal_weight=0 564.432 514.79 207.517 89.3489 81.0827 307.274 915.245 789.864 137.387 169.887 67.3471 125.381 49.6411 773.185 719.446 432.454 115.052 97.0105 164.635 40.8245 286.992 118.168 70.0395 32.7083 16.6797 53.7387 8.81659 78.1524 64.3021 40.0154 34.0752 10.3286 18.0419 12.1154 34.2145 16.3483 19.6635
internal_count=7439 2752 2514 1021 406 371 1493 4687 4046 670 823 325 641 238 3953 3639 2249 589 496 795 185 1390 615 345 170 93 314 53 417 326 198 200 52 93 62 155 76 114
is_linear=0
shrinkage=0.3


Tree=7
num_leaves=40
num_cat=0
split_feature=10 10 10 5 9 10 1 10 3 6 3 3 1 3 10 9 1 1 1 9 3 1 1 1 10 1 9 10 1 9 6 1 3 4 1 1 4 10 1
split_gain=255.724 61.2056 51.7006 32.7122 18.4739 9.25675 8.39836 8.00274 7.62822 7.17669 7.13226 13.7646 6.14679 6.39491 5.85847 5.29749 5.26123 5.23463 5.21689 4.20174 5.35115 3.87963 5.78092 3.50809 3.24035 3.25643 3.69152 2.98853 2.76906 2.38056 2.40654 2.2282 2.18355 2.04377 1.88629 1.67858 2.62801 2.48236 1.5644
threshold=285.50000000000006 113.50000000000001 613.50000000000011 1.0000000180025095e-35 1.5000000000000002 201.50000000000003 742.50000000000011 447.50000000000006 4.5000000000000009 1.0000000180025095e-35 4.5000000000000009 5.5000000000000009 66.500000000000014 1.5000000000000002 76.500000000000014 3.5000000000000004 424.50000000000006 2891.5000000000005 655.50000000000011 3.5000000000000004 6.5000000000000009 2264.0000000000005 1338.5000000000002 1635.0000000000002 788.50000000000011 974.50000000000011 2.5000000000000004 157.50000000000003 265.50000000000006 3.5000000000000004 1.0000000180025095e-35 3385.5000000000005 2.5000000000000004 1.5000000000000002 1369.5000000000002 618.50000000000011 1.0000000180025095e-35 251.50000000000003 236.50000000000003
decision_type=2 2 2 2 2 2 2 2 2 2 2 2 2 2 2 2 2 2 2 2 2 2 2 2 2 2 2 2 2 2 2 2 2 2 2 2 2 2 2
left_child=1 14 7 8 12 15 -7 10 18 19 21 23 -5 -14 -1 -6 32 -13 28 20 -9 22 -2 -12 25 -4 34 -20 -3 30 33 -23 -11 -16 -27 37 -37 -10 -26
right_child=2 3 24 4 5 6 -8 9 35 16 11 17 13 -15 29 -17 -18 -19 27 -21 -22 31 -24 -25 38 26 -28 -29 -30 -31 -32 -33 -34 -35 -36 36 -38 -39 -40
leaf_value=0.31154527205855698 -0.067154108376470026 0.12694062296477385 -0.22604973565723296 0.080142814498226397 0.093829626186920159 0.091407030700040762 -0.11449792510335309 -0.14520279009208753 0.31021769710612035 0.025126037452189227 0.11573307766377199 -0.13361219705463057 -0.20802379506028182 -0.056313668572944842 0.13755766450248097 0.2626775706284093 0.2084630563573063 0.12988705448464463 0.14815445972848226 -0.26780383687018233 0.042855764073970321 -0.24383055241868995 0.10286508777494277 0.33025245975667511 -0.30918440559787647 0.114152149526578 -0.26238418919223999 0.017475553738439755 0.248809606871296 0.29811648489383302 0.30625940720386507 -0.087910563488731566 -0.23309519550336846 0.27165126470031664 -0.088880995233979895 0.10034206991904215 0.27833929698400878 0.11567060340100618 -0.23718751633693777
leaf_weight=99.739762827754021 125.96753025054932 55.320771738886833 75.047776319086552 19.850199624896049 69.041821964085102 36.185094445943832 34.044417820870876 99.351234525442123 33.467129856348038 6.436606243252756 30.093025140464306 32.23693860322237 33.967385247349739 93.190010406076908 64.036657489836216 22.083719968795776 9.1863109022378904 8.0617918670177442 21.975873999297619 20.446168564260006 15.502807341516016 14.202121824026106 20.45802516490221 8.852643243968485 48.534780323505402 4.5146060362458256 10.220920100808142 52.85156811773777 25.656205490231514 22.469976305961609 12.644687809050081 21.162809684872627 4.7109277695417404 12.769027046859263 22.083007857203484 19.452937424182892 12.769992522895334 8.2788067087531072 116.55886922031641
leaf_count=748 573 301 343 97 327 169 163 469 217 27 147 161 159 454 345 119 38 39 111 90 77 72 99 40 235 22 50 239 134 148 81 103 20 81 120 97 69 46 609
internal_value=0 0.121196 -0.13144 0.0673038 0.00340339 0.0733677 -0.00852666 -0.0645164 0.152837 -0.118247 -0.0322915 0.0426048 -0.0733759 -0.0975943 0.25766 0.13614 0.0468177 -0.0798126 0.114445 -0.143147 -0.119732 -0.064971 -0.04309 0.168593 -0.23178 -0.189967 -0.114073 0.056692 0.167036 0.208291 0.183966 -0.153427 -0.0900825 0.161705 -0.0527313 0.232197 0.174528 0.273733 -0.259354
internal_weight=0 749.796 693.629 538.136 308.363 161.355 70.2295 416.669 229.773 155.634 261.035 79.2444 147.008 127.157 211.66 91.1255 20.3338 40.2987 155.804 135.3 114.854 181.79 146.426 38.9457 276.96 111.866 36.8185 74.8274 80.977 111.92 89.4504 35.3649 11.1475 76.8057 26.5976 73.9689 32.2229 41.7459 165.094
internal_count=7439 4105 3334 2702 1488 778 332 1955 1214 721 1234 387 710 613 1403 446 85 200 785 636 546 847 672 187 1379 535 192 350 435 655 507 175 47 426 142 429 166 263 844
is_linear=0
shrinkage=0.3


Tree=8
num_leaves=40
num_cat=0
split_feature=7 8 8 8 7 7 7 8 7 8 7 8 0 8 0 0 7 2 4 1 7 7 8 4 4 7 3 8 7 4 8 7 8 8 3 9 4 9 4
split_gain=32.7065 30.3806 17.5698 48.7004 32.7579 50.6364 26.3127 24.5242 17.9148 16.6273 16.2259 10.7047 8.96583 7.89103 7.69475 7.59126 7.13569 6.92209 5.19906 4.84098 4.82635 4.67504 4.32325 4.31882 4.24172 4.20177 3.9154 3.5771 3.54829 3.07981 3.01944 3.16397 2.96318 2.87165 2.82173 1.95279 1.71286 1.45294 1.40532
threshold=3.5000000000000004 4.5000000000000009 7.5000000000000009 14.500000000000002 7.5000000000000009 4.5000000000000009 8.5000000000000018 20.500000000000004 7.5000000000000009 16.500000000000004 8.5000000000000018 19.500000000000004 25.500000000000004 17.500000000000004 59.500000000000007 74.500000000000014 9.5000000000000018 1.0000000180025095e-35 1.0000000180025095e-35 4.5000000000000009 4.5000000000000009 9.5000000000000018 21.500000000000004 1.5000000000000002 1.0000000180025095e-35 10.500000000000002 3.5000000000000004 2.5000000000000004 1.0000000180025095e-35 1.5000000000000002 3.5000000000000004 1.5000000000000002 4.5000000000000009 2.5000000000000004 1.5000000000000002 2.5000000000000004 1.0000000180025095e-35 2.5000000000000004 1.0000000180025095e-35
decision_type=2 2 2 2 2 2 2 2 2 2 2 2 2 2 2 2 2 2 2 2 2 2 2 2 2 2 2 2 2 2 2 2 2 2 2 2 2 2 2
left_child=1 19 8 15 5 11 -6 -8 33 -7 24 -5 13 28 17 16 20 23 -19 36 -4 38 26 -14 32 -23 -16 37 -3 -26 31 -29 -10 -2 -32 -18 -1 -21 -12
right_child=2 12 3 4 6 9 7 -9 10 -11 21 -13 14 -15 22 -17 35 18 -20 27 -22 25 -24 -25 29 -27 -28 30 -30 -31 34 -33 -34 -35 -36 -37 -38 -39 -40
leaf_value=-0.064953448842292955 -0.029552334179946137 0.19506897481480379 -0.11914935921852626 0.046835030533367704 -0.4770430072954811 -0.30055736009557554 0.047881545328389404 -0.22936578531804319 0.18471731458042515 0.15443485472365417 -0.10035161491348775 -0.36472222400700532 0.077068955737910824 -0.27252593388529184 -0.23489068118599418 0.07589776867189843 -0.1211555776591743 0.072125119900924017 -0.0073154853422197257 -0.29586550982005394 -0.38469362789891992 0.099309815019431952 -0.29269640315700479 0.15291695908483258 0.040605188468518155 -0.12782945219126135 0.053656719721432315 0.063981982562126075 -0.090584082146032752 0.25408689375095417 -0.31796408456301961 -0.22494494998293216 0.38471917998579791 -0.32651308223219988 -0.10798249506487105 -0.32486702948574575 0.17982299155102185 -0.090539005592989164 -0.35129936811792989
leaf_weight=4.6692385300993902 4.0520872995257369 6.6775408983230609 7.6766119673848143 7.0789225548505774 17.765516951680183 7.1069012507796279 57.871471274644136 56.099820144474506 22.19616412371397 137.02814902365208 4.2126918435096723 26.049108229577541 323.96969661861658 13.251434382051228 5.1629267707467141 5.0092242881655684 22.699938982725147 149.57997224479914 146.28016655892134 19.5251758992672 53.979640245437622 15.414991103112698 6.6457670256495467 86.141343038529158 22.978258445858959 12.958730317652225 15.601518481969832 12.423807293176653 7.9819239974021912 7.8443447574973098 8.1618250235915202 4.051177740097045 10.813018843531607 11.313083924353121 20.142429821193218 5.1636418774723998 4.6025682911276817 4.4329304173588744 4.8124892488121986
leaf_count=26 19 38 42 37 90 38 307 313 109 741 21 136 1813 72 28 32 125 832 797 96 280 77 39 539 110 70 91 60 46 41 39 19 53 56 104 29 26 22 26
internal_value=0 0.0372342 -0.0584627 -0.0880741 -0.0302364 0.053924 -0.143224 -0.0890539 0.0439492 0.130895 0.0900543 -0.277481 0.05553 -0.109825 0.0619042 -0.275809 -0.295849 0.0679764 0.0329099 -0.140414 -0.353039 -0.066237 -0.0926719 0.0931923 0.181399 -0.00490713 -0.0224873 -0.167715 0.0419869 0.0985968 -0.115187 -0.0122582 0.255702 -0.252092 -0.173661 -0.164716 0.0599621 -0.260889 -0.247199
internal_weight=0 839.301 520.125 403.529 309 177.263 131.737 113.971 116.596 144.135 101.231 33.128 761.292 27.9109 733.381 94.5291 89.5198 705.971 295.86 78.0092 61.6563 37.3989 27.4102 410.111 63.8318 28.3737 20.7644 68.7373 14.6595 30.8226 44.7792 16.475 33.0092 15.3652 28.3043 27.8636 9.27181 23.9581 9.02518
internal_count=7439 4687 2752 2170 1662 952 710 620 582 779 507 173 4295 156 4139 508 476 3981 1629 392 322 194 158 2352 313 147 119 340 84 151 222 79 162 75 143 154 52 118 47
is_linear=0
shrinkage=0.3


Tree=9
num_leaves=40
num_cat=0
split_feature=10 7 10 10 10 1 7 7 10 10 7 9 10 7 7 2 0 4 1 7 7 0 3 9 3 2 3 7 0 3 3 7 0 10 2 1 1 1 1
split_gain=160.386 65.6943 50.4529 21.7247 15.7129 11.8067 9.97797 21.0534 7.47601 6.02823 5.97713 7.67352 5.87347 5.86564 5.76451 5.53452 5.32877 7.2939 4.59215 4.50037 3.35078 3.26239 3.79962 3.9835 3.09868 2.89152 2.87901 2.69237 2.82339 3.48069 2.25197 1.97492 3.0728 1.8768 2.89321 1.84352 2.66054 1.77732 1.6731
threshold=410.50000000000006 3.5000000000000004 165.50000000000003 62.500000000000007 664.50000000000011 465.50000000000006 7.5000000000000009 4.5000000000000009 140.50000000000003 257.50000000000006 1.0000000180025095e-35 1.5000000000000002 365.50000000000006 6.5000000000000009 9.5000000000000018 1.5000000000000002 31.500000000000004 1.0000000180025095e-35 8765.0000000000018 10.500000000000002 1.0000000180025095e-35 34.500000000000007 1.5000000000000002 3.5000000000000004 1.0000000180025095e-35 1.0000000180025095e-35 7.5000000000000009 7.5000000000000009 36.500000000000007 3.5000000000000004 5.5000000000000009 2.5000000000000004 51.500000000000007 866.50000000000011 1.0000000180025095e-35 390.50000000000006 440.50000000000006 424.50000000000006 553.50000000000011
decision_type=2 2 2 2 2 2 2 2 2 2 2 2 2 2 2 2 2 2 2 2 2 2 2 2 2 2 2 2 2 2 2 2 2 2 2 2 2 2 2
left_child=1 2 21 -3 13 9 7 24 -9 20 12 -12 -7 18 25 -11 17 -8 31 -18 -4 22 23 -1 -5 26 38 -15 37 -30 -24 32 -2 -16 -35 -27 -37 -29 -6
right_child=4 3 5 6 14 10 16 8 -10 15 11 -13 -14 27 33 -17 19 -19 -20 -21 -22 -23 30 -25 -26 35 -28 28 29 -31 -32 -33 -34 34 -36 36 -38 -39 -40
leaf_value=0.026074682228192644 -0.12261513154820484 0.30284795303707723 0.27282013527849236 0.020995677442353117 -0.15444869078469586 0.13281938064188245 0.11204886038410303 0.20764495957122847 0.033317925248341151 0.041648690822827135 -0.12325470251194563 0.034758395942464888 -0.16231369274697177 0.18437490247995661 0.048757335631853631 0.30187835078125874 -0.089155420685322617 -0.11275384748579682 0.13619581433800454 -0.2311979187078449 0.13527241214373686 0.28543695490107657 0.28699677940872736 0.31619300756040114 -0.23239449330741019 -0.31679733077080502 0.0016843268531450488 -0.21230990409205178 -0.062945259082544239 0.18623420848752173 0.12188358087083982 -0.17257129891301531 0.0063524185427008681 -0.25429982616462016 0.02813516090059057 0.072512980310186284 -0.23512658939599657 -0.021385160318682612 -0.23573177930008476
leaf_weight=17.723935745656494 104.78326131403446 16.802183274179697 27.740185886621475 5.0427415892481795 47.709467619657516 46.073784574866295 25.463362470269203 29.697024688124657 83.532882273197174 69.76331427693367 44.522732309997082 71.064933456480503 6.4791543185710898 6.0406773909926406 8.8356828428804892 7.6899491325020781 126.4250149987638 25.344986267387867 5.8702615797519675 23.776979997754097 42.258505329489708 135.56689582765102 35.34171961247921 5.0833423584699622 27.15576808899641 38.250691972672939 6.790644906461238 7.6180827170610455 10.26845469325781 8.9560326114296895 10.968387134373186 53.535596527159214 19.677446216344833 6.6685672365128976 5.7525327205657959 2.43240863084793 43.551619753241539 9.7612541913986188 56.925904493778944
leaf_count=114 469 145 190 25 229 242 129 193 415 355 208 326 31 30 54 35 646 136 27 128 230 1074 260 45 151 210 34 43 57 54 67 271 90 40 38 13 264 63 308
internal_value=0 0.0733342 0.141629 -0.0245553 -0.147658 0.0661874 -0.0409101 0.0189147 0.0798577 0.127976 0.01175 -0.026415 0.0950692 -0.092028 -0.205352 0.0695211 -0.084123 -9.74939e-05 -0.115213 -0.112437 0.191562 0.257437 0.200616 0.0969264 -0.193038 -0.221454 -0.187498 0.00813833 -0.023349 0.0551775 0.249866 -0.123916 -0.10229 -0.0552047 -0.128042 -0.264795 -0.218158 -0.109197 -0.199717
internal_weight=0 883.518 520.277 363.241 443.429 315.593 346.439 145.428 113.23 147.452 168.141 115.588 52.5529 226.511 216.918 77.4533 201.01 50.8083 183.867 150.202 69.9987 204.684 69.1174 22.8073 32.1985 195.661 111.426 42.6445 36.6038 19.2245 46.3101 177.996 124.461 21.2568 12.4211 84.2347 45.984 17.3793 104.635
internal_count=7439 5145 3177 1968 2294 1617 1823 784 608 810 807 534 273 1104 1190 390 1039 265 857 774 420 1560 486 159 176 1058 571 247 217 111 327 830 559 132 78 487 277 106 537
is_linear=0
shrinkage=0.3


Tree=10
num_leaves=40
num_cat=0
split_feature=10 10 5 7 7 0 7 7 4 4 1 10 7 10 9 7 1 10 0 10 10 0 0 7 1 7 2 1 1 0 7 5 4 4 1 10 0 0 0
split_gain=114.853 33.3092 23.3274 22.3454 13.1037 10.7588 8.0732 11.1423 7.37201 12.765 8.2063 6.90333 8.15447 6.65573 5.85052 7.39282 5.69226 6.17794 4.41476 4.73436 5.15625 4.34857 3.96682 2.61806 2.36922 2.77386 2.6271 2.32749 2.28259 2.18504 2.14293 1.9234 3.81602 1.84902 1.60855 1.59328 1.12633 1.06582 0.928783
threshold=177.50000000000003 442.50000000000006 1.0000000180025095e-35 3.5000000000000004 10.500000000000002 59.500000000000007 1.0000000180025095e-35 4.5000000000000009 1.5000000000000002 2.5000000000000004 10963.500000000002 923.50000000000011 6.5000000000000009 62.500000000000007 3.5000000000000004 1.0000000180025095e-35 1781.5000000000002 147.50000000000003 71.500000000000014 165.50000000000003 143.50000000000003 30.500000000000004 43.500000000000007 10.500000000000002 -105.49999999999999 2.5000000000000004 1.0000000180025095e-35 -1.0000000180025095e-35 2032.5000000000002 50.500000000000007 1.5000000000000002 1.0000000180025095e-35 1.0000000180025095e-35 2.5000000000000004 350.50000000000006 215.50000000000003 29.500000000000004 69.500000000000014 57.500000000000007
decision_type=2 2 2 2 2 2 2 2 2 2 2 2 2 2 2 2 2 2 2 2 2 2 2 2 2 2 2 2 2 2 2 2 2 2 2 2 2 2 2
left_child=3 2 4 14 6 8 21 -8 10 -10 -4 12 24 36 15 33 17 -17 19 20 -15 -2 -21 29 26 -26 -3 -13 35 -14 -18 34 -33 -1 -29 -7 -5 -30 -38
right_child=1 11 5 13 -6 28 7 -9 9 -11 -12 27 23 18 -16 16 30 -19 -20 22 -22 -23 -24 -25 25 -27 -28 31 37 -31 -32 32 -34 -35 -36 -37 38 -39 -40
leaf_value=0.28472124446798402 0.025819827761781516 -0.10953377411723686 -0.063367659096782381 0.02068620055374059 -0.32780908857664398 -0.099461713424478862 -0.061392329118079757 0.11616688122906232 0.22088633651623729 -0.15241601727507087 0.34400794829022219 -0.35607744219424192 -0.0039004754363109284 0.042235735872816919 0.31094182124454428 0.15302137651697453 0.13852225511928445 -0.028786897472476394 0.29074921799380743 0.28006842220539863 -0.10602709080787756 0.19420534624413249 -0.039136363225579424 -0.19527772262488033 -0.090042021702718605 -0.16394973533004883 -0.38494533358483729 -0.29373752563123118 -0.1768993836457497 0.14540168707744863 0.33989675804831321 0.0080599549762830451 -0.19667175267647877 -0.0013673391540472023 -0.17220274994891052 -0.31337842540404764 0.32245698814293483 0.010677744684145245 0.062067199879616869
leaf_weight=53.302802719175816 17.783057682216167 7.3097243309020978 238.08061535656452 1.704113334417342 6.5985383987426749 4.6310114413499859 56.633908532559872 71.19154055416584 22.833534933626652 12.229573190212248 3.9708161428570738 7.0444777533411971 36.659134961664677 82.346610307693481 45.320329990237951 52.39693620428443 8.9550637155771255 24.412448398768902 5.4050748273730269 10.413980625569819 27.747112352401018 64.258264947682619 4.9559201374649993 4.4659576267004004 156.37629522010684 66.581379216164351 5.874530628323555 15.771711699664591 5.6302051283419114 11.030663944780825 13.83670661598444 13.562174580991266 19.956916138529778 2.1072472259402266 38.291224367916584 17.515350230038166 9.9867164902389032 4.7517981454730034 1.7514727264642704
leaf_count=490 96 31 1188 12 35 28 285 329 114 66 20 43 206 461 504 415 54 124 30 55 139 413 25 37 769 373 30 90 43 71 83 104 151 23 211 121 114 38 10
internal_value=0 -0.0528726 -0.00385425 0.150368 0.0715907 -0.0566313 0.0850104 0.0375755 -0.0372362 0.0903245 -0.0558848 -0.120113 -0.0966905 0.0600251 0.215089 0.186018 0.135814 0.0954526 0.0387954 0.0266633 0.00451183 0.158141 0.179445 0.0105791 -0.120351 -0.112478 -0.243215 -0.19046 -0.218343 0.0319548 0.266134 -0.174902 -0.115097 0.273939 -0.210378 -0.272298 0.256633 -0.0949936 0.28832
internal_weight=0 909.032 526.108 344.643 216.465 309.643 209.867 127.825 277.115 35.0631 242.051 382.924 288.298 144.311 200.332 155.011 99.6012 76.8094 130.869 125.464 110.094 82.0413 15.3699 52.1558 236.142 222.958 13.1843 94.6265 32.5284 47.6898 22.7918 87.582 33.5191 55.41 54.0629 22.1464 13.4423 10.382 11.7382
internal_count=7431 4892 2776 2539 1158 1618 1123 614 1388 180 1208 2116 1517 846 1693 1189 676 539 710 680 600 509 80 314 1203 1142 61 599 230 277 137 556 255 513 301 149 136 81 124
is_linear=0
shrinkage=0.3


Tree=11
num_leaves=25
num_cat=0
split_feature=7 0 8 8 7 7 5 0 7 8 8 7 7 8 1 7 0 8 1 8 9 0 1 1
split_gain=6.6038 5.62742 5.80957 17.347 14.4634 16.8071 10.8349 9.40211 8.82908 12.4371 10.2578 14.1852 14.0792 4.99356 3.83905 3.4496 3.17708 2.73572 2.5981 2.42887 2.32232 1.92636 1.76598 0.131955
threshold=10.500000000000002 22.500000000000004 15.500000000000002 21.500000000000004 7.5000000000000009 6.5000000000000009 1.0000000180025095e-35 29.500000000000004 1.0000000180025095e-35 4.5000000000000009 9.5000000000000018 4.5000000000000009 7.5000000000000009 11.500000000000002 2345.5000000000005 2.5000000000000004 45.500000000000007 5.5000000000000009 2345.5000000000005 18.500000000000004 1.5000000000000002 68.500000000000014 833.50000000000011 606.50000000000011
decision_type=2 2 2 2 2 2 2 2 2 2 2 2 2 2 2 2 2 2 2 2 2 2 2 2
left_child=1 15 8 7 5 -5 -6 19 9 18 12 -12 -10 -11 -9 -1 17 -2 -3 -4 22 -18 -19 -22
right_child=16 2 3 4 6 -7 -8 14 10 13 11 -13 -14 -15 -16 -17 21 20 -20 -21 23 -23 -24 -25
leaf_value=-0.0068436814504674523 0.11309004345780167 -0.32874793644778594 -0.15031685839188474 -0.025817016705909263 -0.37541260604451582 0.20495238153994255 -0.069551427576043767 0.07845707538486954 -0.051175906210527457 0.12666436758047636 -0.02936431619044523 -0.2213339472707386 0.09022662752016597 0.017832136971156005 0.16335403850390712 -0.3257184488709608 -0.31424744982806613 0.10110917366224582 -0.02711107184028912 0.036801359230728768 -0.15261377766135167 -0.012191041109903029 -0.14145245374516294 -0.28739544721297045
leaf_weight=5.2720389440655691 5.7178291901946094 8.2548563852906209 17.369643643498424 193.03856865689158 15.457437448203562 32.713018745183945 30.7929522767663 193.25297378376126 174.70916767790914 73.241107493638992 98.3104058355093 53.097873151302338 98.685258440673351 78.531016737222672 64.529449854046106 6.7630069926381111 8.814994238317011 5.0615783706307429 3.7806846722960463 9.2801393829286081 4.1059193387627593 2.4420797750353804 4.6207011453807354 3.7729456871747971
leaf_count=28 35 45 98 1342 73 185 210 1223 997 521 595 301 529 534 388 45 64 31 21 63 21 24 34 24
internal_value=0 0.00660164 0.00879235 0.0307552 -0.0233938 0.00805914 -0.175131 0.0824806 -0.0119797 0.0470823 -0.0347874 -0.0972698 -5.25354e-05 0.0706316 0.100025 -0.192719 -0.125462 -0.0594218 -0.239556 -0.0857568 -0.117397 -0.252499 -0.0160904 -0.232323
internal_weight=0 1157.08 1145.04 556.434 272.002 225.752 46.2504 284.432 588.61 163.808 424.803 151.408 273.394 151.772 257.782 12.035 34.536 23.279 12.0355 26.6498 17.5611 11.2571 9.68228 7.87887
internal_count=7431 7198 7125 3582 1810 1527 283 1772 3543 1121 2422 896 1526 1055 1611 73 233 145 66 161 110 88 65 45
is_linear=0
shrinkage=0.3


Tree=12
num_leaves=38
num_cat=0
split_feature=4 4 7 7 8 7 8 8 8 1 1 7 7 7 3 1 1 8 1 1 4 8 8 1 1 1 3 7 7 7 8 8 3 1 8 8 8
split_gain=8.09691 6.75136 7.13388 5.96177 5.4013 10.7048 7.64402 5.11097 11.1764 4.9154 4.3647 4.19989 9.2042 7.32262 4.18124 4.04238 6.57079 3.99383 2.97479 3.17503 3.73275 3.1846 3.48625 3.02654 2.61562 2.51224 2.42171 2.24935 6.72193 3.1349 2.08744 1.98313 1.29818 1.01241 0.875363 1.55591 0.149676
threshold=1.5000000000000002 1.0000000180025095e-35 5.5000000000000009 6.5000000000000009 28.500000000000004 8.5000000000000018 22.500000000000004 27.500000000000004 24.500000000000004 6799.0000000000009 -1.0000000180025095e-35 9.5000000000000018 8.5000000000000018 10.500000000000002 1.0000000180025095e-35 2032.5000000000002 146.50000000000003 10.500000000000002 2.5000000000000004 3656.0000000000005 2.5000000000000004 9.5000000000000018 14.500000000000002 -1.0000000180025095e-35 162.50000000000003 1926.5000000000002 7.5000000000000009 6.5000000000000009 3.5000000000000004 9.5000000000000018 16.500000000000004 13.500000000000002 4.5000000000000009 -378.49999999999994 14.500000000000002 18.500000000000004 8.5000000000000018
decision_type=2 2 2 2 2 2 2 2 2 2 2 2 2 2 2 2 2 2 2 2 2 2 2 2 2 2 2 2 2 2 2 2 2 2 2 2 2
left_child=1 7 10 -4 6 -6 -5 8 11 18 33 12 -1 -13 24 16 -10 -16 23 21 30 25 -23 34 -12 -20 27 28 -9 -29 -21 -25 -11 -3 36 -36 -2
right_child=9 2 3 4 5 -7 -8 26 15 32 14 13 -14 -15 17 -17 -18 -19 19 20 -22 22 -24 31 -26 -27 -28 29 -30 -31 -32 -33 -34 -35 35 -37 -38
leaf_value=0.0099864886275946013 0.062404455610555659 0.061184166447301222 -0.45167268238017982 -0.07910138319632308 0.37886942531257256 -0.10181744233446478 -0.31392402653272561 0.10334937477146693 -0.0080882018106924972 -0.012225045672208036 -0.38426669398957897 0.14757099145268371 -0.25964492165135428 -0.11729955641250883 -0.068156304586999797 0.079749677871066252 -0.31567229769719102 0.011109830320308536 0.13758575323262365 0.34724702922784584 -0.083324678523895621 -0.08047094837742727 0.044103007984234666 0.12238427112963834 -0.083953484191237215 -0.061836422521772176 -0.10567660272343916 0.25864367173423147 -0.29627907953655314 0.02920309473842473 0.07669879200942957 0.39328912357591367 -0.23272461292085977 0.2576830828658242 -0.1901927138004261 0.098046699916559704 0.18592521133809173
leaf_weight=417.52617362514138 2.4188582189381123 4.6709063313901424 3.6870053038001052 80.296529363840818 5.7517437264323243 11.736104302108288 14.373708777129648 32.841063935309649 9.4703858532011527 4.05599671974778 3.6883002743124944 42.817651852965355 11.138200066983698 11.523030754178761 82.045161161571741 4.7349497377872458 17.988928843289614 185.5876323338598 36.915957190096378 7.6602563224732858 3.4430619776248923 26.918103907257318 75.898391610011458 5.1201116815209389 7.9065980017185211 6.3582607880234709 4.7937281318008891 14.948224607855082 3.7126826383173457 8.4317749328911304 4.3096685521304607 5.8223794400691986 5.5699394829571247 5.3893926255404931 2.3395841531455517 3.4434364847838879 2.6130883805453777
leaf_count=2605 22 35 19 471 32 77 86 244 75 27 19 232 60 78 463 33 116 1164 242 47 22 189 516 43 44 39 31 89 26 55 34 42 33 41 19 35 26
internal_value=0 -0.00957009 -0.0392569 -0.101971 -0.0882287 0.0633125 -0.116435 0.0111873 0.00116411 0.0575573 -0.0139905 0.0126523 0.00264187 0.0907642 -0.021134 -0.168387 -0.211933 -0.013284 0.0686586 0.0542295 0.181359 0.040158 0.0112223 0.171608 -0.193133 0.107858 0.0902539 0.106781 0.0587977 0.178587 0.257824 0.278976 -0.145744 0.174696 0.0543703 -0.0252222 0.139045
internal_weight=0 985.06 405.133 115.845 112.158 17.4878 94.6702 579.927 515.199 192.887 289.288 483.005 428.664 54.3407 279.228 32.1943 27.4593 267.633 183.261 161.504 15.413 146.091 102.816 21.7575 11.5949 43.2742 64.7275 59.9337 36.5537 23.38 11.9699 10.9425 9.62594 10.0603 10.815 5.78302 5.03195
internal_count=7431 6095 2451 685 666 109 557 3644 3199 1336 1766 2975 2665 310 1690 224 191 1627 1276 1089 103 986 705 187 63 281 445 414 270 144 81 85 60 76 102 54 48
is_linear=0
shrinkage=0.3


Tree=13
num_leaves=40
num_cat=0
split_feature=10 10 10 7 8 9 5 0 8 10 0 7 1 8 8 7 8 8 0 10 7 0 10 1 5 7 8 8 8 9 7 10 1 1 8 2 2 9 10
split_gain=72.7152 19.5887 16.3812 9.41718 15.0614 12.5848 7.74337 7.32926 6.14534 7.20945 5.1864 9.53614 5.06629 5.05492 13.326 4.75188 8.53039 5.23816 4.24124 4.49947 6.80903 4.97023 3.69965 3.49733 3.6377 3.16094 7.12853 3.28087 8.62391 2.87374 2.76693 3.53645 2.62842 2.60055 3.24563 2.57871 2.2626 1.93897 1.65464
threshold=224.50000000000003 613.50000000000011 93.500000000000014 2.5000000000000004 5.5000000000000009 1.5000000000000002 1.0000000180025095e-35 61.500000000000007 24.500000000000004 165.50000000000003 61.500000000000007 4.5000000000000009 223.50000000000003 6.5000000000000009 11.500000000000002 7.5000000000000009 5.5000000000000009 3.5000000000000004 22.500000000000004 365.50000000000006 10.500000000000002 26.500000000000004 155.50000000000003 4322.5000000000009 1.0000000180025095e-35 3.5000000000000004 21.500000000000004 9.5000000000000018 15.500000000000002 1.5000000000000002 9.5000000000000018 703.50000000000011 -1.0000000180025095e-35 1843.5000000000002 8.5000000000000018 1.0000000180025095e-35 1.0000000180025095e-35 5.5000000000000009 316.50000000000006
decision_type=2 2 2 2 2 2 2 2 2 2 2 2 2 2 2 2 2 2 2 2 2 2 2 2 2 2 2 2 2 2 2 2 2 2 2 2 2 2 2
left_child=2 7 25 4 6 13 -4 18 37 -10 23 -12 -8 22 -15 16 -7 -17 -2 20 -20 -21 -5 30 35 -1 27 -27 -29 -26 32 -32 -3 -9 -35 -25 -28 -6 -36
right_child=1 10 3 5 8 15 12 33 9 -11 11 -13 -14 14 -16 17 -18 -19 19 21 -22 -23 -24 24 29 26 36 28 -30 -31 31 -33 -34 34 38 -37 -38 -39 -40
leaf_value=0.26354078122724423 -0.27218198409224897 -0.2840567547340801 0.12037029848808205 0.20202520156339934 0.23744859781583438 -0.22337813453147892 0.04178372360020479 -0.28728121849648197 0.19628741180007095 -0.12792536544787786 0.53453234769395941 -0.20523063709453801 -0.30775816753101937 -0.33771146545608627 -0.021582802454051569 0.24527036074793401 0.18586773290916864 -0.018389216358917805 0.022418919069856321 0.13082434105155238 -0.23530065463746883 -0.055259637720588881 -0.040176747245681564 -0.26341827433835502 0.36123918979691011 0.32858149545286491 0.035317208345743416 -0.19216335290100373 0.26639125382723022 0.0033784573674314031 0.18109722017275751 -0.111645405567296 -0.1480438528646125 -0.31138663545034917 -0.10098507045338663 0.028839184639540487 -0.33767366671633875 0.020117856516303132 0.19929556937416895
leaf_weight=52.724425453692675 5.1971745342016211 14.187517084181307 11.798022709786894 10.858952812850477 74.813911855220795 4.4899000823497763 5.3892180174589184 11.731949616223575 13.164237517863514 10.679935015738009 2.4010030105710021 2.8412977904081345 10.709206737577913 14.082775279879568 66.716382350772619 7.647962197661399 58.578375745564699 38.315174609422684 255.50491977483034 13.200140118598936 8.9975023344159109 215.68772542849183 10.955192834138868 5.2476414740085602 2.5808559432625771 10.390149299055343 2.5071707386523476 5.2142901122570029 9.8388358280062658 5.6385530680418015 4.5030568912625339 13.355505056679247 168.25655536726117 2.5059994719922525 2.5305876303464174 4.901739127933979 2.6371926516294479 4.002532184123992 3.0729702338576317
leaf_count=737 41 87 83 52 614 23 29 114 123 73 30 31 49 77 386 38 387 195 1368 84 62 1059 56 29 21 83 25 27 126 44 28 91 998 18 23 30 18 42 30
internal_value=0 -0.055809 0.0996522 0.0703816 0.133574 0.0311435 -0.0609132 -0.0237239 0.186468 0.0514782 -0.129845 0.152942 -0.193339 -0.0441503 -0.0786803 0.101865 0.154977 0.027972 -0.0164898 -0.0134825 0.0131604 -0.0442269 0.0824833 -0.137007 -0.0113378 0.218573 0.137626 0.202346 0.106325 0.132027 -0.148467 -0.0344814 -0.15948 -0.199919 -0.0628739 -0.128295 -0.170625 0.226638 0.0669117
internal_weight=0 742.343 425.514 342.202 130.557 211.645 27.8964 518.429 102.661 23.8442 223.914 5.2423 16.0984 102.613 80.7992 109.031 63.0683 45.9631 498.587 493.39 264.502 228.888 21.8141 218.671 18.3688 83.3121 30.5876 25.4433 15.0531 8.21941 200.303 17.8586 182.444 19.8415 8.10956 10.1494 5.14436 78.8164 5.60356
internal_count=7431 4188 3243 2227 1013 1214 161 2799 852 196 1389 61 78 571 463 643 410 233 2614 2573 1430 1143 108 1328 124 1016 279 236 153 65 1204 119 1085 185 71 59 43 656 53
is_linear=0
shrinkage=0.3


end of trees

feature_importances:
Column_1=96
Column_8=83
Column_7=79
Column_10=66
Column_0=65
Column_3=37
Column_9=32
Column_4=28
Column_2=14
Column_5=14
Column_6=8

parameters:
[boosting: gbdt]
[objective: binary]
[metric: auc,l2]
[tree_learner: serial]
[device_type: cpu]
[linear_tree: 0]
[data: ]
[valid: ]
[num_iterations: 200]
[learning_rate: 0.3]
[num_leaves: 40]
[num_threads: -1]
[deterministic: 0]
[force_col_wise: 0]
[force_row_wise: 0]
[histogram_pool_size: -1]
[max_depth: 6]
[min_data_in_leaf: 20]
[min_sum_hessian_in_leaf: 0.001]
[bagging_fraction: 0.784474]
[pos_bagging_fraction: 1]
[neg_bagging_fraction: 1]
[bagging_freq: 10]
[bagging_seed: 3]
[feature_fraction: 0.772047]
[feature_fraction_bynode: 1]
[feature_fraction_seed: 2]
[extra_trees: 0]
[extra_seed: 6]
[early_stopping_round: 2]
[first_metric_only: 0]
[max_delta_step: 0]
[lambda_l1: 0]
[lambda_l2: 0.575375]
[linear_lambda: 0]
[min_gain_to_split: 0]
[drop_rate: 0.1]
[max_drop: 50]
[skip_drop: 0.5]
[xgboost_dart_mode: 0]
[uniform_drop: 0]
[drop_seed: 4]
[top_rate: 0.2]
[other_rate: 0.1]
[min_data_per_group: 100]
[max_cat_threshold: 32]
[cat_l2: 10]
[cat_smooth: 10]
[max_cat_to_onehot: 4]
[top_k: 20]
[monotone_constraints: ]
[monotone_constraints_method: basic]
[monotone_penalty: 0]
[feature_contri: ]
[forcedsplits_filename: ]
[refit_decay_rate: 0.9]
[cegb_tradeoff: 1]
[cegb_penalty_split: 0]
[cegb_penalty_feature_lazy: ]
[cegb_penalty_feature_coupled: ]
[path_smooth: 0]
[interaction_constraints: ]
[verbosity: 1]
[saved_feature_importance_type: 0]
[max_bin: 255]
[max_bin_by_feature: ]
[min_data_in_bin: 3]
[bin_construct_sample_cnt: 200000]
[data_random_seed: 1]
[is_enable_sparse: 1]
[enable_bundle: 1]
[use_missing: 1]
[zero_as_missing: 0]
[feature_pre_filter: 1]
[pre_partition: 0]
[two_round: 0]
[header: 0]
[label_column: ]
[weight_column: ]
[group_column: ]
[ignore_column: ]
[categorical_feature: ]
[forcedbins_filename: ]
[objective_seed: 5]
[num_class: 1]
[is_unbalance: 0]
[scale_pos_weight: 1]
[sigmoid: 1]
[boost_from_average: 1]
[reg_sqrt: 0]
[alpha: 0.9]
[fair_c: 1]
[poisson_max_delta_step: 0.7]
[tweedie_variance_power: 1.5]
[lambdarank_truncation_level: 30]
[lambdarank_norm: 1]
[label_gain: ]
[eval_at: ]
[multi_error_top_k: 1]
[auc_mu_weights: ]
[num_machines: 1]
[local_listen_port: 12400]
[time_out: 120]
[machine_list_filename: ]
[machines: ]
[gpu_platform_id: -1]
[gpu_device_id: -1]
[gpu_use_dp: 0]
[num_gpu: 1]

end of parameters

pandas_categorical:null
