tree
version=v3
num_class=1
num_tree_per_iteration=1
label_index=0
max_feature_idx=4
objective=binary sigmoid:1
feature_names=Column_0 Column_1 Column_2 Column_3 Column_4
feature_infos=[0:75] [0:1] [0:30] [0:11] [2:3881]
tree_sizes=3248 3228 3233 3240 3230 3267 3239 3244 3259 3246 3244 3247 3248 3240 3243 3251 3242 3251 3253 3255 3257 3262 3245 3247 3265 3237 3239 3253

Tree=0
num_leaves=30
num_cat=0
split_feature=4 4 1 4 1 0 3 3 3 3 0 3 4 3 4 3 4 3 3 3 0 4 0 3 0 4 3 0 3
split_gain=1533.81 396.065 337.462 177.19 108.326 60.1663 56.3384 54.6247 54.0121 51.7189 45.3786 40.7135 39.7561 34.1259 32.9691 32.158 26.7735 27.5518 25.67 23.7831 19.8031 18.6408 18.6399 17.5145 15.5225 12.6824 16.1069 12.5513 12.076
threshold=201.50000000000003 475.50000000000006 1.0000000180025095e-35 129.50000000000003 1.0000000180025095e-35 42.500000000000007 9.5000000000000018 7.5000000000000009 9.5000000000000018 9.5000000000000018 11.500000000000002 1.0000000180025095e-35 654.50000000000011 9.5000000000000018 387.50000000000006 1.0000000180025095e-35 77.500000000000014 9.5000000000000018 3.5000000000000004 6.5000000000000009 6.5000000000000009 351.50000000000006 42.500000000000007 1.0000000180025095e-35 11.500000000000002 379.50000000000006 3.5000000000000004 42.500000000000007 6.5000000000000009
decision_type=2 2 2 2 2 2 2 2 2 2 2 2 2 2 2 2 2 2 2 2 2 2 2 2 2 2 2 2 2
left_child=3 2 5 16 13 8 7 19 10 18 -2 -12 -3 15 -9 -5 -1 20 -6 25 -18 28 24 -22 -17 26 -4 -25 -13
right_child=1 12 6 4 9 -7 -8 14 -10 -11 11 21 -14 -15 -16 22 17 -19 -20 -21 23 -23 -24 27 -26 -27 -28 -29 -30
leaf_value=-0.45342817971430904 0.1581842104537248 0.10600883186727472 -0.12265870464015741 0.15027193328819974 -0.1741764431791239 0.27837408808998065 0.1844184581801914 -0.3792148387687081 0.24912984996276685 0.2051117607164821 0.20694426055441031 -0.12915434953124122 0.22241432724493657 0.15967712668927328 -0.14409243755397153 -0.017699674705403554 0.0090632715205996306 -0.012870721115309874 -0.39067102260077291 0.24735465010223331 -0.15147210032984734 0.030403995070728621 0.085143849388626597 -0.39503953435431793 -0.20474987322389132 -0.032136775852523794 -0.28404925440831946 -0.076129850922979553 -0.0023673236640442685
leaf_weight=197.07747057080269 62.615753307938576 192.58709782361984 55.131798729300499 14.468978852033613 27.441166788339615 46.151053234934807 12.47325763106346 108.51734139025211 41.411215335130692 6.486093968152999 24.946515262126923 117.49808688461781 321.8100468814373 17.712025836110115 30.933678925037384 20.456142514944077 5.2387682050466529 8.9807454943656904 120.99059902131557 5.2387682050466529 13.720583394169806 64.36200937628746 11.225931867957113 210.29912365972996 116.50022627413273 22.950794041156769 44.654262319207191 4.9893030524253836 39.664959266781807
leaf_count=790 251 772 221 58 110 185 50 435 166 26 100 471 1290 71 124 82 21 36 485 21 55 258 45 843 467 92 179 20 159
internal_value=-0.0925736 0.0469732 -0.0536714 -0.314313 -0.204457 0.0648806 -0.221649 -0.241201 0.036148 -0.326753 0.00696944 -0.0319933 0.179132 -0.0989595 -0.32753 -0.127997 -0.397684 -0.351694 -0.351166 -0.146435 -0.364864 -0.0596816 -0.156091 -0.373676 -0.176595 -0.16491 -0.195637 -0.387622 -0.096921
internal_weight=0 1190.95 676.549 775.587 335.281 396.65 279.9 267.427 350.499 154.918 309.087 246.472 514.397 180.363 139.451 162.651 440.306 243.229 148.432 127.976 234.248 221.525 148.182 229.009 136.956 122.737 99.7861 215.288 157.163
internal_count=7883 4774 2712 3109 1344 1590 1122 1072 1405 621 1239 988 2062 723 559 652 1765 975 595 513 939 888 594 918 549 492 400 863 630
is_linear=0
shrinkage=1


Tree=1
num_leaves=30
num_cat=0
split_feature=4 4 3 3 4 3 0 2 3 2 3 0 0 4 3 3 2 4 3 2 0 0 3 0 2 3 0 4 2
split_gain=1019.64 295.572 131.225 102.149 79.329 67.9084 49.939 49.3438 41.2405 42.9596 40.2721 34.8066 32.3985 30.0755 26.7852 34.2694 26.2861 25.54 22.2646 65.9052 18.5316 18.3737 18.0234 16.9213 16.6493 14.2191 14.0187 13.7471 13.2649
threshold=176.50000000000003 475.50000000000006 9.5000000000000018 7.5000000000000009 114.50000000000001 6.5000000000000009 42.500000000000007 3.5000000000000004 3.5000000000000004 14.500000000000002 9.5000000000000018 42.500000000000007 42.500000000000007 797.50000000000011 7.5000000000000009 6.5000000000000009 28.500000000000004 371.50000000000006 1.5000000000000002 5.5000000000000009 13.500000000000002 11.500000000000002 1.0000000180025095e-35 32.500000000000007 13.500000000000002 9.5000000000000018 11.500000000000002 260.50000000000006 1.5000000000000002
decision_type=2 2 2 2 2 2 2 2 2 2 2 2 2 2 2 2 2 2 2 2 2 2 2 2 2 2 2 2 2
left_child=4 2 3 5 25 6 8 -5 16 20 12 17 14 -3 15 22 18 -9 21 -20 -10 -2 -6 24 -23 -1 -24 -11 -22
right_child=1 13 -4 7 10 -7 -8 11 9 27 -12 -13 -14 -15 -16 -17 -18 -19 19 -21 28 23 26 -25 -26 -27 -28 -29 -30
leaf_value=-0.2759725095209748 0.22166853207345258 0.17641536636976607 0.28008929029312263 0.28317656663534835 0.052742380258710198 0.35226181623898351 0.27491410517330811 -0.18664299181216987 0.16881068392804144 -0.2386667456007695 0.14826774660896952 0.29806622162500979 0.1674841440448385 0.27565084814947421 -0.24430293507841153 0.28053043342850054 0.28866739655950807 -0.020906091774222677 -0.048453421303649755 0.36635002501625746 0.15698771734066225 0.023365683202246655 0.01204467072337353 0.12463632180883391 -0.13887940678922187 -0.032608692943889461 -0.18118120919891514 -0.082956202014523264 -0.061841966555597386
leaf_weight=347.28107623755932 13.428334787487982 293.45460739731789 71.246616050601006 11.353258118033407 18.136409595608711 27.288243755698204 30.474945679306984 162.75016494095325 29.027317941188812 40.875917807221413 19.124119371175766 6.6330485939979544 11.941688090562819 217.54845723509789 100.18391920626163 7.8506143093109122 19.595718950033188 48.37714709341526 31.864314645528793 28.643951117992401 13.104400783777235 51.270786419510841 17.025308907032013 25.375544399023056 49.00959612429142 10.063400804996489 122.12129753828049 52.393450915813446 56.728388443589211
leaf_count=1451 54 1181 289 46 73 110 124 669 117 166 77 27 48 881 414 32 79 195 128 115 53 206 69 102 197 41 499 211 229
internal_value=0 0.101142 0.0227851 -0.00370241 -0.205721 0.049754 0.0305892 -0.112982 0.0120902 -0.0554539 -0.128786 -0.134402 -0.148191 0.218953 -0.162766 -0.112552 0.0712851 -0.148843 0.0490931 0.149679 0.0363544 0.00485097 -0.133223 -0.0193197 -0.0563034 -0.269189 -0.157592 -0.152352 -0.0197308
internal_weight=0 1280.44 769.441 698.195 653.728 469.081 441.793 229.114 411.318 192.129 296.383 217.76 277.259 511.003 265.318 165.134 219.188 211.127 199.593 60.5083 98.8601 139.084 157.283 125.656 100.28 357.344 139.147 93.2694 69.8328
internal_count=7883 5179 3117 2828 2704 1891 1781 937 1657 776 1212 891 1135 2062 1087 673 881 864 802 243 399 559 641 505 403 1492 568 377 282
is_linear=0
shrinkage=0.2


Tree=2
num_leaves=30
num_cat=0
split_feature=4 4 3 3 4 3 4 0 2 0 3 3 3 2 0 2 0 2 3 3 0 2 3 2 0 0 2 3 3
split_gain=693.076 205.4 88.3987 68.1447 59.2327 48.6437 39.1914 29.6829 29.0783 28.4814 25.3723 26.7858 22.7277 25.3553 20.0704 20.055 16.4135 14.8947 13.0354 13.2709 12.9609 12.2978 12.2052 35.0092 11.4283 10.7469 18.6554 10.7407 9.27258
threshold=174.50000000000003 395.50000000000006 9.5000000000000018 7.5000000000000009 106.50000000000001 6.5000000000000009 636.50000000000011 42.500000000000007 3.5000000000000004 8.5000000000000018 9.5000000000000018 4.5000000000000009 3.5000000000000004 1.5000000000000002 42.500000000000007 3.5000000000000004 11.500000000000002 28.500000000000004 9.5000000000000018 3.5000000000000004 12.500000000000002 3.5000000000000004 1.5000000000000002 8.5000000000000018 36.500000000000007 17.500000000000004 19.500000000000004 9.5000000000000018 1.5000000000000002
decision_type=2 2 2 2 2 2 2 2 2 2 2 2 2 2 2 2 2 2 2 2 2 2 2 2 2 2 2 2 2
left_child=4 2 3 5 27 7 18 9 -5 -2 11 20 17 -14 16 -13 -10 22 19 -3 -6 -21 24 -24 -11 26 -15 -1 -22
right_child=1 6 -4 8 10 -7 -8 -9 14 12 -12 15 13 25 -16 -17 -18 -19 -20 21 28 -23 23 -25 -26 -27 -28 -29 -30
leaf_value=-0.2470305546996491 0.18666799628286027 0.16523508944385548 0.2341337796768552 0.21081673068092358 0.084821854001624508 0.30167277740093956 0.21329524772396266 0.2187150772078045 -0.0015623555895170696 -0.050701395004072905 0.095023082966474576 0.028166665827889011 0.16439113444093881 0.070180719112971898 0.24190321768298434 -0.19994984033243257 -0.17488472875015215 0.21679416078583871 0.26214246989316331 0.22832337000727643 -0.13243979805959957 0.05180589436681346 -0.038076978581673519 0.3255808883971445 0.13906955414091665 -0.14973124056622095 -0.18247862806975204 -0.0010577856602433189 0.0013629468473294873
leaf_weight=289.0654289573431 27.560212805867195 83.281973049044609 59.759904220700264 9.5650013685226423 21.223162859678268 23.577227637171745 324.54179337620735 24.563156142830849 25.662570402026176 99.20182491838932 20.831157594919205 16.844870433211327 14.680216565728186 28.725680932402611 4.8583638668060294 164.19936342537403 147.11300674080849 14.376252204179762 20.883908629417419 16.908527970314026 60.067512199282646 167.11950743198395 28.462014704942703 16.119164034724236 13.922483786940573 85.995180070400238 18.810806512832642 7.2850307822227469 31.431247934699059
leaf_count=1303 113 340 255 39 87 99 1368 105 108 401 85 71 59 117 21 710 625 60 87 69 251 679 115 66 56 354 78 30 132
internal_value=0 0.0827862 0.00379603 -0.0200362 -0.176823 0.0269839 0.165582 0.00910878 -0.119255 -0.00606461 -0.116004 -0.131141 -0.0229859 -0.0802266 -0.137718 -0.178701 -0.149241 0.0264287 0.111499 0.0991352 -0.0541799 0.0687553 0.00827367 0.096142 -0.0266985 -0.107772 -0.0308897 -0.240999 -0.0867845
internal_weight=0 1255.69 642.953 583.193 610.948 395.994 612.736 372.417 187.199 347.854 314.597 293.766 320.294 148.212 177.634 181.044 172.776 172.082 288.194 267.31 112.722 184.028 157.705 44.5812 113.124 133.532 47.5365 296.35 91.4988
internal_count=7883 5214 2671 2416 2669 1623 2543 1524 793 1419 1336 1251 1306 608 754 781 733 698 1175 1088 470 748 638 181 457 549 195 1333 383
is_linear=0
shrinkage=0.2


Tree=3
num_leaves=30
num_cat=0
split_feature=4 4 3 4 0 3 3 3 3 4 0 2 0 2 3 3 3 0 3 2 0 2 3 3 2 2 3 3 4
split_gain=478.364 138.385 62.1495 53.3631 49.6737 39.1411 33.9341 31.2342 26.937 24.9327 22.3539 20.1545 17.1434 16.5555 42.9322 22.7595 38.1058 16.4305 14.4878 21.4443 13.2747 13.1349 13.0646 11.2735 63.5261 10.4722 19.1928 10.2854 8.80139
threshold=176.50000000000003 437.50000000000006 9.5000000000000018 77.500000000000014 41.500000000000007 7.5000000000000009 6.5000000000000009 9.5000000000000018 1.0000000180025095e-35 797.50000000000011 42.500000000000007 3.5000000000000004 7.5000000000000009 11.500000000000002 8.5000000000000018 7.5000000000000009 6.5000000000000009 12.500000000000002 3.5000000000000004 1.5000000000000002 12.500000000000002 21.500000000000004 1.0000000180025095e-35 8.5000000000000018 15.500000000000002 14.500000000000002 4.5000000000000009 3.5000000000000004 367.50000000000006
decision_type=2 2 2 2 2 2 2 2 2 2 2 2 2 2 2 2 2 2 2 2 2 2 2 2 2 2 2 2 2
left_child=3 2 4 -1 5 6 12 8 -5 -3 13 -7 -2 14 15 16 -10 28 21 -20 27 -14 -23 -19 -25 26 -21 -15 -13
right_child=1 9 -4 7 -6 11 -8 -9 10 -11 -12 17 18 20 -16 -17 -18 23 19 25 -22 22 -24 24 -26 -27 -28 -29 -30
leaf_value=-0.25000118676737626 0.17698812799828101 0.11328830296488107 0.20297884758091686 0.056939762058047232 0.19159232218129718 0.17949047824223402 0.26469117161247013 0.10148114610721418 -0.10404981010726289 0.20399247038625279 0.10848155520529013 -0.050998131033610089 -0.00022085016725976629 0.12740285682860839 0.38793572137555771 -0.25990784095780389 0.39938398407081066 -0.17621181311246387 0.15104852851140158 0.33417447540731032 -0.20792491176439729 0.24172844828173196 -0.0020560780351300285 0.41279723106408012 -0.19429861604347881 -0.13127444845114328 -0.05458462008018862 -0.12848214956812767 0.16877381783862377
leaf_weight=157.56209842860699 19.624715998768806 331.06815032660961 60.345609962940216 29.167231321334839 45.243556842207909 9.3443365395069105 19.543834671378136 24.984667271375656 94.758076831698418 194.57847782969475 13.3415599912405 27.990657478570938 147.57732047140598 7.5974645912647238 6.3356165289878836 34.795956403017044 5.7973300069570533 107.94485330581665 17.204674288630486 4.9064220339059821 180.51939998567104 19.435900077223778 15.629333123564718 8.506945386528967 27.45334367454052 77.298254802823067 60.463676199316978 26.757542222738266 9.1430564224719983
leaf_count=790 83 1398 277 121 203 39 88 103 421 881 55 120 603 32 29 165 25 479 70 20 841 84 65 36 119 328 249 122 37
internal_value=0 0.0701271 0.0103615 -0.150681 -0.00865756 -0.0246902 0.0122791 -0.113458 -0.127055 0.14707 -0.141636 -0.098601 -0.0017834 -0.151171 -0.0973888 -0.121815 -0.0726961 -0.113533 -0.0123355 -0.0561887 -0.186243 0.0261125 0.134969 -0.144019 -0.0460001 -0.0817397 -0.0224653 -0.0706063 0.00504602
internal_weight=0 1203.3 677.656 581.617 617.311 572.067 381.684 424.055 399.07 525.647 369.903 190.383 362.14 356.561 141.687 135.351 100.555 181.039 342.516 159.873 214.874 182.643 35.0652 143.905 35.9603 142.668 65.3701 34.355 37.1337
internal_count=7883 5179 2900 2704 2623 2420 1590 1914 1811 2279 1690 830 1502 1635 640 611 446 791 1419 667 995 752 149 634 155 597 269 154 157
is_linear=0
shrinkage=0.2


Tree=4
num_leaves=30
num_cat=0
split_feature=4 4 1 4 4 1 1 0 0 0 2 2 4 4 2 2 0 4 0 0 0 4 0 0 4 4 0 0 2
split_gain=339.525 114.994 153.681 29.246 25.5766 22.1324 21.9368 17.2353 13.263 17.9469 12.8785 9.0336 8.50568 7.79171 7.64561 6.68662 5.85802 5.1152 5.05848 4.98747 7.83299 4.81724 4.60485 6.13801 5.25189 4.57764 4.55377 5.93388 4.49118
threshold=152.50000000000003 392.50000000000006 1.0000000180025095e-35 77.500000000000014 612.50000000000011 1.0000000180025095e-35 1.0000000180025095e-35 12.500000000000002 11.500000000000002 41.500000000000007 6.5000000000000009 7.5000000000000009 124.50000000000001 249.50000000000003 26.500000000000004 3.5000000000000004 41.500000000000007 797.50000000000011 48.500000000000007 20.500000000000004 15.500000000000002 257.50000000000006 42.500000000000007 36.500000000000007 498.50000000000006 182.50000000000003 31.500000000000004 20.500000000000004 3.5000000000000004
decision_type=2 2 2 2 2 2 2 2 2 2 2 2 2 2 2 2 2 2 2 2 2 2 2 2 2 2 2 2 2
left_child=3 2 8 -1 6 7 22 -5 11 10 26 -2 15 -12 -13 -9 21 -6 -19 20 -14 -4 23 -3 -25 -11 27 -10 -23
right_child=1 4 16 5 17 -7 -8 12 9 25 13 14 19 -15 -16 -17 -18 18 -20 -21 -22 28 -24 24 -26 -27 -28 -29 -30
leaf_value=-0.22975320615393835 0.04338210461328193 0.12590151193781751 -0.14116122714395068 0.064417407932980245 0.12445208753623778 -0.17694790802733834 0.0055020306405414148 0.034386384155881772 0.13418177786033481 0.024989462043655514 -0.022441771446896921 0.23558617737374479 -0.091429460833100273 0.05452614057052111 0.024128786974004172 -0.16115644185151684 0.059821512908884891 0.18361490324787916 -0.027694044270109481 -0.074654590602352494 0.19306795531405102 0.014105712544266118 0.2256560167696231 0.081042387726332196 -0.13938698703002106 0.19900604713918957 0.21028389725908966 0.0050066632930257111 -0.10200017924121152
leaf_weight=139.19154994189739 21.15495927631855 112.42137551307678 164.88968145847321 31.596961215138435 130.64733237028122 136.53634262084961 115.39971569180489 7.5563587397336951 36.845002025365829 7.3420561850070944 109.15705880522728 41.280391052365303 6.7047903537750226 100.46128319203854 8.3587173670530301 68.615089669823647 7.178939461708068 175.37656739354134 4.4916000962257376 36.362905904650688 7.6849738955497742 15.087304651737211 15.345594942569731 10.773418352007868 6.3252048790454856 39.839399755001068 14.522335186600683 23.006915539503098 104.91886818408966
leaf_count=790 91 479 766 137 585 684 481 35 156 31 479 181 30 434 37 346 31 859 22 161 34 63 70 46 27 196 61 97 474
internal_value=0 0.0507174 -0.00398407 -0.154126 0.117162 -0.118032 0.0706524 -0.0667829 0.0761928 0.0591848 0.0399954 0.15452 -0.0996028 0.0144991 0.200735 -0.141634 -0.114253 0.155921 0.178259 -0.035548 0.0622507 -0.118763 0.1223 0.109011 -0.00257557 0.17262 0.111122 0.0851023 -0.0874058
internal_weight=0 1264.82 694.043 434.249 570.781 295.057 260.265 158.521 401.968 331.174 283.993 70.7941 126.924 209.618 49.6391 76.1714 292.075 310.515 179.868 50.7527 14.3898 284.896 144.866 129.52 17.0986 47.1815 74.3743 59.8519 120.006
internal_count=7883 5666 3097 2217 2569 1427 1103 743 1763 1454 1227 309 606 913 218 381 1334 1466 881 225 64 1303 622 552 73 227 314 253 537
is_linear=0
shrinkage=0.2


Tree=5
num_leaves=30
num_cat=0
split_feature=4 4 1 3 4 3 3 3 3 1 3 3 3 3 3 0 0 0 4 4 4 3 3 4 3 0 3 3 1
split_gain=238.454 81.3785 109.92 29.9217 26.8221 25.196 23.3762 25.3652 17.5042 18.4065 20.7364 16.5581 22.5634 12.1468 11.3052 10.7904 10.7119 10.8887 10.0812 10.072 9.72572 8.71728 10.7523 6.60204 8.28686 8.30272 6.43366 7.22874 6.30908
threshold=152.50000000000003 522.50000000000011 1.0000000180025095e-35 6.5000000000000009 77.500000000000014 1.0000000180025095e-35 9.5000000000000018 7.5000000000000009 9.5000000000000018 1.0000000180025095e-35 1.0000000180025095e-35 6.5000000000000009 7.5000000000000009 3.5000000000000004 6.5000000000000009 11.500000000000002 42.500000000000007 7.5000000000000009 797.50000000000011 305.50000000000006 367.50000000000006 3.5000000000000004 1.0000000180025095e-35 287.50000000000006 5.5000000000000009 17.500000000000004 4.5000000000000009 1.5000000000000002 1.0000000180025095e-35
decision_type=2 2 2 2 2 2 2 2 2 2 2 2 2 2 2 2 2 2 2 2 2 2 2 2 2 2 2 2 2
left_child=4 2 3 5 -1 -2 7 14 9 10 -6 15 -13 -11 20 -12 17 -7 28 -9 21 22 -4 24 26 -26 27 -19 -3
right_child=1 18 6 -5 8 16 -8 19 -10 13 11 12 -14 -15 -16 -17 -18 23 -20 -21 -22 -23 -24 -25 25 -27 -28 -29 -30
leaf_value=-0.21339527937282204 0.17446860869616027 0.12509740256103705 -0.1093686712371329 0.14138972988859871 0.20578265813253976 0.15269991559894888 0.16516872594743442 -0.18299669297157975 0.094756188719854015 -0.045179949246983653 0.044950097757514275 0.33671656365646163 -0.055295835031018009 -0.20267059529773462 0.21529161418553941 -0.14791439233820045 0.14554389515584043 -0.084234906539293067 0.15655387691688877 -0.083042103377931886 0.045534769852009944 -0.12762396922338959 0.048896967243966055 0.026864828366137145 0.22281440983855327 -0.011634916008826379 -0.13775365511644713 0.039082774037507123 0.055694429505879245
leaf_weight=121.81006982922554 44.487384214997292 104.62839463353157 30.275208741426468 155.34548614919186 9.9745402187108976 17.449154630303383 14.688221618533133 99.984293714165688 16.772441223263741 25.111686438322067 13.028004065155981 7.2537940889596966 22.465363785624504 95.985170274972916 6.4268826842308036 89.280569955706596 22.157353445887566 43.236340135335922 165.57833142578602 70.306682452559471 37.414501532912254 56.649048909544945 38.050147622823715 116.89927743375301 7.9402926266193417 20.249225378036499 31.713983356952667 33.044742494821548 108.00147479772568
leaf_count=790 202 478 125 732 42 80 68 517 69 122 56 32 115 541 31 450 115 180 881 311 155 261 159 488 33 87 137 140 486
internal_value=0 0.042375 0.00788217 0.0689351 -0.135088 0.0353501 -0.0770817 -0.0878644 -0.1006 -0.113252 -0.0639583 -0.0852263 0.045439 -0.170419 -0.0327337 -0.123229 0.0138722 0.00277169 0.119417 -0.142192 -0.0433519 -0.0700585 -0.0215932 -0.00792236 -0.0377693 0.0578648 -0.0629251 -0.0309327 0.0901168
internal_weight=0 1224.53 846.318 492.523 401.682 337.178 353.795 339.107 279.872 263.099 142.002 132.028 29.7192 121.097 168.816 102.309 292.69 270.533 378.208 170.291 162.389 124.974 68.3254 253.084 136.185 28.1895 107.995 76.2811 212.63
internal_count=7883 5666 3821 2194 2217 1462 1627 1559 1427 1358 695 653 147 663 731 506 1260 1145 1845 828 700 545 284 1065 577 120 457 320 964
is_linear=0
shrinkage=0.2


Tree=6
num_leaves=30
num_cat=0
split_feature=4 4 3 3 3 4 2 4 3 2 2 2 4 2 2 4 2 0 0 3 3 2 3 3 0 2 3 3 2
split_gain=170.075 61.9773 44.7377 27.9615 29.246 19.5416 16.5358 13.9517 13.7979 68.2427 14.4031 14.2704 14.6198 12.6661 14.724 18.0437 15.5096 10.7383 10.3976 12.3623 10.2079 16.9699 8.53678 36.1178 8.26022 9.61032 7.94087 16.0801 43.0375
threshold=142.50000000000003 612.50000000000011 9.5000000000000018 7.5000000000000009 6.5000000000000009 77.500000000000014 3.5000000000000004 351.50000000000006 8.5000000000000018 15.500000000000002 10.500000000000002 18.500000000000004 257.50000000000006 26.500000000000004 22.500000000000004 284.50000000000006 24.500000000000004 6.5000000000000009 42.500000000000007 9.5000000000000018 3.5000000000000004 1.5000000000000002 7.5000000000000009 6.5000000000000009 19.500000000000004 15.500000000000002 3.5000000000000004 1.5000000000000002 6.5000000000000009
decision_type=2 2 2 2 2 2 2 2 2 2 2 2 2 2 2 2 2 2 2 2 2 2 2 2 2 2 2 2 2
left_child=5 2 3 4 7 -1 -5 20 10 -10 -8 -11 -13 14 15 -12 -16 -7 19 22 -2 -22 23 26 25 -23 27 -19 -29
right_child=1 -3 -4 6 -6 17 8 -9 9 11 13 12 -14 -15 16 -17 -18 18 -20 -21 21 24 -24 -25 -26 -27 -28 28 -30
leaf_value=-0.19935681544214667 0.019193204449190916 0.11685839884164539 0.16060539919133221 0.1602575361662405 0.22095324073394629 0.14463100756087616 -0.17277663393127099 0.057884366615447325 0.31458361455775652 -0.20938968084381526 -0.16184796580493338 -0.21508628519540995 0.1249442204675741 -0.2008920982390443 0.32475489735570934 0.0084205525124671828 -0.00064949352955628252 -0.13228883607767333 0.089035617549819979 0.091215492789639696 0.1372627993821893 0.050812672411805461 -0.18468061516966691 0.32290581546977076 -0.10995805642979734 -0.099028825879858784 -0.17554787276292722 -0.16970160191828859 0.41959037558847218
leaf_weight=106.05388842523098 211.58923396468163 273.16334603726864 71.118272200226784 13.09413158893585 27.368517994880676 6.7294948548078528 60.030087679624557 176.2926909327507 20.333458513021469 27.52778534591198 44.698711887001991 7.0853856503963497 14.027277633547781 20.283054903149605 7.6728918254375484 55.085253655910492 19.85886250436306 50.528915986418724 10.335746005177496 10.860926553606985 17.390545278787613 37.784279733896255 62.909067869186401 7.2222903966903678 83.766301974654198 30.271085157990456 56.280993267893791 11.174991592764856 7.9407749921083441
leaf_count=790 920 1466 377 60 142 30 304 777 91 130 245 36 63 101 35 248 96 263 44 45 75 165 394 32 390 142 328 55 39
internal_value=0 0.0330673 0.00879123 -0.00366764 0.0215138 -0.128653 -0.0544069 0.0114749 -0.0649134 0.0125093 -0.0905927 -0.116201 0.00787585 -0.0565694 -0.0326921 -0.0683944 0.0953264 -0.0947062 -0.10252 -0.112333 -0.0100711 -0.0465992 -0.123867 -0.0943924 -0.0681448 -0.0161369 -0.119829 -0.0736203 0.0807246
internal_weight=0 1218.44 945.278 874.16 584.463 330.037 289.697 557.094 276.603 68.9739 207.629 48.6404 21.1127 147.599 127.316 99.784 27.5318 223.983 217.254 206.918 380.801 169.212 196.057 133.148 151.822 68.0554 125.926 69.6447 19.1158
internal_count=7883 5863 4397 4020 2611 2020 1409 2469 1349 320 1029 229 99 725 624 493 131 1230 1200 1156 1692 772 1111 717 697 307 685 357 94
is_linear=0
shrinkage=0.2


Tree=7
num_leaves=30
num_cat=0
split_feature=4 1 4 3 3 4 2 3 3 4 3 3 4 4 3 2 2 3 3 3 3 2 2 2 2 4 3 2 2
split_gain=122.676 49.322 59.5756 15.0493 19.1213 20.2738 18.1368 14.7293 14.9811 12.4454 11.9023 16.3926 10.0194 8.15039 8.14067 13.5192 12.7153 18.0352 12.7353 8.10655 7.86646 29.5496 7.57489 6.74101 9.43726 6.71996 5.74799 5.54137 18.5591
threshold=129.50000000000003 1.0000000180025095e-35 475.50000000000006 1.0000000180025095e-35 6.5000000000000009 522.50000000000011 17.500000000000004 9.5000000000000018 7.5000000000000009 77.500000000000014 1.5000000000000002 3.5000000000000004 766.50000000000011 278.50000000000006 4.5000000000000009 3.5000000000000004 5.5000000000000009 1.5000000000000002 2.5000000000000004 6.5000000000000009 8.5000000000000018 15.500000000000002 25.500000000000004 15.500000000000002 11.500000000000002 359.50000000000006 1.0000000180025095e-35 12.500000000000002 19.500000000000004
decision_type=2 2 2 2 2 2 2 2 2 2 2 2 2 2 2 2 2 2 2 2 2 2 2 2 2 2 2 2 2
left_child=9 3 7 -2 5 6 14 8 19 -1 25 -12 -4 20 16 -16 18 -18 -5 -3 -10 -22 -15 24 -17 -8 -11 -6 -29
right_child=1 2 12 4 27 -7 10 -9 13 26 11 -13 -14 22 15 23 17 -19 -20 -21 21 -23 -24 -25 -26 -27 -28 28 -30
leaf_value=-0.18667182349161307 0.15928787297950056 -0.046497863344874969 0.027659357361391218 0.11277463388608883 0.14686405944767333 0.10220740162900029 -0.18743763349177583 0.12113007049811422 -0.18814105104748916 0.034255020423892259 0.22416995092604683 -0.054204348707650001 0.11759590644749665 -0.044798320202015247 0.11451090819590266 -0.075747659125401989 0.041911150937961689 0.24897391619382714 -0.092527434290774785 0.18249658605020203 0.39620149043540592 -0.19805002907401029 -0.25166922317117796 -0.18993422944430294 0.10165193820675816 0.024204943980945522 -0.10481621482879289 -0.0071110400623140627 0.1477938339231093
leaf_weight=92.153428234159946 56.277014777064323 161.88949277997017 118.67598371207714 19.885838508605957 73.111017897725105 108.34659986197948 33.111850947141647 14.715839043259619 76.830733597278595 12.623617663979529 9.3430255055427534 55.045980125665665 85.091183602809906 59.965255841612816 25.523205772042274 41.35625059902668 42.732745587825775 27.468753471970558 28.770213380455971 5.81062988936901 4.0554276257753363 11.059869334101675 7.4725708812475196 11.462277948856352 16.180089980363846 7.1342074126005164 148.34766305983067 57.144486650824547 66.680045753717422
leaf_count=790 277 729 547 87 389 595 146 76 490 56 45 249 520 286 113 182 186 130 121 33 18 74 37 51 73 31 919 294 339
internal_value=0 0.0247695 -0.0200063 0.060701 0.0516463 0.0277634 0.00224702 -0.0709879 -0.07985 -0.128006 -0.0657229 -0.0120129 0.0654652 -0.123659 0.0356738 -0.00813181 0.0703682 0.12444 -0.00824732 -0.0379035 -0.162367 -0.029047 -0.0698595 -0.0541304 -0.0252939 -0.150128 -0.0938181 0.103096 0.0766351
internal_weight=0 1225.14 545.567 679.574 623.297 426.361 318.014 341.8 327.084 253.125 104.635 64.389 203.767 159.384 213.379 94.5218 118.858 70.2015 48.6561 167.7 91.946 15.1153 67.4378 68.9986 57.5363 40.2461 160.971 196.936 123.825
internal_count=7883 6118 2810 3308 3031 2009 1414 1743 1667 1765 471 294 1067 905 943 419 524 316 208 762 582 92 323 306 255 177 975 1022 633
is_linear=0
shrinkage=0.2


Tree=8
num_leaves=30
num_cat=0
split_feature=1 3 3 2 3 0 3 3 3 0 0 0 3 2 3 2 2 0 3 3 3 2 3 2 0 3 2 3 2
split_gain=41.8571 17.0773 18.9314 15.0608 11.6217 10.9705 9.5961 12.1573 8.20566 8.12347 7.79878 7.75579 7.40865 13.477 12.9277 7.21832 6.73228 6.06945 5.70689 10.0051 15.7338 8.78372 5.46922 5.29789 5.2367 5.10624 38.0301 7.31999 7.25015
threshold=1.0000000180025095e-35 1.0000000180025095e-35 6.5000000000000009 27.500000000000004 9.5000000000000018 42.500000000000007 7.5000000000000009 6.5000000000000009 7.5000000000000009 12.500000000000002 11.500000000000002 42.500000000000007 9.5000000000000018 12.500000000000002 8.5000000000000018 14.500000000000002 3.5000000000000004 19.500000000000004 5.5000000000000009 1.5000000000000002 3.5000000000000004 20.500000000000004 1.5000000000000002 16.500000000000004 36.500000000000007 1.0000000180025095e-35 19.500000000000004 3.5000000000000004 5.5000000000000009
decision_type=2 2 2 2 2 2 2 2 2 2 2 2 2 2 2 2 2 2 2 2 2 2 2 2 2 2 2 2 2
left_child=1 -1 3 9 5 6 7 25 -4 -3 -10 15 13 14 -12 -11 -8 -18 19 -17 -21 -20 -13 -22 -5 26 -2 28 -27
right_child=4 2 8 24 -6 -7 16 -9 10 11 12 22 -14 -15 -16 18 17 -19 21 20 23 -23 -24 -25 -26 27 -28 -29 -30
leaf_value=0.1323214464718393 -0.14182208695995888 0.068184196071806452 0.17374019010395017 -0.14582018248195908 0.1103180181142429 0.22957453292103649 0.11884257113995678 0.21274241034671243 0.14557741951631858 0.014292573987358104 0.003386173781613096 -0.027800862964343215 0.099278049326775974 -0.041084430684961412 0.24304693195477722 -0.076957244673592037 -0.047347889446418351 -0.10434041308863354 -0.15252231476867797 0.2777158692331288 -0.19741321490997299 0.15722307920523132 0.14861482930318068 0.019698539043133845 0.035765292762323361 -0.035842250702189743 0.23582304777544827 -0.037575642052876314 0.086896385599711898
leaf_weight=62.022021636366844 57.406347364187241 83.047640830278397 27.119849637150764 34.058103308081627 20.147518992424011 5.279656082391738 6.8989733234047881 8.1580114513635618 32.434674188494682 196.14255121350288 20.765455022454262 10.055144533514978 53.301454216241837 72.577386744320393 15.282166369259356 56.234691753983498 164.91554555296898 139.18922787159681 29.852410361170769 8.8833360522985441 4.6347292512655249 3.6402364820241919 21.43072535097599 30.017960771918297 7.5070083290338507 31.727062314748764 12.466835170984266 146.85433666408062 47.239745199680328
leaf_count=319 286 410 154 197 107 24 34 47 172 986 112 55 316 383 78 314 1023 918 179 43 26 18 121 168 44 161 57 855 236
internal_value=0 0.0322246 0.0233323 0.00120402 -0.0369687 -0.0418621 -0.0444278 -0.0190895 0.0716968 0.0120412 0.0569378 -0.000975578 0.0386824 0.00854355 0.107443 -0.0101047 -0.069094 -0.0735969 -0.0459108 -0.0216081 0.0499641 -0.116553 0.0928411 -0.0123762 -0.11298 -0.0259287 -0.072922 -0.0112241 0.0376905
internal_weight=0 769.008 706.986 485.505 640.283 620.136 614.856 303.852 221.481 443.939 194.361 360.892 161.926 108.625 36.0476 329.406 311.004 304.105 133.263 99.7707 43.536 33.4926 31.4859 34.6527 41.5651 295.694 69.8732 225.821 78.9668
internal_count=7843 4095 3776 2561 3748 3641 3617 1642 1215 2320 1061 1910 889 573 190 1734 1975 1941 748 551 237 197 176 194 241 1595 343 1252 397
is_linear=0
shrinkage=0.2


Tree=9
num_leaves=30
num_cat=0
split_feature=4 4 4 0 0 3 4 3 3 2 3 3 3 0 3 2 2 2 3 3 2 3 3 3 2 2 4 2 0
split_gain=102.543 27.015 20.1052 11.5691 10.0444 9.32008 8.57738 8.32342 7.80703 8.37373 7.14979 8.48044 8.50034 8.85965 6.94312 40.7937 7.98596 9.32906 6.06484 20.6159 33.0305 7.43755 6.02558 9.86628 9.40484 8.17808 8.60049 6.70837 6.3334
threshold=222.50000000000003 116.50000000000001 662.50000000000011 42.500000000000007 6.5000000000000009 9.5000000000000018 61.500000000000007 9.5000000000000018 4.5000000000000009 3.5000000000000004 5.5000000000000009 7.5000000000000009 6.5000000000000009 18.500000000000004 8.5000000000000018 15.500000000000002 20.500000000000004 26.500000000000004 3.5000000000000004 1.5000000000000002 7.5000000000000009 1.0000000180025095e-35 2.5000000000000004 1.5000000000000002 27.500000000000004 23.500000000000004 363.50000000000006 1.0000000180025095e-35 17.500000000000004
decision_type=2 2 2 2 2 2 2 2 2 2 2 2 2 2 2 2 2 2 2 2 2 2 2 2 2 2 2 2 2
left_child=1 6 3 4 -2 8 -1 22 -3 -10 -11 12 13 -12 16 -16 -13 -18 19 21 -21 -8 23 -6 25 26 27 -24 -26
right_child=2 5 -4 -5 7 -7 18 -9 9 10 11 14 -14 -15 15 -17 17 -19 -20 20 -22 -23 24 -25 28 -27 -28 -29 -30
leaf_value=-0.1989375458097383 0.16544880695645803 -0.0083968184299680736 0.098646114657472611 0.1363269463325045 0.030795679672259893 0.080202013711593884 0.014059459929532187 0.11561413697872669 0.040444633791423365 -0.16623494532832128 0.13102417734841804 -0.17974704832917088 0.17754521679149091 -0.12754534954604921 0.28240504343089595 -0.20354833183248303 0.063106489170121766 -0.20229350809241464 -0.13195109600519647 -0.13938790748724664 0.50959090980669319 -0.18227400576901953 0.18953948793939751 0.24329284292989986 0.012945738965640989 0.086202505748698546 0.025060098460342607 -0.04616178792192431 -0.18083025374867534
leaf_weight=50.988021947443485 17.825599387288094 140.86964985728264 204.59737718105316 35.733284153044224 142.21861664950848 25.596382588148117 11.281742036342619 30.877851389348507 23.16966050863266 35.29129233956337 7.3313845694065121 42.96312353014946 9.4049769416451436 15.34951691329479 10.846808135509493 16.714814022183418 14.474090956151487 7.541626624763011 89.546668089926243 5.9482594057917577 5.5342513248324394 23.218541041016579 4.3685406893491736 8.7039366662502271 10.366696603596212 43.972556583583355 178.82590086758137 153.29784570634365 18.26451201736927
leaf_count=523 96 656 1246 235 649 144 59 204 110 198 35 321 51 85 50 108 83 56 688 40 29 172 20 42 50 211 804 785 93
internal_value=0 -0.0675532 0.0441144 0.0267218 0.0201521 -0.0346458 -0.128898 0.0155956 -0.0438596 -0.0710215 -0.0872676 -0.064175 0.0240766 -0.0426703 -0.0947292 -0.0102452 -0.130117 -0.0309371 -0.101741 -0.0419117 0.183736 -0.11898 0.00995592 0.0440208 -0.00266006 0.00573469 -0.00492365 -0.0388954 -0.111913
internal_weight=0 536.071 849.053 644.455 608.722 349.553 186.517 590.896 323.957 183.087 159.918 124.626 32.0859 22.6809 92.5405 27.5616 64.9788 22.0157 135.529 45.9828 11.4825 34.5003 560.019 150.923 409.096 380.465 336.492 157.666 28.6312
internal_count=7843 3408 4435 3189 2954 1897 1511 2858 1753 1097 987 789 171 120 618 158 460 139 988 300 69 231 2654 691 1963 1820 1609 805 143
is_linear=0
shrinkage=0.2


Tree=10
num_leaves=30
num_cat=0
split_feature=4 4 1 4 0 4 1 0 0 4 2 0 0 4 2 2 0 0 0 4 4 2 2 2 4 0 2 2 2
split_gain=71.5089 27.9356 24.7837 9.57337 8.00276 6.78377 6.14991 7.83417 5.02997 4.69846 4.55147 4.14203 3.727 4.56343 3.52706 3.15581 3.76385 3.5568 9.75418 10.4967 4.35778 3.14186 3.03001 3.02273 2.81967 2.46728 3.45295 6.1824 3.97284
threshold=129.50000000000003 392.50000000000006 1.0000000180025095e-35 61.500000000000007 7.5000000000000009 896.50000000000011 1.0000000180025095e-35 11.500000000000002 42.500000000000007 216.50000000000003 27.500000000000004 42.500000000000007 42.500000000000007 253.50000000000003 28.500000000000004 21.500000000000004 17.500000000000004 20.500000000000004 33.500000000000007 164.50000000000003 139.50000000000003 7.5000000000000009 17.500000000000004 2.5000000000000004 231.50000000000003 15.500000000000002 14.500000000000002 10.500000000000002 19.500000000000004
decision_type=2 2 2 2 2 2 2 2 2 2 2 2 2 2 2 2 2 2 2 2 2 2 2 2 2 2 2 2 2
left_child=3 2 4 -1 9 11 7 21 23 -2 15 25 13 -4 -12 17 -17 -6 -19 20 -20 -5 -21 -7 -18 -3 27 -27 -28
right_child=1 5 12 6 10 8 -8 -9 -10 -11 14 -13 -14 -15 -16 16 24 18 19 22 -22 -23 -24 -25 -26 26 28 -29 -30
leaf_value=-0.19010986362117152 0.039360145155548795 0.063306272939442507 -0.079653119665024696 -0.050632858978201113 0.040114513346733105 -0.020982078058454257 -0.12615672034870545 -0.074526796030465067 -0.13121923001685254 0.21936976477794207 -0.12453789562418938 0.13322719939084132 0.12037852028442407 -0.025471949313161053 0.0080492362241001286 -0.002546330092570148 0.048073616101382936 -0.051611566960263359 0.058844813336795247 0.11153428832373127 -0.17524896166653472 0.14182976470366868 -0.0035173110211884472 0.12346891943773022 0.16036416515807753 0.01768308294365549 -0.038393003239105133 0.11198260632691964 0.037230160276314324
leaf_weight=43.51122473180294 11.114060632884504 122.3513785675168 149.13744193315506 4.5541671440005294 132.31693570315838 6.0277646780014029 75.52318861335516 74.479131050407887 2.9635228589177123 12.313349515199659 14.394734144210817 19.840732499957085 4.2489197999238959 107.75898779928684 17.064395897090435 19.809177592396736 18.612498372793198 81.303628869354725 4.2572510093450537 44.575106784701347 9.4944106042385084 10.160908006131647 11.4336896315217 85.892965540289879 18.098664119839668 78.468671068549156 50.772423431277275 42.698214575648308 59.843481719493866
leaf_count=523 54 622 948 22 628 42 625 534 20 75 75 131 22 561 101 97 95 391 21 254 45 46 62 591 96 394 246 211 311
internal_value=0 0.0205083 -0.00614455 -0.106914 0.0254627 0.0577534 -0.0842896 -0.0481969 0.105438 0.137272 0.0181865 0.0454965 -0.0538728 -0.0570451 -0.053885 0.0249452 0.0678439 0.0162562 -0.00472195 0.049899 -0.103381 0.0826348 0.0882719 0.113917 0.105222 0.0403511 0.0280936 0.0513249 0.00249825
internal_weight=0 1124.79 655.933 208.229 394.788 468.859 164.717 89.1942 94.8843 23.4274 371.36 373.975 261.145 256.896 31.4591 339.901 56.5203 283.381 151.064 69.7605 13.7517 14.7151 56.0088 91.9207 36.7112 354.134 231.783 121.167 110.616
internal_count=7843 6093 3525 1750 1994 2568 1227 602 653 129 1865 1915 1531 1509 176 1689 288 1401 773 382 66 68 316 633 191 1784 1162 605 557
is_linear=0
shrinkage=0.2


Tree=11
num_leaves=30
num_cat=0
split_feature=4 4 4 3 3 3 3 2 3 3 3 2 0 2 2 2 4 3 2 0 2 3 2 3 2 0 2 3 2
split_gain=50.3657 18.684 8.99072 8.44232 11.9289 7.73333 5.8827 39.9088 5.64401 6.47795 18.6722 8.96732 7.42787 5.56939 8.07146 5.85675 5.19149 4.60712 9.69424 6.79165 4.89581 15.5665 4.52891 4.18208 9.32268 6.32842 3.99339 6.20498 21.9347
threshold=129.50000000000003 392.50000000000006 61.500000000000007 9.5000000000000018 7.5000000000000009 6.5000000000000009 8.5000000000000018 15.500000000000002 10.500000000000002 7.5000000000000009 6.5000000000000009 26.500000000000004 9.5000000000000018 15.500000000000002 26.500000000000004 3.5000000000000004 896.50000000000011 4.5000000000000009 1.5000000000000002 17.500000000000004 23.500000000000004 5.5000000000000009 20.500000000000004 5.5000000000000009 3.5000000000000004 12.500000000000002 1.5000000000000002 1.5000000000000002 27.500000000000004
decision_type=2 2 2 2 2 2 2 2 2 2 2 2 2 2 2 2 2 2 2 2 2 2 2 2 2 2 2 2 2
left_child=2 3 -1 4 5 17 13 -8 9 10 11 12 -4 15 -15 -6 -3 26 -19 23 -21 -22 -11 -20 -25 -26 -2 -28 -29
right_child=1 16 8 -5 6 -7 7 -9 -10 22 -12 -13 -14 14 -16 -17 -18 18 19 20 21 -23 -24 24 25 -27 27 28 -30
leaf_value=-0.1815363425094022 -0.092006086456321676 0.037368228507236062 0.14446035925784381 0.078293600262528185 0.065979249293755385 0.13095446285423282 0.22958811478580121 -0.13903302947983642 0.12265674773247857 -0.17099071597592919 0.25467931298337881 -0.22032837957160642 -0.066146257552562218 0.012517839923189845 -0.1798709438490606 -0.13361227580489834 0.091366147209424931 0.11504964880876088 -0.036004227939415982 -0.10266250228992398 -0.097524574192283997 0.31774311394391308 -0.018465198438395745 -0.079691191602551115 0.058552355955810355 0.34383812077529052 6.8106543919470717e-05 0.10833158546112671 -0.1831886623038195
leaf_weight=37.161483004689217 12.236605152487753 367.06838820874691 6.7465177476406089 44.730377249419689 6.0907404199242583 18.452355653047562 18.46847826987505 29.872828654944897 5.2007593363523474 37.754594527184963 6.8415849059820166 13.642196275293825 75.62339124828577 40.526298657059669 10.454266369342802 64.022101514041424 88.463364452123642 16.444489017128944 28.057105503976345 68.147575564682484 12.530229769647123 4.3405918031930915 9.9765537753701192 8.3564295023679751 7.4650323092937452 5.1262679845094681 167.36193012446165 71.275569751858711 11.463759645819662
leaf_count=523 55 1915 33 307 30 131 95 186 23 356 29 123 575 243 82 463 653 77 138 357 71 22 88 36 36 23 774 338 61
internal_value=0 0.0169847 -0.0936312 -0.00490826 -0.0111802 0.00650048 -0.0560382 0.00294954 -0.0720088 -0.0792199 -0.0504324 -0.0737077 -0.0479212 -0.0794788 -0.0286654 -0.115836 0.0479674 0.000744399 -0.0270873 -0.0449887 -0.0789705 0.0169835 -0.139773 0.0142229 0.0805746 0.185654 0.0167346 0.0222749 0.0668507
internal_weight=0 1100.95 192.947 645.423 600.693 431.258 169.435 48.3413 155.786 150.585 102.854 96.0121 82.3699 121.093 50.9806 70.1128 455.532 412.806 150.468 134.023 85.0184 16.8708 47.7311 49.0048 20.9477 12.5913 262.338 250.101 82.7393
internal_count=7843 6093 1750 3525 3218 2119 1099 281 1227 1204 760 731 608 818 325 493 2568 1988 760 683 450 93 444 233 95 59 1228 1173 399
is_linear=0
shrinkage=0.2


Tree=12
num_leaves=30
num_cat=0
split_feature=4 4 4 3 3 2 2 2 3 2 2 3 2 2 2 2 4 4 3 2 3 3 2 3 0 2 3 2 2
split_gain=36.9729 12.2762 9.08647 7.55543 7.31735 6.69241 10.4572 7.46077 6.16417 5.68886 5.29689 8.81099 7.25868 9.86235 5.62372 6.26243 7.03435 4.98635 4.85436 4.7651 4.51597 12.926 27.6405 7.73227 5.47212 4.80649 4.61235 8.58141 11.1863
threshold=139.50000000000003 636.50000000000011 61.500000000000007 9.5000000000000018 7.5000000000000009 3.5000000000000004 8.5000000000000018 26.500000000000004 6.5000000000000009 27.500000000000004 12.500000000000002 8.5000000000000018 22.500000000000004 24.500000000000004 21.500000000000004 20.500000000000004 371.50000000000006 287.50000000000006 1.0000000180025095e-35 18.500000000000004 4.5000000000000009 2.5000000000000004 7.5000000000000009 1.0000000180025095e-35 13.500000000000002 17.500000000000004 8.5000000000000018 14.500000000000002 7.5000000000000009
decision_type=2 2 2 2 2 2 2 2 2 2 2 2 2 2 2 2 2 2 2 2 2 2 2 2 2 2 2 2 2
left_child=2 3 -1 4 8 -6 -7 10 -2 20 11 17 14 -14 15 16 -12 -8 19 -3 21 23 -23 25 -24 -4 -22 28 -28
right_child=1 18 9 -5 5 6 7 -9 -10 -11 12 -13 13 -15 -16 -17 -18 -19 -20 -21 26 22 24 -25 -26 -27 27 -29 -30
leaf_value=-0.17294926682362022 0.0090935387951650709 -0.11921948972380453 -0.054648067096467856 0.078977691269713407 0.12073386424263349 -0.12092396378790884 -0.09553876550282718 -0.14562317484963558 0.12114412418383842 -0.17850784537415496 -0.093867359625898553 0.23970373151165389 0.24017593531987025 -0.011621626835784792 -0.24326723595671554 0.20607156593933251 0.014020415459475756 0.069936074812313773 0.070141186216742243 0.096340111073180884 -0.10056075404372883 -0.12938828759564452 0.10199247918303152 -0.12684789160770493 0.38316674117451011 0.17164651598707259 -0.12243078847340882 -0.094145426992409714 0.26572137689704167
leaf_weight=31.810450490564108 524.04177241772413 10.639911718666555 7.6791243106126768 51.57279784232378 10.868369266390799 45.528564989566803 10.667081482708456 15.261116363108156 19.775342755019665 13.797102242708204 52.207891911268234 8.0708102174103242 8.4560231715440768 19.537766374647617 4.8362052142620078 3.5342979431152335 44.286920472979546 19.871936574578285 180.88429521769285 5.8683633878827086 72.392446808516979 10.548363670706751 4.7742861807346335 30.390328578650951 8.7259700372815114 6.3097650930285454 4.2696375697851199 17.207178242504597 7.2952059283852577
leaf_count=523 2549 71 39 380 60 292 85 103 151 128 368 48 42 102 29 17 194 96 1245 43 662 69 23 238 47 35 21 148 35
internal_value=0 0.0158813 -0.0751066 0.00529974 0.000411301 -0.0283882 -0.0356771 -0.0145521 0.013305 -0.0575956 -0.00239115 0.0622098 -0.0213717 0.0680863 -0.0455192 -0.034481 -0.0445841 0.0113664 0.0606699 -0.0418606 -0.0471282 -0.00732361 0.109055 -0.071038 0.292799 0.0504508 -0.0738381 -0.00588078 0.123508
internal_weight=0 1035.91 215.2 838.517 786.944 243.127 232.259 186.73 543.817 183.389 171.469 38.6098 132.859 27.9938 104.865 100.029 96.4948 30.539 197.393 16.5083 169.592 68.4278 24.0486 44.3792 13.5003 13.9889 101.164 28.772 11.5648
internal_count=7843 5875 1968 4516 4136 1436 1376 1084 2700 1445 981 229 752 144 608 579 562 181 1359 114 1317 451 139 312 70 74 866 204 56
is_linear=0
shrinkage=0.2


Tree=13
num_leaves=30
num_cat=0
split_feature=4 4 1 3 3 0 3 3 4 0 3 3 4 0 0 0 0 0 0 4 4 3 3 4 4 4 3 4 0
split_gain=27.027 11.6485 10.2358 12.4905 13.1247 6.38796 6.34342 11.62 5.30653 7.35764 5.06485 5.04074 5.76292 4.45604 4.36649 4.31428 3.87196 3.1839 5.51752 3.45738 3.12043 2.89958 9.62031 3.67041 2.93769 4.23668 2.74143 2.61433 2.67608
threshold=222.50000000000003 61.500000000000007 1.0000000180025095e-35 3.5000000000000004 9.5000000000000018 7.5000000000000009 1.0000000180025095e-35 1.5000000000000002 896.50000000000011 42.500000000000007 1.0000000180025095e-35 9.5000000000000018 251.50000000000003 11.500000000000002 41.500000000000007 55.500000000000007 42.500000000000007 15.500000000000002 20.500000000000004 182.50000000000003 185.50000000000003 5.5000000000000009 4.5000000000000009 158.50000000000003 176.50000000000003 204.50000000000003 4.5000000000000009 162.50000000000003 33.500000000000007
decision_type=2 2 2 2 2 2 2 2 2 2 2 2 2 2 2 2 2 2 2 2 2 2 2 2 2 2 2 2 2
left_child=1 -1 6 10 14 26 20 13 9 11 -4 -7 -13 -8 -5 21 -10 -15 -19 -20 -3 22 23 -9 -25 -26 -2 -23 -29
right_child=5 2 3 4 -6 8 7 15 16 -11 -12 12 -14 17 -16 -17 -18 18 19 -21 -22 27 -24 24 25 -27 -28 28 -30
leaf_value=-0.16415905862970526 0.21330260161067527 0.13004453918363687 -0.065162875592531963 -0.13166855064203176 0.11597243409701395 0.0044233560147772643 0.077613577240355988 0.091642495739723051 0.077428096411229455 0.10399036873856 0.064582606870492429 -0.10648065110640317 0.13029400583053791 -0.20209222780127989 0.12231805186889072 -0.1600452053180032 -0.13858760792861954 0.029389057300737178 -0.16906921153342946 -0.0080730620108515443 -0.03709920990637168 0.010289439493283512 -0.10704586680444028 -0.13206827860930886 0.13399580257980723 -0.11208322167494089 0.073584268399770614 0.047263573446213375 0.16964610627129598
leaf_weight=27.327595394104719 7.5039914771914509 18.321700029075149 19.016207590699196 103.62023609131575 9.3472696095705015 604.09672927856445 5.1021655052900305 25.251411844044924 74.666301354765892 33.237641200423241 30.464358471333981 4.4627449214458492 23.28201998770237 11.523792609572409 2.3062106594443312 5.1250154562294474 2.9048250392079344 12.188222557306288 21.24955549091101 7.1428456455469123 5.5301112830638877 58.061680171638727 27.041101355105639 6.0534213632345226 6.3028203547000867 4.0905046314001083 22.47276820987463 31.975790992379189 8.9181215614080411
leaf_count=523 49 85 96 1044 51 3122 23 132 614 267 169 35 183 73 13 29 20 71 158 32 29 377 184 26 32 20 145 183 58
internal_value=0 -0.0391034 -0.0307032 -0.0694211 -0.105336 0.0226929 -0.00546647 -0.0157282 0.0189843 0.0131753 0.014525 0.00829818 0.0906752 -0.0933256 -0.125441 0.0102061 0.068277 -0.110799 -0.0821539 -0.129631 0.0913348 0.0159946 -0.0154785 0.0446191 -0.0283023 0.0362674 0.112267 0.0378165 0.0761433
internal_weight=0 445.96 418.633 164.754 115.274 772.627 253.878 230.026 742.65 665.079 49.4806 631.841 27.7448 57.2066 105.926 172.82 77.5711 52.1044 40.5806 28.3924 23.8518 167.695 68.7393 41.6982 16.4467 10.3933 29.9768 98.9556 40.8939
internal_count=7843 3408 2885 1373 1108 4435 1512 1398 4241 3607 265 3340 218 357 1057 1041 634 334 261 190 114 1012 394 210 78 52 194 618 241
is_linear=0
shrinkage=0.2


Tree=14
num_leaves=30
num_cat=0
split_feature=4 4 4 0 2 3 2 2 0 3 4 4 3 2 2 2 3 3 3 3 3 3 2 3 3 2 2 2 2
split_gain=19.2206 6.71091 6.63089 5.20116 4.65167 4.46149 8.23974 12.526 10.6325 7.39829 6.06111 5.19996 4.77198 4.4704 4.095 6.82138 4.96321 4.70626 4.44117 14.1945 7.31401 6.36969 3.77673 3.66412 5.53658 3.61438 5.09756 4.00134 3.59881
threshold=139.50000000000003 551.50000000000011 59.500000000000007 4.5000000000000009 27.500000000000004 8.5000000000000018 16.500000000000004 18.500000000000004 54.500000000000007 7.5000000000000009 416.50000000000006 251.50000000000003 6.5000000000000009 20.500000000000004 20.500000000000004 15.500000000000002 4.5000000000000009 9.5000000000000018 8.5000000000000018 7.5000000000000009 9.5000000000000018 6.5000000000000009 1.0000000180025095e-35 9.5000000000000018 10.500000000000002 15.500000000000002 26.500000000000004 3.5000000000000004 24.500000000000004
decision_type=2 2 2 2 2 2 2 2 2 2 2 2 2 2 2 2 2 2 2 2 2 2 2 2 2 2 2 2 2
left_child=2 3 -1 -2 14 9 8 10 23 12 -8 13 22 -9 15 18 -17 28 19 21 -20 -4 -5 -7 -25 27 -27 -11 -16
right_child=1 -3 4 5 -6 6 7 11 -10 25 -12 -13 -14 -15 17 16 -18 -19 20 -21 -22 -23 -24 24 -26 26 -28 -29 -30
leaf_value=-0.15993623219794567 0.13931574346144124 0.039268459221380857 -0.020136887753565716 0.12371373682096705 -0.16112630110646217 0.18678876933864785 -0.22315373236263786 -0.17024112444807105 -0.25970034963778971 0.06780317634085159 0.033189276021269164 0.12306266134221351 0.10794596288945449 0.047985431227114024 0.082357057572101836 -0.03157539123434118 -0.19201822807720678 0.23718462497438836 0.24230821482362441 -0.21110325276855227 -0.044990636210142744 0.1887749890454134 -0.00098970353014951173 -0.065365382984469908 0.14050253047758615 0.020997912033064649 -0.11929258980158533 -0.083934272264229601 -0.055435772002003975
leaf_weight=21.962631899863482 10.169635478407143 252.07026656717062 57.792484831064939 9.2847782596945745 12.012267578393219 20.455517575144768 12.270146586000921 5.2564930245280257 2.4613813050091258 7.1311252936720839 4.9570619463920584 19.047399796545506 16.867141474038363 9.8128749355673772 12.170315761119129 13.031020380556582 19.35626170411706 3.1574762165546408 5.6149472519755346 15.15245236083865 7.8099993467330933 5.8494764789938918 465.85312093049288 7.7558697089552888 13.670537814497948 49.434108003973961 12.429994538426397 80.742444753646851 17.946691650897264
leaf_count=487 66 1696 445 48 134 122 90 42 21 39 21 130 140 68 98 92 231 14 29 213 36 27 2276 62 117 285 95 557 162
internal_value=0 0.0110923 -0.0579196 0.00156676 -0.0441839 -0.000451378 0.0396878 -0.0148894 0.102198 -0.00646974 -0.150837 0.0552623 0.00538959 -0.03195 -0.0346753 -0.0512687 -0.129317 0.0272598 -0.02316 -0.0413603 0.0806995 0.000743547 0.00160937 0.127035 0.0662471 -0.0452948 -0.00811749 -0.0712215 0.000798454
internal_weight=0 999.67 191.856 747.6 169.893 737.43 95.6873 51.344 44.3433 641.743 17.2272 34.1168 492.005 15.0694 157.881 124.607 32.3873 33.2745 92.2194 78.7944 13.4249 63.642 475.138 41.8819 21.4264 149.738 61.8641 87.8736 30.117
internal_count=7843 5875 1968 4179 1481 4113 673 351 322 3440 111 240 2464 110 1347 1073 323 274 750 685 65 472 2324 301 179 976 380 596 260
is_linear=0
shrinkage=0.2


Tree=15
num_leaves=30
num_cat=0
split_feature=4 4 1 1 0 4 0 0 2 0 2 0 0 4 4 2 0 2 2 2 0 2 2 0 2 2 4 2 0
split_gain=13.9585 7.57009 5.49491 5.13633 5.10546 4.65708 4.4893 3.94019 4.36823 3.02752 5.40639 2.92438 2.43562 4.671 3.45249 2.83328 2.40531 3.11248 2.24187 2.23048 5.07169 5.75974 8.31444 4.8896 4.73672 3.50879 4.56547 3.35363 3.83864
threshold=222.50000000000003 59.500000000000007 1.0000000180025095e-35 1.0000000180025095e-35 42.500000000000007 1009.5000000000001 7.5000000000000009 55.500000000000007 26.500000000000004 11.500000000000002 3.5000000000000004 31.500000000000004 9.5000000000000018 740.50000000000011 498.50000000000006 9.5000000000000018 6.5000000000000009 18.500000000000004 6.5000000000000009 14.500000000000002 24.500000000000004 10.500000000000002 9.5000000000000018 14.500000000000002 4.5000000000000009 11.500000000000002 604.50000000000011 16.500000000000004 30.500000000000004
decision_type=2 2 2 2 2 2 2 2 2 2 2 2 2 2 2 2 2 2 2 2 2 2 2 2 2 2 2 2 2
left_child=1 -1 7 6 -4 19 18 8 9 10 -3 -10 13 14 15 -8 -12 -18 -2 20 23 22 -22 24 -5 26 -26 28 -21
right_child=3 2 4 5 -6 -7 12 -9 11 -11 16 -13 -14 -15 -16 -17 17 -19 -20 27 21 -23 -24 -25 25 -27 -28 -29 -30
leaf_value=-0.15088186798594291 -0.021471486533729378 -0.094299376487748263 -0.059390129016019193 -0.11253947107875158 0.17128420731555649 0.071046826083960443 -0.14511304865297747 -0.13695445762618849 -0.11638142622740302 -0.0018877654949093902 0.17525627436050151 0.020445302038273185 0.030833886860162019 0.18420737944724377 -0.24770412487555282 0.038753469812257822 0.0040895554737132994 0.15792806844044996 0.16345122908580015 -0.1139697809758598 -0.050794975001084319 0.04805957561627712 -0.33650867035698617 0.064936613590765427 0.014912985378829045 -0.046494618425847817 0.22914975439582275 -0.011140764959691234 0.079662859732649777
leaf_weight=18.985161893069744 3.0324803255498436 6.9996591582894316 146.86397773772478 14.156296029686926 3.3400808721780768 31.698112912476063 4.7424230352044168 8.102517716586588 19.12682227790356 170.28802201151848 9.5134869739413244 8.8894508741795999 359.67293465510011 2.5046088322997084 3.2602968961000434 8.3866992145776731 15.764743037521841 7.2853739336132994 13.897032041102646 25.905931785702709 32.557052411139011 18.249587059020996 4.0847220048308364 68.219423420727253 13.090421572327616 15.337539464235304 5.1427360847592345 122.56671570241451 4.3746258318424216
leaf_count=487 25 35 1368 73 18 281 23 44 136 1086 49 67 2125 22 20 46 80 38 111 134 175 107 23 369 70 81 33 695 22
internal_value=0 -0.0295516 -0.0235046 0.0161188 -0.0535596 -0.00133547 0.0317797 -0.00506034 -0.000214168 0.0097594 0.0591273 -0.073477 0.0271418 -0.0418573 -0.0819982 -0.0313 0.0932823 0.0556495 0.130749 -0.00854929 0.00714796 -0.0426292 -0.0878465 0.0308175 -0.0181639 0.0229862 0.0810297 -0.026051 -0.0849318
internal_weight=0 415.159 396.174 750.88 150.204 355.383 395.496 245.97 237.868 209.851 39.5633 28.0163 378.567 18.894 16.3894 13.1291 32.5636 23.0501 16.9295 323.685 170.838 54.8914 36.6418 115.946 47.727 33.5707 18.2332 152.847 30.2806
internal_count=7843 3408 2921 4435 1386 2063 2372 1535 1491 1288 202 203 2236 111 89 69 167 118 136 1782 931 305 198 626 257 184 103 851 156
is_linear=0
shrinkage=0.2


Tree=16
num_leaves=30
num_cat=0
split_feature=4 1 4 4 4 2 2 0 4 2 4 4 4 4 2 2 0 4 0 2 2 2 0 2 2 0 0 4 0
split_gain=10.0653 6.13083 7.44774 3.24185 3.0036 2.98117 2.72069 5.74867 5.03508 4.21085 3.51245 3.48487 3.4388 5.74792 6.90386 3.90128 2.87043 2.81905 3.207 2.69849 6.17288 2.64825 2.63726 10.5829 3.67925 3.44875 3.22413 3.02763 3.34692
threshold=114.50000000000001 1.0000000180025095e-35 379.50000000000006 63.500000000000007 933.50000000000011 26.500000000000004 12.500000000000002 10.500000000000002 504.50000000000006 7.5000000000000009 722.50000000000011 527.50000000000011 722.50000000000011 787.50000000000011 18.500000000000004 19.500000000000004 34.500000000000007 668.50000000000011 19.500000000000004 19.500000000000004 17.500000000000004 28.500000000000004 6.5000000000000009 6.5000000000000009 3.5000000000000004 12.500000000000002 42.500000000000007 504.50000000000006 47.500000000000007
decision_type=2 2 2 2 2 2 2 2 2 2 2 2 2 2 2 2 2 2 2 2 2 2 2 2 2 2 2 2 2
left_child=3 22 19 -1 6 -5 9 8 -8 10 11 -4 16 14 -14 -15 17 21 -19 20 -3 -9 23 -2 25 -24 -26 28 -28
right_child=1 2 4 5 -6 -7 7 12 -10 -11 -12 -13 13 15 -16 -17 -18 18 -20 -21 -22 -23 24 -25 26 -27 27 -29 -30
leaf_value=-0.12528181538272182 -0.18519081051411856 -0.032558227161768691 0.035733066957529355 -0.023987398363130533 0.070085870670996461 -0.13939972873475612 -0.02167195338730506 -0.049956542428735207 0.20476271626630937 0.095615013614511926 0.12159748982863566 -0.081893493878541515 -0.39732100260140452 0.083155927137547214 -0.033005308627605097 -0.14327245268420161 0.10596407746717358 0.18852228725125869 -0.048610075460422029 0.0037519685188378222 -0.15903723953554061 0.099009918078203252 0.14187157466126571 0.17460432792060646 0.0093638154731101753 0.038373969975641492 0.18770554399644473 -0.029985316937737063 0.049550758639768121
leaf_weight=20.17465859092772 3.6308857873082188 158.35851179808378 19.141568742692471 80.264030862599611 36.83003330975771 9.5127030871808511 7.0940182209014875 57.225935742259026 7.8680452033877373 29.27614863216877 7.2198142036795607 20.014473706483841 3.8954104632139233 6.8195143938064557 4.0796418786048889 4.5102813914418221 6.9952303171157828 4.3893461972475034 3.7918659001588821 60.923498321324587 16.557085055857897 4.6149752885103217 16.229813329875469 14.224571768194435 447.9784100651741 58.123245552182198 10.180484015494583 9.5923163890838605 21.969565823674202
leaf_count=561 24 1065 85 805 340 129 30 261 46 150 52 99 23 53 24 36 34 25 22 438 129 22 88 108 2547 330 81 73 167
internal_value=0 0.00954164 -0.00771931 -0.0539175 0.0183923 -0.0371116 0.00800441 -0.0118792 0.100898 0.0371084 -0.000620038 -0.0247395 -0.0299446 -0.103986 -0.227167 -0.00980878 -0.0106857 -0.0231884 0.0830391 -0.032477 -0.0450635 -0.0379444 0.0231678 0.097585 0.0207049 0.0619777 0.0143662 0.0671048 0.0960925
internal_weight=0 1041.53 459.605 109.951 223.766 89.7767 186.936 111.284 14.9621 75.652 46.3759 39.156 96.3222 19.3048 7.97505 11.3298 77.0174 70.0221 8.18121 235.839 174.916 61.8409 581.929 17.8555 564.074 74.3531 489.721 41.7424 32.15
internal_count=7847 6352 2934 1495 1302 934 962 576 76 386 236 184 500 136 47 89 364 330 47 1632 1194 283 3418 132 3286 418 2868 321 248
is_linear=0
shrinkage=0.2


Tree=17
num_leaves=30
num_cat=0
split_feature=3 2 0 2 0 2 3 3 3 2 1 0 2 3 3 0 3 1 0 3 3 3 0 2 3 2 0 2 2
split_gain=6.18766 8.88224 8.53375 7.51218 13.3676 8.4173 7.20615 39.2653 11.9108 23.1248 10.5028 7.20535 6.63158 7.28603 21.2859 9.25198 7.57919 7.75836 6.17099 5.48584 6.19567 21.1211 6.00091 5.14462 8.21052 5.13329 4.89828 4.88714 4.5363
threshold=9.5000000000000018 18.500000000000004 42.500000000000007 12.500000000000002 7.5000000000000009 8.5000000000000018 3.5000000000000004 1.5000000000000002 1.0000000180025095e-35 19.500000000000004 1.0000000180025095e-35 54.500000000000007 4.5000000000000009 2.5000000000000004 4.5000000000000009 6.5000000000000009 1.0000000180025095e-35 1.0000000180025095e-35 13.500000000000002 8.5000000000000018 4.5000000000000009 1.5000000000000002 36.500000000000007 10.500000000000002 5.5000000000000009 3.5000000000000004 23.500000000000004 28.500000000000004 9.5000000000000018
decision_type=2 2 2 2 2 2 2 2 2 2 2 2 2 2 2 2 2 2 2 2 2 2 2 2 2 2 2 2 2
left_child=2 11 3 5 -5 12 7 8 9 10 -6 18 13 16 26 -16 17 -1 -2 20 21 28 23 -22 -25 -18 -15 -11 -7
right_child=1 -3 -4 4 6 19 -8 -9 -10 27 -12 -13 -14 14 15 -17 25 -19 -20 -21 22 -23 -24 24 -26 -27 -28 -29 -30
leaf_value=0.13261152826443884 -0.096468165298948083 0.15065492027171354 0.086114253410566929 0.13770338625828102 0.099418006517749902 0.20768806224925207 -0.041256983018660535 0.26309175506870353 -0.08253377719139815 0.23801190637384032 -0.12191307108817956 -0.26636241768419666 -0.034390765450482884 -0.050652454146893282 -0.24461939011156592 0.069768035344759269 0.25043031923817233 -0.2269445612505134 0.082249339782417052 0.19935634939844094 -0.060129561666931147 0.28371178159242466 -0.17274323531671459 0.34672150302217242 0.033707474769037626 0.062536506659737603 -0.18319685273171082 0.081306552094552606 0.00062908797274562316
leaf_weight=4.1337181329727155 10.522859536111353 26.320454716682434 42.795880649238825 20.174213141202927 10.938455324620007 4.0522699393331996 374.9290347546339 20.568820502609015 76.930054912343621 14.408409357070921 33.326046517118812 3.0292748287320128 146.64206539839506 27.418306700885296 3.2878445722162715 92.348493596538901 12.436066053807735 4.2479546666145325 24.663046933710575 9.3124250546097738 19.716555273160338 15.86211486160755 6.4601002000272265 3.0863138809800139 35.837122272700071 11.485699668526649 19.023904956877232 19.150916788727045 43.519830849021673
leaf_count=22 89 205 322 146 56 22 2848 114 503 74 196 21 1007 152 21 593 62 22 193 58 146 86 50 14 283 61 107 126 248
internal_value=0 0.0627437 -0.000727155 -0.00438881 -0.0197036 0.01465 -0.0256271 0.00782584 -0.0270409 0.0280392 -0.0665848 0.000719502 -0.00312263 0.023201 0.00353631 0.0574143 0.107952 -0.0527723 0.028037 0.055864 0.0445369 0.0886893 0.00107227 0.0218697 0.0637053 0.164174 -0.106688 0.151764 0.0207755
internal_weight=0 64.5356 1072.09 1029.3 570.426 458.871 550.252 175.323 154.754 77.8238 44.2645 38.2152 321.024 174.382 142.079 95.6363 32.3034 8.38167 35.1859 137.847 128.534 63.4342 65.1001 58.64 38.9234 23.9218 46.4422 33.5593 47.5721
internal_count=7847 508 7339 7017 4063 2954 3917 1069 955 452 252 303 2047 1040 873 614 167 44 282 907 849 356 493 443 297 123 259 200 270
is_linear=0
shrinkage=0.2


Tree=18
num_leaves=30
num_cat=0
split_feature=4 3 3 3 1 2 3 2 3 4 3 2 2 2 2 3 4 4 2 4 2 4 4 2 3 3 2 2 2
split_gain=8.87294 6.54944 7.61679 11.4146 10.5133 3.95453 15.1715 4.52063 6.15796 3.80421 3.61527 14.9501 4.80334 3.23752 8.524 4.60151 3.26127 3.1246 3.0768 2.92635 2.91718 2.86085 2.85774 2.71631 8.72987 4.16006 7.7877 7.66507 5.77758
threshold=344.50000000000006 9.5000000000000018 7.5000000000000009 6.5000000000000009 1.0000000180025095e-35 26.500000000000004 5.5000000000000009 25.500000000000004 2.5000000000000004 129.50000000000003 8.5000000000000018 15.500000000000002 11.500000000000002 16.500000000000004 20.500000000000004 8.5000000000000018 290.50000000000006 305.50000000000006 23.500000000000004 158.50000000000003 4.5000000000000009 135.50000000000003 1242.5000000000002 1.0000000180025095e-35 5.5000000000000009 4.5000000000000009 4.5000000000000009 21.500000000000004 1.5000000000000002
decision_type=2 2 2 2 2 2 2 2 2 2 2 2 2 2 2 2 2 2 2 2 2 2 2 2 2 2 2 2 2
left_child=1 2 3 5 13 7 9 18 -9 -7 12 -12 -6 15 16 19 -15 -14 23 -4 -3 -5 -2 24 -1 27 -27 28 -25
right_child=22 20 4 21 10 6 -8 8 -10 -11 11 -13 17 14 -16 -17 -18 -19 -20 -21 -22 -23 -24 25 -26 26 -28 -29 -30
leaf_value=-0.11269575371801743 0.019751068933793841 -0.082100028715556939 -0.18999831684107327 0.25053656328870494 -0.18563697474547497 -0.19436327046555552 0.30390211919687876 -0.028982422665764243 0.27645870560246338 -0.060905826457114426 0.25203657725261408 -0.14965134660928742 -0.096969260550800754 -0.20541590041328336 0.057103280593293441 0.13337664997396684 0.025540179394939008 0.054331345361460059 -0.09630063838994446 0.020640612265092791 0.078759372874866951 0.082349554308209935 0.090191464182786077 -0.14265512902859198 0.25806549669943551 0.040440980634661491 -0.067824356269009137 0.23442671658126049 0.010843759966701422
leaf_weight=4.0101742222905141 452.84521328285336 4.5582284703850737 2.6438119038939485 6.3058519847691086 26.412525329738855 10.566267207264898 3.6032447665929785 5.0333985872566682 4.6748922914266586 41.078467890620232 5.0656362473964682 9.954667214304207 43.544673265889287 10.202156543731691 16.48148057423532 14.339749105274677 2.9898860454559317 5.8154040724039069 14.50156041048467 13.00347203016281 39.579897925257683 12.232080500572918 23.71196610480547 9.6734505724161846 5.1812902670353651 37.247933076694608 89.182885233312845 5.2692817933857432 201.13123416900635
leaf_count=20 2715 34 36 29 379 204 20 42 23 245 24 174 590 96 88 99 14 39 104 67 301 110 227 51 30 221 679 29 1157
internal_value=0 -0.0126021 -0.0180902 -0.00502954 -0.0569418 -0.0117278 -0.0613701 -0.00434032 0.126058 -0.0902441 -0.099561 -0.00944303 -0.117198 0.00828337 -0.0381495 0.0540687 -0.154305 -0.078679 -0.00800999 -0.0209841 0.0612163 0.145976 0.0233716 -0.00420212 0.099482 -0.00716393 -0.0358854 0.00969781 0.00339181
internal_weight=0 644.284 600.145 449.692 150.453 431.154 55.248 375.906 9.70829 51.6447 90.7929 15.0203 75.7726 59.6606 29.6735 29.987 13.192 49.3601 366.198 15.6473 44.1381 18.5379 476.557 351.696 9.19146 342.505 126.431 216.074 210.805
internal_count=7847 4905 4570 2964 1606 2825 469 2356 65 449 1206 198 1008 400 198 202 110 629 2291 103 335 139 2942 2187 50 2137 900 1237 1208
is_linear=0
shrinkage=0.2


Tree=19
num_leaves=30
num_cat=0
split_feature=0 2 2 3 0 0 0 3 3 3 2 1 0 0 2 0 2 3 3 3 3 1 0 0 2 2 3 3 0
split_gain=2.92129 10.3418 3.26054 5.09111 8.1787 7.09896 6.99108 3.98235 27.4542 7.781 15.4168 6.95551 6.56705 4.5675 3.68379 4.07439 3.56701 3.48689 11.439 5.81479 5.74312 3.9235 4.46601 3.90083 3.34567 3.17316 3.04203 4.78131 5.56786
threshold=6.5000000000000009 6.5000000000000009 12.500000000000002 9.5000000000000018 20.500000000000004 43.500000000000007 42.500000000000007 3.5000000000000004 1.5000000000000002 1.0000000180025095e-35 19.500000000000004 1.0000000180025095e-35 11.500000000000002 21.500000000000004 7.5000000000000009 47.500000000000007 14.500000000000002 2.5000000000000004 3.5000000000000004 1.5000000000000002 7.5000000000000009 1.0000000180025095e-35 28.500000000000004 16.500000000000004 19.500000000000004 17.500000000000004 5.5000000000000009 6.5000000000000009 16.500000000000004
decision_type=2 2 2 2 2 2 2 2 2 2 2 2 2 2 2 2 2 2 2 2 2 2 2 2 2 2 2 2 2
left_child=1 -1 14 5 24 7 -6 8 9 10 11 -4 -11 26 17 -16 -13 19 -19 21 -20 -2 23 -23 -5 -14 -9 28 -28
right_child=2 -3 3 4 6 -7 -8 13 -10 12 -12 16 25 -15 15 -17 -18 18 20 -21 -22 22 -24 -25 -26 -27 27 -29 -30
leaf_value=-0.12622572049441019 0.057123483348007209 0.14401659378176129 0.083473278890901531 -0.15837575664627912 0.20962611495439742 0.10492734672322046 -0.026411053154939197 -0.046316107521714257 0.22943744128516 0.16800472421692436 0.12601896536257423 0.062681224025428181 -0.0057405568988296357 -0.054471800493937544 0.042638353780084771 -0.10065121926385362 -0.12396847798231739 -0.090064367819949934 0.04339826031878663 0.24847241122788405 -0.030095812959053572 0.018993307719362616 0.085148118559414676 -0.18258703132850759 0.02770680795576725 -0.1035042042267643 0.18383707549338402 -0.0087152559814676154 -0.024047343897077647
leaf_weight=7.4006368461996344 43.288557482883334 18.997391577810049 10.609194714576004 6.113885946571826 15.355158418416979 18.725361850112677 7.1250884793698779 62.263955388218164 18.998372044414282 3.9357966780662528 32.711419768631458 4.3585958927869788 17.497478116303682 166.94205208867788 166.58526262827218 7.7407962307333937 28.793920259922743 56.524368416517973 102.13104403018951 4.2753244489431372 71.981699516996741 6.1440023109316853 6.7146803438663474 9.13493764400482 8.6767337769269925 55.492730442434549 11.362472249194981 119.74973144754767 8.8019708395004255
leaf_count=45 253 160 57 46 122 145 62 443 118 20 209 23 103 1362 1159 65 175 324 629 23 637 30 35 49 77 390 64 953 69
internal_value=0 0.0670668 0.000498212 -0.00932694 0.0616297 -0.014112 0.136147 -0.0183466 0.00673408 -0.0216815 0.0234189 -0.0539805 -0.0663408 -0.030052 0.0128659 0.0359327 -0.0987111 -0.000576916 -0.0124256 0.0384673 0.0130154 0.022448 -0.0454885 -0.104009 -0.0525729 -0.0803201 -0.0097805 0.00661451 0.0951341
internal_weight=0 26.398 1072.03 597.514 37.2709 560.243 22.4802 541.518 172.398 153.399 76.4731 43.7617 76.926 369.12 474.521 174.326 33.1525 300.195 230.637 69.5575 174.113 65.2822 21.9936 15.2789 14.7906 72.9902 202.178 139.914 20.1644
internal_count=7847 205 7642 4438 307 4131 184 3986 1095 977 464 255 513 2891 3204 1224 198 1980 1590 390 1266 367 114 79 123 493 1529 1086 133
is_linear=0
shrinkage=0.2


Tree=20
num_leaves=30
num_cat=0
split_feature=4 4 2 3 3 3 1 2 2 3 4 2 2 2 3 3 4 3 3 4 3 2 4 2 4 2 4 2 3
split_gain=7.57659 3.6034 3.43807 2.44777 9.13211 7.15074 6.983 6.15618 11.1541 7.41931 3.69199 3.39984 3.15535 3.42837 5.08134 2.90077 2.63992 2.59756 21.3215 6.3343 6.31882 9.79887 5.72751 4.85556 7.9215 2.58782 2.43839 2.409 5.81898
threshold=446.50000000000006 63.500000000000007 2.5000000000000004 7.5000000000000009 6.5000000000000009 8.5000000000000018 1.0000000180025095e-35 15.500000000000002 20.500000000000004 9.5000000000000018 187.50000000000003 22.500000000000004 14.500000000000002 11.500000000000002 5.5000000000000009 9.5000000000000018 162.50000000000003 3.5000000000000004 1.5000000000000002 124.50000000000001 1.0000000180025095e-35 19.500000000000004 170.50000000000003 26.500000000000004 281.50000000000006 17.500000000000004 199.50000000000003 1.0000000180025095e-35 5.5000000000000009
decision_type=2 2 2 2 2 2 2 2 2 2 2 2 2 2 2 2 2 2 2 2 2 2 2 2 2 2 2 2 2
left_child=1 2 -1 4 12 6 16 9 15 -7 11 -8 13 27 -15 -9 -5 18 20 -19 21 22 -14 -23 26 -22 -25 28 -3
right_child=-2 3 -4 5 -6 7 10 8 -10 -11 -12 -13 17 14 -16 -17 -18 19 -20 -21 25 23 -24 24 -26 -27 -28 -29 -30
leaf_value=0.2357461866950295 0.026617746476464279 -0.068860888902787062 -0.12331999474498899 -0.089452100146329538 0.13283068984167282 0.16850340492061025 -0.18692643960932284 -0.1239575001945173 0.094646557915580534 0.0023203069891301669 -0.057782457092565048 -0.02303122796335464 0.052827318695446657 0.036055998976716387 0.26259949886695172 0.037888655716776506 0.042110291376039589 -0.19217405742533264 0.20705789528110496 -0.029268156329922315 0.023268355118290993 0.18957152230604096 -0.15176800853622852 -0.22492827280416572 0.18858500587359189 -0.10511632524412418 -0.0087393721361151196 -0.0057339175579792945 0.23175631171047084
leaf_weight=0.5638943612575521 341.06073776260018 4.3748218417167646 15.256909755989907 6.9409736283123484 19.385884750634432 17.837121848016977 20.116411235183481 27.654328543692827 17.890788614749908 25.733212877064943 64.315872620791197 6.9556120522320262 8.0911143384873885 45.536757089197636 3.7421508133411399 4.9482023343443862 30.946697484701872 10.218967666849492 15.870316855609415 82.614425294101238 7.0773545354604712 11.690769419074059 14.73917769640684 3.3476568832993507 5.4186777025461197 43.660970114171505 4.4954507723450661 221.14911035075784 4.9217401891946793
leaf_count=17 2234 23 544 55 158 119 393 273 158 205 498 99 53 259 22 36 154 172 108 491 40 68 77 19 40 291 30 1180 31
internal_value=0 -0.00934232 -0.101901 -0.00724843 0.000451938 -0.0246577 -0.0550761 0.0172367 -0.0301531 0.0717998 -0.0848385 -0.146313 -0.00498467 0.00886706 0.056388 -0.0991384 0.0169287 -0.0236525 -0.00342277 -0.0483869 -0.0384394 0.013741 -0.0797926 0.0991756 0.0144566 -0.0871419 -0.11097 -0.0014222 0.0949421
internal_weight=0 745.495 15.8208 729.675 506.335 223.339 129.276 94.0637 50.4933 43.5703 91.3879 27.072 486.949 279.725 49.2789 32.6025 37.8877 207.225 114.391 92.8334 98.5212 47.7828 22.8303 24.9526 13.2618 50.7383 7.84311 230.446 9.29656
internal_count=7847 5613 561 5052 3062 1990 1199 791 467 324 990 492 2904 1515 281 309 209 1389 726 663 618 287 130 157 89 331 49 1234 54
is_linear=0
shrinkage=0.2


Tree=21
num_leaves=30
num_cat=0
split_feature=0 2 0 3 0 0 3 3 2 2 2 2 3 2 3 1 0 3 0 3 2 3 2 3 2 2 2 0 2
split_gain=1.99855 7.47312 1.72062 3.1366 6.93522 3.41282 4.18112 7.26786 3.11255 3.07267 2.82135 2.75266 4.78177 10.2168 4.10716 3.80465 2.67233 3.38372 2.49598 2.42397 4.51907 10.843 19.3031 5.78181 4.78698 4.03806 3.98091 4.08584 3.94739
threshold=6.5000000000000009 6.5000000000000009 42.500000000000007 9.5000000000000018 26.500000000000004 19.500000000000004 7.5000000000000009 6.5000000000000009 6.5000000000000009 18.500000000000004 1.0000000180025095e-35 22.500000000000004 5.5000000000000009 24.500000000000004 3.5000000000000004 1.0000000180025095e-35 46.500000000000007 8.5000000000000018 26.500000000000004 4.5000000000000009 5.5000000000000009 1.5000000000000002 26.500000000000004 2.5000000000000004 2.5000000000000004 3.5000000000000004 2.5000000000000004 22.500000000000004 26.500000000000004
decision_type=2 2 2 2 2 2 2 2 2 2 2 2 2 2 2 2 2 2 2 2 2 2 2 2 2 2 2 2 2
left_child=1 -1 3 5 -5 9 7 10 -6 -2 -7 -11 14 -14 15 -13 17 -4 -8 20 23 -22 -23 -12 -25 26 27 -21 -27
right_child=2 -3 16 4 8 6 18 -9 -10 11 19 12 13 -15 -16 -17 -18 -19 -20 25 21 22 -24 24 -26 28 -28 -29 -30
leaf_value=-0.10422491082544035 0.019480835344257319 0.12728618307268688 0.16808274904217924 -0.0024355314913323592 -0.027994994240712175 0.11748401357094285 -0.075107744385079375 0.16323708277689505 0.21015469469439527 -0.04768840580477049 0.022687492009839161 -0.023077920867210128 0.27438166173719453 0.0093473916355464575 -0.085407405987155363 0.13585750613242328 0.0070620384261434275 -0.046857377629587013 -0.020867621018883939 -0.14247340296288905 -0.0084971607911278873 0.23824841168381208 -0.087561993327400597 -0.027933205535848105 -0.1987560792009184 -0.062348920668028156 0.22586653652154343 0.073006199730579299 0.032560525078130391
leaf_weight=7.5042973384261158 312.67258739098907 17.4579105861485 9.8867686279118043 31.59865090996027 2.5376206561923018 6.2729241624474517 61.204980319365859 9.4570176452398282 10.949097208678721 61.194110797718167 23.945255666971207 20.279336407780651 6.7118491753935805 28.172011682763696 26.435317032039165 7.8521892242133609 35.558665189892054 3.7347891572862855 76.760778084397316 4.5071722306311157 107.88568127527833 20.070572065189484 10.794930184260009 13.665187222883107 12.43587728589773 97.483060916885734 3.5550204403698435 10.517727192491291 20.920933557674289
leaf_count=45 2107 160 81 268 22 37 578 74 100 481 136 161 37 217 203 51 296 39 670 26 689 124 88 74 78 731 22 60 192
internal_value=0 0.056827 0.000258344 -0.00156949 0.0495908 -0.00404783 -0.0158665 -0.00396857 0.166103 0.00818799 -0.00903378 -0.0152343 0.00714783 0.0643437 -0.029737 0.0233088 0.036525 0.109689 -0.0451642 -0.0116942 0.00301074 0.0215968 0.124832 -0.0481424 -0.112115 -0.0318814 0.0535066 0.00520383 -0.0454948
internal_weight=0 24.9622 1037.06 987.88 45.0854 942.795 479.477 341.511 13.4867 463.317 332.054 150.645 89.4507 34.8839 54.5668 28.1315 49.1802 13.6216 137.966 325.781 188.798 138.751 30.8655 50.0463 26.1011 136.984 18.5799 15.0249 118.404
internal_count=7847 205 7642 7226 390 6836 3579 2331 122 3257 2257 1150 669 254 415 212 416 120 1248 2220 1189 901 212 288 152 1031 108 86 923
is_linear=0
shrinkage=0.2


Tree=22
num_leaves=30
num_cat=0
split_feature=4 0 4 0 2 3 0 2 3 3 4 0 4 4 4 3 3 2 0 2 0 4 4 4 0 0 4 0 0
split_gain=6.13291 4.00139 3.75432 2.52527 4.40952 3.42566 5.87871 3.62201 7.72983 5.55411 3.82061 5.09274 3.57835 3.40456 3.05971 2.81567 5.53557 3.04488 2.77319 2.67943 2.83434 2.59092 3.16715 3.30032 2.53509 4.28344 3.16065 2.27816 3.12175
threshold=344.50000000000006 31.500000000000004 1172.0000000000002 41.500000000000007 4.5000000000000009 9.5000000000000018 28.500000000000004 4.5000000000000009 2.5000000000000004 4.5000000000000009 139.50000000000003 6.5000000000000009 264.50000000000006 301.50000000000006 231.50000000000003 7.5000000000000009 6.5000000000000009 23.500000000000004 17.500000000000004 8.5000000000000018 40.500000000000007 287.50000000000006 247.50000000000003 233.50000000000003 33.500000000000007 23.500000000000004 204.50000000000003 10.500000000000002 16.500000000000004
decision_type=2 2 2 2 2 2 2 2 2 2 2 2 2 2 2 2 2 2 2 2 2 2 2 2 2 2 2 2 2
left_child=3 2 -2 5 -5 7 -7 8 -1 24 11 -9 14 -14 27 16 17 18 -13 21 -21 22 23 -12 25 26 -10 -11 -29
right_child=1 -3 -4 4 -6 6 -8 10 9 12 19 15 13 -15 -16 -17 -18 -19 -20 20 -22 -23 -24 -25 -26 -27 -28 28 -30
leaf_value=0.13211932870908757 0.02335569543456922 -0.015646275745362152 0.10706648298064242 -0.094543118796649783 0.068626330423962892 0.0020269262111943412 0.20333917255957945 0.15993180122463371 0.026668976820811558 0.13395611862175505 -0.064942084234402175 0.014285575028580908 -0.15724043137379598 0.034472510468760167 0.17780789190344046 -0.12322764025072618 0.15089724553047079 -0.13862697797453616 -0.076005545800588173 -0.0043012069479517424 -0.14579379761088901 0.025579609295940737 -0.16288613475828242 0.13235576056561599 0.065445115276405633 -0.24414554661739857 -0.13317206499919482 -0.085236051099810778 0.050681626680372377
leaf_weight=17.642564997076988 336.23525547981262 104.47308016940951 22.335346721112728 7.7070572003722182 32.264116860926151 26.597090914845467 6.7896274775266638 3.4608734790235749 9.5078503768891185 6.2510552015155545 30.008782237768173 22.632514346390963 6.6646906249225122 7.1448878757655621 6.1584743261337271 27.36992079205811 4.6274471282958975 15.652338042855261 32.835450023412704 247.02706306241453 5.161003913730382 12.176938045769928 11.964610695838926 3.2157676778733721 3.6105514075607053 5.9769594501703969 9.2976486235856992 9.4505696445703524 19.864484697580338
leaf_count=84 2009 707 226 49 256 218 57 28 65 44 211 199 37 39 39 636 22 301 428 1672 32 70 70 22 22 41 39 68 156
internal_value=0 0.0187258 0.0287505 -0.0119933 0.0361762 -0.0155248 0.0460041 -0.0195444 0.0142475 -0.0113385 -0.0278015 -0.0603579 0.0254627 -0.0609018 0.0545323 -0.0686869 -0.0481172 -0.0622896 -0.03942 -0.0164916 -0.00755653 -0.0552575 -0.0770931 -0.0437172 -0.0822986 -0.104923 -0.0541305 0.030436 0.00598452
internal_weight=0 463.044 358.571 591.06 39.9712 551.089 33.3867 517.702 101.57 83.9272 416.133 106.579 55.5342 13.8096 41.7246 103.118 75.7477 71.1203 55.468 309.554 252.188 57.3661 45.1892 33.2245 28.393 24.7825 18.8055 35.5661 29.3151
internal_count=7847 2942 2235 4905 305 4600 275 4325 634 550 3691 1614 383 76 307 1586 950 928 627 2077 1704 373 303 233 167 145 104 268 224
is_linear=0
shrinkage=0.2


Tree=23
num_leaves=30
num_cat=0
split_feature=4 2 1 3 4 4 2 4 2 4 4 2 2 4 4 4 4 3 4 3 4 3 3 3 2 2 3 2 2
split_gain=4.27959 2.40097 3.43886 3.46334 3.00719 2.67328 2.3201 2.71904 2.54044 4.14364 5.15185 4.69713 3.1934 2.65 4.34241 2.89875 2.49841 2.76986 5.26055 3.02271 2.12715 2.20455 4.89908 6.11937 10.5155 3.33833 7.49632 3.76426 2.89144
threshold=446.50000000000006 2.5000000000000004 1.0000000180025095e-35 4.5000000000000009 654.50000000000011 933.50000000000011 12.500000000000002 577.50000000000011 19.500000000000004 831.50000000000011 595.50000000000011 25.500000000000004 28.500000000000004 808.50000000000011 732.50000000000011 636.50000000000011 604.50000000000011 7.5000000000000009 570.50000000000011 5.5000000000000009 114.50000000000001 1.0000000180025095e-35 2.5000000000000004 3.5000000000000004 8.5000000000000018 11.500000000000002 9.5000000000000018 8.5000000000000018 3.5000000000000004
decision_type=2 2 2 2 2 2 2 2 2 2 2 2 2 2 2 2 2 2 2 2 2 2 2 2 2 2 2 2 2
left_child=20 2 4 -4 -2 6 16 -8 13 10 -10 -12 -13 14 15 -9 17 19 -19 -3 21 -1 -23 24 -24 27 -27 28 -25
right_child=1 5 3 -5 -6 -7 7 8 9 -11 11 12 -14 -15 -16 -17 -18 18 -20 -21 -22 22 23 25 -26 26 -28 -29 -30
leaf_value=0.048162619171269648 0.14654126696767286 0.013302790575551263 -0.22970743308900371 -0.0057543538341664636 -0.070309222097954122 0.063722329255582424 0.031303743306403391 -0.097137699598147179 -0.15895039646625306 -0.12344233672458832 0.14674094890093123 -0.086357627918158542 0.086700124011463417 0.036481857445806877 -0.18686159279738579 0.018808052506794321 0.074263884086223184 0.0060680978025644209 -0.23304044753486802 0.16694420396443876 -0.0034476980516974804 -0.15342320925627148 -0.052635171664561831 0.042514547674809514 0.34600687901507476 -0.13685262563347209 0.11344996854366066 0.13481262010329853 -0.11509183369864036
leaf_weight=10.351132398471234 4.5798574313521385 21.538594603538517 5.1213174760341644 5.3734494298696518 4.4695113003253937 55.405859768390656 68.832653414458036 15.654137857258318 3.826151803135871 6.4742551632225505 15.587667148560287 8.5310161933302862 7.3421056643128386 11.128303088247774 9.4119456931948644 17.967223413288593 44.782699145376682 17.430071286857132 4.0189741477370253 6.1375813931226721 619.13994634523988 13.781831402331589 6.0071116462349874 8.3886273521930033 3.9050860330462456 25.899747851304713 5.3307550847530356 6.0286428667604914 9.1604578755795938
leaf_count=86 31 121 27 37 39 559 352 77 20 55 101 57 49 90 54 104 321 88 20 32 4118 226 82 79 22 716 29 83 172
internal_value=0 0.0198365 -0.0471627 -0.121925 0.0418556 0.0240928 0.0154685 0.00113295 -0.0205807 0.0163622 0.0437452 0.071059 -0.00605341 -0.0489247 -0.0712204 -0.035978 0.0404424 0.00905528 -0.0441585 0.0503615 -0.00761735 -0.0364408 -0.047894 -0.0241471 0.115816 -0.0504987 -0.0927159 0.00638834 -0.0409031
internal_weight=0 333.613 19.5441 10.4948 9.04937 314.069 258.663 164.755 95.9228 41.7612 35.2869 31.4608 15.8731 54.1616 43.0333 33.6214 93.9079 49.1252 21.449 27.6762 707.993 88.8534 78.5023 64.7204 9.9122 54.8082 31.2305 23.5777 17.5491
internal_count=7847 2234 134 64 70 2100 1541 959 607 282 227 207 106 325 235 181 582 261 108 153 5613 1495 1409 1183 104 1079 745 334 251
is_linear=0
shrinkage=0.2


Tree=24
num_leaves=30
num_cat=0
split_feature=4 0 1 3 3 3 4 3 0 0 0 3 4 0 3 4 4 4 0 0 3 4 4 0 4 3 4 0 0
split_gain=5.28862 4.03947 2.76033 5.91166 2.8392 6.1587 6.03179 3.83299 3.31303 2.92377 3.23233 2.77874 4.54063 4.61877 6.28635 5.06091 4.19098 3.46937 3.92224 3.44391 5.4584 5.8107 3.10623 2.97624 2.70745 4.78234 4.54563 2.59356 2.54389
threshold=668.50000000000011 34.500000000000007 1.0000000180025095e-35 1.0000000180025095e-35 3.5000000000000004 1.0000000180025095e-35 379.50000000000006 10.500000000000002 13.500000000000002 15.500000000000002 26.500000000000004 5.5000000000000009 305.50000000000006 15.500000000000002 7.5000000000000009 326.50000000000006 162.50000000000003 612.50000000000011 18.500000000000004 14.500000000000002 9.5000000000000018 131.50000000000003 158.50000000000003 33.500000000000007 515.50000000000011 3.5000000000000004 498.50000000000006 11.500000000000002 6.5000000000000009
decision_type=2 2 2 2 2 2 2 2 2 2 2 2 2 2 2 2 2 2 2 2 2 2 2 2 2 2 2 2 2
left_child=2 -2 3 -1 5 8 7 -6 27 -10 -11 24 16 14 -14 -15 19 18 -17 20 21 -13 -21 -18 26 -26 28 -4 -5
right_child=1 -3 4 11 6 -7 -8 -9 9 10 -12 12 13 15 -16 17 23 -19 -20 22 -22 -23 -24 -25 25 -27 -28 -29 -30
leaf_value=0.073130441322507303 0.050950792870501874 -0.035073169358125454 -0.013861229779219664 0.092658344013605065 -0.061394440757779029 0.050415978105721439 0.0056949443072590753 0.09135810507695008 0.11184213849633329 -0.084548966524338617 0.042693489064490886 0.23731537211656129 0.20573717778123954 -0.25028969166691184 -0.020456088453098729 -0.1689524849220807 0.043634628516859536 -0.18160376615874685 0.0049140960981049892 -0.020503294647022385 -0.12988925952065325 -0.044998302722218469 -0.2284223509491935 0.13621009795028508 0.11660136513391986 -0.053896558053220689 -0.21478236626990374 -0.22737144859782293 -0.023279916126594715
leaf_weight=43.444049645215273 116.25089538469911 26.372244592756033 3.7324680145829898 7.2099705897271624 153.84436856769025 60.153608037158847 110.11678313463926 6.3161571323871604 5.2910138666629782 22.143055642023683 11.809375645592807 7.4488039761781675 6.6172805465757873 4.2323021739721289 14.935609772801397 5.3104467019438735 58.251184843480587 5.1791435480117789 40.52543506398797 36.751094651408494 3.5111038982868186 4.2849113121628761 2.5005924478173247 18.105455562472343 14.70712599158287 11.013642154633999 4.2394865974783889 5.565718550235033 229.92892674356699
leaf_count=290 1003 221 20 56 1898 350 513 46 30 128 65 58 42 30 112 31 399 32 257 364 20 21 15 159 91 63 24 31 1522
internal_value=0 0.0349591 -0.00642066 0.00306745 -0.0193778 0.00788752 -0.0303357 -0.0550327 -0.0447849 -0.0183474 -0.0403201 -0.00343324 0.0138963 -0.0245796 0.0528998 -0.0550637 0.0364882 -0.0359832 -0.0172675 -0.00588665 0.0729526 0.137209 -0.0371821 0.0665303 -0.0169069 0.0440555 -0.0235017 -0.148043 -0.0195164
internal_weight=0 142.623 897.169 518.197 378.973 108.695 270.277 160.161 48.5416 39.2434 33.9524 474.753 207.653 76.8002 21.5529 55.2473 130.853 51.015 45.8359 54.4965 15.2448 11.7337 39.2517 76.3566 267.099 25.7208 241.378 9.29819 237.139
internal_count=7891 1224 6667 3586 3081 624 2457 1944 274 223 193 3296 1540 504 154 350 1036 320 288 478 99 79 379 558 1756 154 1602 51 1578
is_linear=0
shrinkage=0.2


Tree=25
num_leaves=30
num_cat=0
split_feature=2 2 3 0 0 0 0 3 0 3 3 2 2 2 0 3 3 2 0 0 0 0 2 2 0 3 0 2 0
split_gain=1.95678 4.38708 3.87883 4.55169 3.36368 3.18856 3.52822 3.06462 2.65142 2.817 2.87406 2.4368 4.28257 6.13924 4.42424 2.24932 4.45154 4.67765 3.77597 3.72489 4.51212 2.74704 2.68813 3.22753 3.76924 2.72798 2.28781 2.57894 2.19995
threshold=27.500000000000004 23.500000000000004 1.0000000180025095e-35 37.500000000000007 18.500000000000004 12.500000000000002 35.500000000000007 4.5000000000000009 58.500000000000007 2.5000000000000004 7.5000000000000009 11.500000000000002 8.5000000000000018 9.5000000000000018 26.500000000000004 2.5000000000000004 3.5000000000000004 6.5000000000000009 10.500000000000002 12.500000000000002 41.500000000000007 23.500000000000004 6.5000000000000009 1.5000000000000002 30.500000000000004 1.0000000180025095e-35 38.500000000000007 2.5000000000000004 16.500000000000004
decision_type=2 2 2 2 2 2 2 2 2 2 2 2 2 2 2 2 2 2 2 2 2 2 2 2 2 2 2 2 2
left_child=1 8 5 4 7 -2 -7 -4 11 -10 -11 12 15 -14 28 19 17 18 -17 -1 22 -20 23 -21 25 -25 27 -23 -15
right_child=2 -3 3 -5 -6 6 -8 -9 9 10 -12 -13 13 14 -16 16 -18 -19 21 20 -22 26 -24 24 -26 -27 -28 -29 -30
leaf_value=0.15167693983128303 -0.10054498573060106 0.039750825886778578 -0.10448893846013683 0.074770717219192359 -0.12586569157166902 0.13608217208706491 -0.098044993267965619 0.038488282626180301 -0.24219156260669528 0.10769182034460167 -0.12615469883421979 -0.012514482175389219 0.1588078865145213 0.016406442302240698 -0.042813323654413295 -0.2095415301158742 0.0046810818008409562 0.087223452105127497 -0.012842004017472401 -0.12719366001797039 0.20210899012080069 -0.065201060063378474 -0.086508046407422268 -0.051216622200812516 -0.055136416964141066 0.1062191819474283 -0.010822082887828863 -0.24107199618492725 0.10057307281467304
leaf_weight=8.2074086144566518 3.9836283847689655 107.89857655018568 9.7386902943253535 8.5755077525973302 27.15336902718991 11.934876363724468 2.7455194033682337 13.65714302100241 3.0896215885877591 3.113128300756216 4.1862630099058151 415.00037172995508 15.619960358366368 25.625666232779622 26.161733938381076 6.8695372380316249 194.6844948977232 7.4158284980803719 27.22584474645555 4.7009168043732634 3.9980177879333487 7.5370620377361792 11.551099186763166 5.0005971640348461 11.648522093892096 23.064915498718619 6.6587673593312493 6.4607275640591979 24.029052564874291
leaf_count=52 36 847 76 78 285 94 22 126 24 28 30 3300 114 186 188 36 1504 52 153 25 30 45 68 27 70 125 36 48 186
internal_value=0 0.0019059 -0.0309635 -0.0559385 -0.0787668 0.0473889 0.0900415 -0.022218 -0.00297099 -0.100406 -0.025783 -0.00167769 0.00912373 0.0472003 0.023076 -0.00165937 -0.0102402 -0.0565417 -0.0767922 0.0304667 0.0124578 -0.0552485 -0.00321025 0.0193692 0.0384501 0.0776543 -0.109087 -0.153328 0.0578939
internal_weight=0 949.748 77.7887 59.1247 50.5492 18.664 14.6804 23.3958 841.85 10.389 7.29939 831.461 416.46 91.4364 75.8165 325.024 256.852 62.1678 54.7519 68.1715 59.9641 47.8824 55.9661 44.415 39.714 28.0655 20.6566 13.9978 49.6547
internal_count=7891 7174 717 565 487 152 116 202 6327 82 58 6245 2945 674 560 2271 1874 370 318 397 345 282 315 247 222 152 129 93 372
is_linear=0
shrinkage=0.2


Tree=26
num_leaves=30
num_cat=0
split_feature=4 0 4 0 3 4 2 3 4 4 3 2 3 4 2 3 2 2 4 4 0 3 3 2 0 0 4 3 2
split_gain=3.99206 3.14578 4.53958 2.23626 2.12478 4.20148 1.98076 3.9364 4.47556 4.12518 3.46544 4.3314 6.59898 3.87585 2.94538 3.01661 2.86103 2.66829 2.41535 2.02263 1.85964 1.97998 7.00786 2.37572 3.1902 3.98127 5.41412 5.02293 10.9601
threshold=668.50000000000011 39.500000000000007 1150.5000000000002 51.500000000000007 1.0000000180025095e-35 884.50000000000011 27.500000000000004 3.5000000000000004 631.50000000000011 249.50000000000003 4.5000000000000009 29.500000000000004 7.5000000000000009 262.50000000000006 22.500000000000004 1.0000000180025095e-35 28.500000000000004 28.500000000000004 504.50000000000006 335.50000000000006 61.500000000000007 4.5000000000000009 3.5000000000000004 1.5000000000000002 5.5000000000000009 13.500000000000002 281.50000000000006 1.5000000000000002 5.5000000000000009
decision_type=2 2 2 2 2 2 2 2 2 2 2 2 2 2 2 2 2 2 2 2 2 2 2 2 2 2 2 2 2
left_child=6 4 3 -3 5 -2 14 9 10 -8 -9 12 13 17 20 -16 -11 -12 -18 -15 21 22 23 -1 -25 26 -26 -27 -29
right_child=1 2 -4 -5 -6 -7 7 8 -10 16 11 -13 -14 19 15 -17 18 -19 -20 -21 -22 -23 -24 24 25 27 -28 28 -30
leaf_value=-0.070660197328254404 -0.14856104055974137 -0.04783343914512727 -0.25172520539480647 0.14042996777758421 0.049820082673532329 0.067019725877465963 -0.078855696115256696 -0.15744396598518828 -0.29592262898237148 -0.070603934154478284 0.12722698976279176 -0.18412844651956622 -0.09540164514661903 0.29751550593204285 0.19777433878852191 0.021186885822433214 0.20252858704779877 -0.12108814268614797 0.00039524618944414725 0.0841235742435575 -0.13059888367278139 -0.014996789738788216 0.19642069000199758 0.17840656195100502 0.0017021862456148102 -0.0017947986742028279 -0.13339025215262085 -0.015506113843262307 0.17693785701155618
leaf_weight=16.539480684325099 6.0712105445563775 8.2573685906827432 2.977419175207614 2.8884548768401137 112.56529742479324 7.2782909795641899 8.1984050450846571 9.232458961196242 2.7680782824754706 2.847808085381982 2.3605721853673511 4.6829431671649209 11.384914412163196 3.402349554002285 3.3979168906807891 104.55807704478502 7.2355242185294628 3.4784435844048858 3.383488155901432 4.4678954742848873 4.2394448034465304 435.6986489482224 6.9358114376664153 3.5956233255565158 33.584868771955371 148.49366275779903 17.700646169483662 25.605145446956158 21.231323264539242
leaf_count=90 42 68 27 23 1000 64 64 87 14 17 33 75 132 20 26 808 60 48 28 24 34 3554 43 35 201 871 95 156 152
internal_value=0 0.0308056 -0.0569196 0.00590508 0.040882 -0.0333228 -0.00546312 -0.0393313 -0.0748226 0.0292896 -0.0546353 -0.0201318 0.0142696 0.105538 -0.00281938 0.0278714 0.0957143 -0.0180627 0.141788 0.19173 -0.00748293 -0.00663076 0.00669153 0.00130261 0.0062267 0.0032636 -0.045987 0.0163021 0.0729327
internal_weight=0 140.038 14.1232 11.1458 125.915 13.3495 885.024 63.4429 41.7777 21.6652 39.0096 29.7771 25.0942 13.7093 821.581 107.956 13.4668 5.83902 10.619 7.87025 713.625 709.385 273.687 266.751 250.211 246.616 51.2855 195.33 46.8365
internal_count=7891 1224 118 91 1106 106 6667 602 433 169 419 332 257 125 6065 834 105 81 88 44 5231 5197 1643 1600 1510 1475 296 1179 308
is_linear=0
shrinkage=0.2


Tree=27
num_leaves=30
num_cat=0
split_feature=4 4 0 4 4 3 4 4 4 4 0 0 4 1 3 3 4 3 4 0 0 0 4 4 4 4 4 0 3
split_gain=2.88359 5.08728 8.0584 4.08565 3.02536 3.02653 2.78226 5.20467 2.50601 2.37869 2.37632 1.9218 2.41598 1.51719 3.65089 2.71977 5.55409 3.4554 2.74863 2.65652 2.54911 3.94769 2.48809 2.61219 3.31484 2.33728 2.87614 2.10577 2.09164
threshold=1242.5000000000002 1150.5000000000002 29.500000000000004 1172.0000000000002 668.50000000000011 3.5000000000000004 707.50000000000011 775.50000000000011 920.50000000000011 707.50000000000011 24.500000000000004 9.5000000000000018 1023.5000000000001 1.0000000180025095e-35 1.0000000180025095e-35 1.5000000000000002 192.50000000000003 2.5000000000000004 604.50000000000011 27.500000000000004 30.500000000000004 15.500000000000002 504.50000000000006 264.50000000000006 287.50000000000006 456.50000000000006 355.50000000000006 43.500000000000007 10.500000000000002
decision_type=2 2 2 2 2 2 2 2 2 2 2 2 2 2 2 2 2 2 2 2 2 2 2 2 2 2 2 2 2
left_child=1 4 3 -3 13 6 -6 -8 10 -7 -9 -11 -13 14 -1 16 20 -17 -19 -20 21 -16 23 -18 -25 26 -26 -22 -15
right_child=-2 2 -4 -5 5 9 7 8 -10 11 -12 12 -14 28 15 17 22 18 19 -21 27 -23 -24 24 25 -27 -28 -29 -30
leaf_value=0.059401094592541392 0.075118233200870743 -0.20555658713081282 -0.39333775765354062 0.10685217252949937 -0.1421339795557266 0.12829953567252228 0.15092840530279844 -0.029210710905161009 0.028476556282141477 0.14111541754255372 -0.23625613666246942 0.0067099902972621835 0.11342607339580796 -0.016121211490999484 -0.13964259008365923 0.14227554324833241 0.041034743454707964 0.0071322894748905427 -0.014912746795246921 -0.19080329208807262 -0.21700166319023242 0.0064848739824566381 0.082050631478871622 -0.17909205419697066 -0.052490988869411573 -0.13113246340859994 0.076206106937860535 -0.0054026000889753692 0.092360322359449354
leaf_weight=41.177189383655787 19.248940769582987 1.9945525079965571 2.7797880731523037 3.9718639589846134 5.6553183346986797 12.721043065190313 6.5218688473105457 5.2624572627246398 7.9981176219880572 5.6132859550416461 3.4799455031752586 52.111797004938126 9.5222747921943647 364.08447724487633 12.295863300561907 6.6825844645500174 21.715971987694502 336.3612372064963 9.4140403270721418 4.8828033506870261 8.0557394325733167 17.146177822723985 12.692000672221182 5.5600130148231974 14.574832867830994 5.4094400554895392 12.152091756463049 2.4430490210652342 6.6254296451807013
leaf_count=290 225 19 24 47 38 90 45 49 80 59 30 420 98 3030 108 57 105 2418 61 28 85 161 78 27 68 26 60 14 51
internal_value=0 -0.00179625 -0.148372 -0.00733109 -0.000407057 0.0309439 -0.0241191 0.00759229 -0.0517318 0.0508887 -0.122065 0.0351796 0.024188 -0.00430018 0.00277127 -0.00227032 -0.0293661 0.00626274 0.00341766 -0.0805559 -0.0885576 -0.0562056 0.00390982 -0.0134757 -0.0450378 -0.0188174 0.00643593 -0.170886 -0.0140274
internal_weight=0 998.905 8.7462 5.96642 990.159 108.886 28.9177 23.2624 16.7405 79.9684 8.7424 67.2474 61.6341 881.273 510.563 469.386 112.045 357.341 350.658 14.2968 39.9408 29.442 72.1044 59.4123 37.6964 32.1364 26.7269 10.4988 370.71
internal_count=7891 7666 90 66 7576 909 242 204 159 667 79 577 518 6667 3586 3296 732 2564 2507 89 368 269 364 286 181 154 128 99 3081
is_linear=0
shrinkage=0.2


end of trees

feature_importances:
Column_3=239
Column_2=204
Column_4=180
Column_0=163
Column_1=26

parameters:
[boosting: gbdt]
[objective: binary]
[metric: auc,l2]
[tree_learner: serial]
[device_type: cpu]
[linear_tree: 0]
[data: ]
[valid: ]
[num_iterations: 200]
[learning_rate: 0.2]
[num_leaves: 30]
[num_threads: -1]
[deterministic: 0]
[force_col_wise: 0]
[force_row_wise: 0]
[histogram_pool_size: -1]
[max_depth: 12]
[min_data_in_leaf: 20]
[min_sum_hessian_in_leaf: 0.001]
[bagging_fraction: 0.88133]
[pos_bagging_fraction: 1]
[neg_bagging_fraction: 1]
[bagging_freq: 8]
[bagging_seed: 3]
[feature_fraction: 0.705298]
[feature_fraction_bynode: 1]
[feature_fraction_seed: 2]
[extra_trees: 0]
[extra_seed: 6]
[early_stopping_round: 2]
[first_metric_only: 0]
[max_delta_step: 0]
[lambda_l1: 0]
[lambda_l2: 0.636392]
[linear_lambda: 0]
[min_gain_to_split: 0]
[drop_rate: 0.1]
[max_drop: 50]
[skip_drop: 0.5]
[xgboost_dart_mode: 0]
[uniform_drop: 0]
[drop_seed: 4]
[top_rate: 0.2]
[other_rate: 0.1]
[min_data_per_group: 100]
[max_cat_threshold: 32]
[cat_l2: 10]
[cat_smooth: 10]
[max_cat_to_onehot: 4]
[top_k: 20]
[monotone_constraints: ]
[monotone_constraints_method: basic]
[monotone_penalty: 0]
[feature_contri: ]
[forcedsplits_filename: ]
[refit_decay_rate: 0.9]
[cegb_tradeoff: 1]
[cegb_penalty_split: 0]
[cegb_penalty_feature_lazy: ]
[cegb_penalty_feature_coupled: ]
[path_smooth: 0]
[interaction_constraints: ]
[verbosity: -1]
[saved_feature_importance_type: 0]
[max_bin: 255]
[max_bin_by_feature: ]
[min_data_in_bin: 3]
[bin_construct_sample_cnt: 200000]
[data_random_seed: 1]
[is_enable_sparse: 1]
[enable_bundle: 1]
[use_missing: 1]
[zero_as_missing: 0]
[feature_pre_filter: 1]
[pre_partition: 0]
[two_round: 0]
[header: 0]
[label_column: ]
[weight_column: ]
[group_column: ]
[ignore_column: ]
[categorical_feature: ]
[forcedbins_filename: ]
[objective_seed: 5]
[num_class: 1]
[is_unbalance: 0]
[scale_pos_weight: 1]
[sigmoid: 1]
[boost_from_average: 1]
[reg_sqrt: 0]
[alpha: 0.9]
[fair_c: 1]
[poisson_max_delta_step: 0.7]
[tweedie_variance_power: 1.5]
[lambdarank_truncation_level: 30]
[lambdarank_norm: 1]
[label_gain: ]
[eval_at: ]
[multi_error_top_k: 1]
[auc_mu_weights: ]
[num_machines: 1]
[local_listen_port: 12400]
[time_out: 120]
[machine_list_filename: ]
[machines: ]
[gpu_platform_id: -1]
[gpu_device_id: -1]
[gpu_use_dp: 0]
[num_gpu: 1]

end of parameters

pandas_categorical:null
