tree
version=v3
num_class=1
num_tree_per_iteration=1
label_index=0
max_feature_idx=58
objective=binary sigmoid:1
feature_names=Column_0 Column_1 Column_2 Column_3 Column_4 Column_5 Column_6 Column_7 Column_8 Column_9 Column_10 Column_11 Column_12 Column_13 Column_14 Column_15 Column_16 Column_17 Column_18 Column_19 Column_20 Column_21 Column_22 Column_23 Column_24 Column_25 Column_26 Column_27 Column_28 Column_29 Column_30 Column_31 Column_32 Column_33 Column_34 Column_35 Column_36 Column_37 Column_38 Column_39 Column_40 Column_41 Column_42 Column_43 Column_44 Column_45 Column_46 Column_47 Column_48 Column_49 Column_50 Column_51 Column_52 Column_53 Column_54 Column_55 Column_56 Column_57 Column_58
feature_infos=[0:75] [0:11] [0:2] [0:3] [-6847:81204] [0:1] [0:1] [0:30] [0:11] [2:3881] [0:35] [2144:81204] [847:3881] [621.94444444444446:2144] [300.14999999999998:847] [2144:13752476] [-44.857142857142854:2131] [0:1] none none none [0:1] none [0:1] [0:1] none [0:1] [0:1] [0:1] [0:1] [0:1] [0:1] [0:1] none [0:1] [0:1] [0:1] [0:1] [0:1] [0:1] none [0:1] [0:1] [0:1] [0:1] [0:1] [0:1] none none [0:1] [0:1] [0:1] [0:1] [0:1] [0:1] [0:1] [0:1] [0:1] [0:1]
tree_sizes=3247 3260 3251 3268 3247 3274 3241 3296 3245 3267 3249 3252 3254 3263 3250 3259 3253

Tree=0
num_leaves=30
num_cat=0
split_feature=9 9 5 9 5 4 8 4 8 8 10 0 9 9 8 8 8 0 8 8 8 9 0 3 8 4 9 9 6
split_gain=1705.05 423.314 360.177 214.988 129.4 88.4255 65.2725 63.5929 62.1453 60.9202 46.5348 42.8538 42.5086 41.8506 38.7346 37.8617 36.6604 32.3975 30.7522 25.2905 25.2841 21.2637 21.6838 17.7028 17.4212 16.5149 19.7608 14.8372 14.0231
threshold=206.50000000000003 475.50000000000006 1.0000000180025095e-35 129.50000000000003 1.0000000180025095e-35 52.500000000000007 9.5000000000000018 107.50000000000001 9.5000000000000018 7.5000000000000009 1.5000000000000002 42.500000000000007 387.50000000000006 668.50000000000011 9.5000000000000018 9.5000000000000018 3.5000000000000004 11.500000000000002 1.0000000180025095e-35 6.5000000000000009 8.5000000000000018 88.500000000000014 6.5000000000000009 1.5000000000000002 1.0000000180025095e-35 976.50000000000011 379.50000000000006 82.500000000000014 1.0000000180025095e-35
decision_type=2 2 2 2 2 2 2 2 2 2 2 2 2 2 2 2 2 2 2 2 2 2 2 2 2 2 2 2 2
left_child=3 2 5 14 7 20 16 -5 9 19 28 15 -11 -3 21 17 23 -7 -19 25 -2 -1 -23 -6 -24 26 -4 -16 -9
right_child=1 13 8 4 6 11 -8 10 -10 12 -12 -13 -14 -15 27 -17 -18 18 -20 -21 -22 22 24 -25 -26 -27 -28 -29 -30
leaf_value=-0.62058589576055478 -0.27630580324075676 0.21660845351549926 -0.33364965697885407 -0.41122104828045003 -0.34392596470078673 0.32146742067534284 0.37499995040486322 0.11281133816067329 0.34926562530299887 -0.52174739291971306 -0.28613167353253383 0.46586445987199387 -0.14536979954518117 0.38364059061531186 -0.48235629069629427 0.4315909470855398 -0.54531447633865182 0.38538871225673432 0.031603860334773956 0.45422002361533731 0.27685182028848132 0.089995901383036064 -0.18734857381450257 0.12977901631305488 -0.53106977015350676 -0.049892671194841164 0.041227361638372345 0.11173802540312272 -0.24266409194921676
leaf_weight=267.17717845737934 49.394100219011307 226.26489342749119 70.598638191819191 43.905866861343384 20.705607667565346 59.123241171240807 8.2323500365018827 116.25076112151146 13.471118241548536 117.24862173199654 40.413354724645615 48.895169913768768 35.174586519598961 344.26191061735153 5.4882333576679256 41.411215335130692 137.70476424694061 24.697050109505653 197.32693572342396 5.4882333576679221 8.4818151891231519 5.4882333576679221 14.468978852033613 10.477536410093309 187.59779477119446 49.643565371632576 15.217374309897421 10.727001562714575 10.727001562714575
leaf_count=1071 198 907 283 176 83 237 33 466 54 470 162 196 141 1380 22 166 552 99 791 22 34 22 58 42 752 199 61 43 43
internal_value=-0.0925736 0.123683 -0.0266841 -0.416561 -0.249631 0.15065 -0.438542 -0.0910302 -0.274803 -0.303849 -0.00665742 0.204364 -0.435145 0.31758 -0.548466 0.164278 -0.478899 0.124427 0.0715049 -0.161471 -0.193864 -0.564031 -0.490623 -0.184204 -0.506621 -0.187482 -0.266957 -0.0925145 0.0825192
internal_weight=0 1306.7 736.172 879.365 388.417 429.33 177.12 211.297 306.842 293.371 167.391 371.454 152.423 570.527 490.947 322.558 168.888 281.147 222.024 140.948 57.8759 474.732 207.555 31.1831 202.067 135.46 85.816 16.2152 126.978
internal_count=8763 5238 2951 3525 1557 1721 710 847 1230 1176 671 1489 611 2287 1968 1293 677 1127 890 565 232 1903 832 125 810 543 344 65 509
is_linear=0
shrinkage=1


Tree=1
num_leaves=30
num_cat=0
split_feature=9 9 55 6 9 8 8 8 57 9 8 0 0 3 0 7 55 7 49 10 55 8 2 8 10 6 0 3 13
split_gain=901.357 268.884 148.284 98.521 79.9928 45.1514 49.6997 44.365 43.4103 43.3865 37.8958 35.5899 40.5438 34.4611 32.7952 29.5825 28.0524 27.6252 21.7615 24.8303 25.7949 17.9215 11.8725 11.4625 14.6364 10.2611 9.17125 9.06606 8.91286
threshold=176.50000000000003 392.50000000000006 1.0000000180025095e-35 1.0000000180025095e-35 114.50000000000001 9.5000000000000018 3.5000000000000004 9.5000000000000018 1.0000000180025095e-35 636.50000000000011 9.5000000000000018 41.500000000000007 11.500000000000002 1.5000000000000002 42.500000000000007 3.5000000000000004 1.0000000180025095e-35 19.500000000000004 1.0000000180025095e-35 2.5000000000000004 1.0000000180025095e-35 9.5000000000000018 1.5000000000000002 1.0000000180025095e-35 2.5000000000000004 1.0000000180025095e-35 25.500000000000004 1.0000000180025095e-35 1531.7893391695995
decision_type=2 2 2 2 2 2 2 2 2 2 2 2 2 2 2 2 2 2 2 2 2 2 2 2 2 2 2 2 2
left_child=4 2 5 10 21 6 17 8 14 16 11 12 -4 -14 18 -8 -3 23 19 20 -6 -1 -10 -2 -25 -18 -23 -17 -9
right_child=1 9 3 -5 7 -7 15 28 22 -11 -12 -13 13 -15 -16 27 25 -19 -20 -21 -22 26 -24 24 -26 -27 -28 -29 -30
leaf_value=-0.38344332473387305 -0.21722231606040215 0.089033226889529332 0.32112482243816021 -0.30031657413964979 -0.30049473265512278 0.36905169959118139 0.10186400003812958 0.34665465466808787 0.015994977088588366 0.34030979994118582 0.40976499053541326 0.39290414992792061 -0.079617689713510756 0.15301489926119244 0.27586293662320771 -0.45386669591591966 0.29011609446146275 0.42888204742174607 -0.37202248235641627 -0.41874290118286933 -0.033816649718337366 -0.22949641830588333 0.4443619724698063 0.15453475875503703 -0.32742673190310834 0.058251742179071107 0.28214576739181674 -0.26885781927291424 -0.10703451757826399
leaf_weight=370.23272877931595 23.567497506737709 141.70237450301647 56.464378848671913 44.669244885444641 51.895525231957436 13.553606659173964 18.111693620681763 16.77409186959267 14.684374183416367 367.45047377049923 50.926002308726311 40.831063851714134 113.36463060975075 115.36751902103424 10.768248334527014 28.912814676761627 167.41083231568336 12.551673159003256 90.915446668863297 34.12154047191143 87.429457888007164 7.2915982902050001 9.3959262669086456 26.850519850850105 6.8977653831243506 19.315433502197266 5.1279096752405167 154.56428989768028 4.9080701768398276
leaf_count=1611 96 572 231 187 220 56 75 68 60 1521 212 170 457 465 44 122 680 51 387 143 359 30 38 109 28 78 21 652 20
internal_value=0 0.137113 0.00674427 0.119705 -0.278926 -0.160315 -0.187096 -0.168238 -0.198301 0.26944 0.169662 0.131841 0.0941196 0.0377604 -0.232117 -0.262578 0.18993 0.0308701 -0.253076 -0.190233 -0.133548 -0.371561 0.186298 -0.0579373 0.0541607 0.266253 -0.0166946 -0.298653 0.243901
internal_weight=0 1402.51 706.633 421.623 703.545 285.01 271.456 320.893 299.211 695.879 376.954 326.028 285.197 228.732 275.13 201.589 328.429 69.8675 264.362 173.447 139.325 382.652 24.0803 57.3158 33.7483 186.726 12.4195 183.477 21.6822
internal_count=8763 5762 2911 1722 3001 1189 1133 1339 1251 2851 1535 1323 1153 922 1153 849 1330 284 1109 722 579 1662 98 233 137 758 51 774 88
is_linear=0
shrinkage=0.3


Tree=2
num_leaves=30
num_cat=0
split_feature=9 9 9 5 5 4 4 9 4 9 5 0 0 0 7 0 7 37 6 0 1 16 0 9 9 0 9 37 2
split_gain=509.077 117.891 86.4294 74.4664 59.6176 44.3238 27.4499 23.953 18.437 17.1657 15.9233 23.2611 14.339 13.2803 12.9589 13.3682 12.5929 12.1655 11.4096 11.1424 11.0841 10.6828 10.2087 15.5023 9.97521 9.86121 9.17632 8.9163 8.78785
threshold=249.50000000000003 129.50000000000003 612.50000000000011 1.0000000180025095e-35 1.0000000180025095e-35 131.50000000000003 200.50000000000003 77.500000000000014 976.50000000000011 379.50000000000006 1.0000000180025095e-35 12.500000000000002 12.500000000000002 42.500000000000007 15.500000000000002 41.500000000000007 3.5000000000000004 1.0000000180025095e-35 1.0000000180025095e-35 19.500000000000004 7.5000000000000009 0.68544973544973564 31.500000000000004 164.50000000000003 797.50000000000011 41.500000000000007 355.50000000000006 1.0000000180025095e-35 1.5000000000000002
decision_type=2 2 2 2 2 2 2 2 2 2 2 2 2 2 2 2 2 2 2 2 2 2 2 2 2 2 2 2 2
left_child=1 7 4 5 6 12 13 -1 -5 16 11 -9 20 26 19 28 -6 -13 -8 -7 -3 -18 -21 -24 -4 27 -2 -14 -16
right_child=2 3 24 8 9 14 18 10 -10 -11 -12 17 25 -15 15 -17 21 -19 -20 22 -22 -23 23 -25 -26 -27 -28 -29 -30
leaf_value=-0.36972585080742637 -0.10472890698109517 -0.23822167828300278 0.19925559581546001 -0.25903782774164785 0.14346698644011938 0.24117084935222538 0.21596600839061111 0.13517594245026179 -0.075939602924321406 0.048522924160451654 -0.30292611334807845 -0.27957477613201331 -0.40283025337581657 0.45756661584824471 -0.10908307944275997 0.29130854307032833 -0.2561039043332663 -0.046233555786421535 -0.068432688775716427 -0.063515114062781569 0.33380374088899728 -0.070032242701458178 -0.095969110715917127 0.30561259546965319 0.3016793117999545 0.11257987483019762 0.08076616405015663 -0.1274225574243987 0.07865671594892272
leaf_weight=174.84190881252289 44.663872167468071 4.9204702228307706 146.53752158582211 153.52352949976921 16.880986914038658 63.011472672224045 273.03424780070782 21.760617345571518 73.425257280468941 142.70800530910492 110.09524430334568 65.022143915295601 29.931125789880753 5.6352984160184851 53.911740988492966 12.929354339838026 41.023969292640686 29.238821879029274 13.191856130957602 30.303177937865257 7.1448754817247391 85.764436900615692 12.966618746519087 25.082179754972458 215.50783842802048 5.5626568496227256 51.238140165805817 16.820361241698265 38.043910592794418
leaf_count=888 185 21 649 710 70 263 1167 98 333 581 532 313 129 25 223 56 186 137 54 124 30 381 54 107 980 23 214 71 159
internal_value=0 -0.163607 0.142226 -0.0703552 0.0786758 0.0275832 0.155303 -0.286172 -0.199965 -0.0251292 -0.221192 -0.143094 -0.192566 0.0212104 0.0877311 0.00903709 -0.0982411 -0.207543 0.202805 0.150412 0.10041 -0.130666 0.0661068 0.169054 0.260408 -0.26031 -0.00567625 -0.30508 -0.0314084
internal_weight=0 928.535 1036.19 527.577 674.141 300.628 387.763 400.959 226.949 286.377 226.117 116.022 64.3795 101.537 236.248 104.885 143.669 94.261 286.226 131.363 12.0653 126.788 68.352 38.0488 362.045 52.3141 95.902 46.7515 91.9557
internal_count=8763 4271 4492 2303 2863 1260 1645 1968 1043 1218 1080 548 274 424 986 438 637 450 1221 548 51 567 285 161 1629 223 399 200 382
is_linear=0
shrinkage=0.3


Tree=3
num_leaves=30
num_cat=0
split_feature=9 9 5 9 4 37 49 0 0 3 0 0 4 9 0 10 0 0 16 16 53 9 5 27 13 2 49 14 0
split_gain=292.578 89.6033 61.1332 44.5995 32.8047 30.931 23.0042 17.2432 16.2687 16.1441 16.3033 16.0155 15.9669 14.9907 14.3207 12.3143 12.0554 13.7445 11.2082 9.63563 10.6935 11.0617 8.55986 8.29668 7.77643 7.72928 8.60674 8.11576 8.64326
threshold=174.50000000000003 475.50000000000006 1.0000000180025095e-35 77.500000000000014 62.500000000000007 1.0000000180025095e-35 1.0000000180025095e-35 41.500000000000007 42.500000000000007 1.0000000180025095e-35 41.500000000000007 11.500000000000002 2590.5000000000005 797.50000000000011 42.500000000000007 2.5000000000000004 11.500000000000002 42.500000000000007 1.2325824420045206 4.3389200561009824 1.0000000180025095e-35 284.50000000000006 1.0000000180025095e-35 1.0000000180025095e-35 1476.0764650205763 1.5000000000000002 1.0000000180025095e-35 365.49876117342819 35.500000000000007
decision_type=2 2 2 2 2 2 2 2 2 2 2 2 2 2 2 2 2 2 2 2 2 2 2 2 2 2 2 2 2
left_child=3 2 4 -1 14 16 18 -8 11 -4 19 -6 15 25 23 -13 22 -18 -7 20 21 -11 -5 -2 -20 26 -3 -28 -29
right_child=1 13 9 5 8 6 7 -9 -10 10 -12 12 -14 -15 -16 -17 17 -19 24 -21 -22 -23 -24 -25 -26 -27 27 28 -30
leaf_value=-0.32645999214022003 -0.23152962011124123 0.14994284564481533 -0.2634652460289027 0.09451565594592988 0.22504737770120237 -0.11235709342679361 -0.24101507194913824 0.33305329362427355 0.29332062012317306 -0.19280769415899576 0.35562231460693278 0.054219541534303597 0.19530014861098804 0.24491290833236593 0.39670989968866777 -0.15328880731789798 -0.24229143040832818 0.11454816539490748 0.26946458181568383 0.019523857466266788 0.30648269350715657 -0.049701960747641889 -0.22184996948948449 -0.012630298479074748 0.050460015590875346 0.20662986747002379 0.2169475015237774 -0.095010419434646526 0.18004014700409454
leaf_weight=143.85965499281883 38.106541976332664 123.37670975923538 39.775493577122688 19.656874150037766 70.003313273191452 30.28233739733696 51.926715433597565 4.9349816888570777 42.318040266633034 92.899017095565796 7.9832914769649497 188.87753894925117 64.853195205330849 190.3865858912468 4.4920862615108481 29.52062551677227 206.59997460246086 10.037828683853148 18.605477586388588 74.872996419668198 5.2317410558462134 102.19245511293411 12.266895025968553 26.290220186114311 65.067312881350517 94.693800792098045 14.58874975144863 44.28187894821167 13.095686361193655
leaf_count=888 162 561 194 84 326 142 273 22 220 448 34 798 278 980 20 123 1064 44 85 328 22 448 65 112 296 426 65 196 59
internal_value=0 0.0773836 0.0150707 -0.18241 0.0847538 -0.132813 -0.0344489 -0.189817 0.118022 -0.0851315 -0.0598493 0.0968079 0.0649254 0.179447 -0.105983 0.026012 -0.200298 -0.225632 0.0433499 -0.0722479 -0.106528 -0.118023 -0.0279137 -0.142601 0.0998875 0.136281 0.101934 0.0193689 -0.0316694
internal_weight=0 1267.84 787.417 563.238 464.462 419.378 170.817 56.8617 395.573 322.955 283.18 353.255 283.251 480.423 68.8888 218.398 248.562 216.638 113.955 275.196 200.323 195.091 31.9238 64.3968 83.6728 290.037 195.343 71.9663 57.3776
internal_count=8763 5800 3513 2963 2039 2075 818 295 1745 1474 1280 1525 1199 2287 294 921 1257 1108 523 1246 918 896 149 274 381 1307 881 320 255
is_linear=0
shrinkage=0.3


Tree=4
num_leaves=30
num_cat=0
split_feature=9 9 8 8 8 57 9 7 8 8 10 5 7 7 8 8 9 3 1 56 0 8 55 8 7 10 13 8 13
split_gain=175.206 65.8902 62.3979 38.808 59.6111 31.6307 26.974 24.3366 22.2443 25.1056 21.0563 17.634 20.5686 24.2482 17.5213 85.8955 15.7458 15.1506 15.1208 12.4988 12.1718 11.8311 11.6358 9.52641 37.3019 9.34101 8.76453 8.25361 7.00578
threshold=152.50000000000003 351.50000000000006 9.5000000000000018 7.5000000000000009 6.5000000000000009 1.0000000180025095e-35 77.500000000000014 3.5000000000000004 1.0000000180025095e-35 9.5000000000000018 1.0000000180025095e-35 1.0000000180025095e-35 12.500000000000002 22.500000000000004 7.5000000000000009 6.5000000000000009 797.50000000000011 1.5000000000000002 7.5000000000000009 1.0000000180025095e-35 11.500000000000002 8.5000000000000018 1.0000000180025095e-35 8.5000000000000018 15.500000000000002 2.5000000000000004 1549.4275254796521 3.5000000000000004 1533.4694195923312
decision_type=2 2 2 2 2 2 2 2 2 2 2 2 2 2 2 2 2 2 2 2 2 2 2 2 2 2 2 2 2
left_child=6 2 3 4 5 10 -1 -5 19 14 18 12 21 -14 15 20 22 -12 -2 -8 -10 -9 -3 -16 -25 -7 -13 -22 -11
right_child=1 16 -4 7 -6 25 8 11 9 28 17 26 13 -15 23 -17 -18 -19 -20 -21 27 -23 -24 24 -26 -27 -28 -29 -30
leaf_value=-0.29559396402432353 -0.023810788616647632 0.041751768358687762 0.28670872070888859 0.35433114103673707 0.44386091637342046 0.23573146271692466 0.3271876224147906 -0.036445938476761836 0.051699892438552233 0.28759569762700843 -0.19179874602105215 -0.26164940516629348 -0.3511481110401406 0.15182991268981688 -0.33903301252191237 0.72466599853527602 0.19953007416933669 -0.019679996007940764 0.20958483411594478 -0.18263948046645376 -0.12697632778099605 0.41245332763963066 0.13548155248110108 0.41733111937334855 -0.35346450850337868 -0.094178749027478872 0.17776379112152443 -0.27916682004305415 -0.11540139812803367
leaf_weight=116.35566492378712 105.56239189207554 221.61739329993725 56.046424925327301 7.7551893144845954 26.119092673063278 48.112781539559364 14.301479995250704 10.277739256620407 19.294589355587959 14.180967271327974 113.82428650557995 115.22287634015083 24.548270136117935 13.022674560546873 64.945582017302513 10.054267078638075 165.9974168241024 77.264882534742355 32.432114496827126 5.9444146901369086 65.288931101560593 10.508563503623009 258.54784716665745 7.8036179393529919 18.58862479031086 9.034729599952696 4.051230937242507 64.415932476520538 5.1330322921276084
leaf_count=886 478 986 278 34 117 212 66 45 89 61 524 638 105 59 388 49 970 344 145 31 356 48 1235 37 105 41 22 376 21
internal_value=0 0.0519819 -0.0151657 -0.0435907 0.00768533 -0.0221087 -0.173652 -0.157483 -0.124481 -0.147275 -0.0579161 -0.180346 -0.0449242 -0.176973 -0.17272 -0.112261 0.119899 -0.122334 0.0313534 0.177051 -0.169978 0.19294 0.0922702 -0.277342 -0.123586 0.183371 -0.246347 -0.202994 0.180375
internal_weight=0 1299.95 653.783 597.737 412.35 386.231 406.307 185.387 289.951 269.706 329.084 177.631 58.3572 37.5709 250.392 159.054 646.163 191.089 137.995 20.2459 148.999 20.7863 480.165 91.3378 26.3922 57.1475 119.274 129.705 19.314
internal_count=8746 6281 3090 2812 1861 1744 2465 951 1579 1482 1491 917 257 164 1400 870 3191 868 623 97 821 93 2221 530 142 253 660 732 82
is_linear=0
shrinkage=0.3


Tree=5
num_leaves=30
num_cat=0
split_feature=9 9 0 37 3 16 57 0 9 7 4 51 50 35 9 0 0 4 5 14 16 2 3 4 0 14 9 2 13
split_gain=107.96 42.2907 31.173 29.9571 23.1755 19.3025 17.1515 15.7064 15.5776 15.337 13.1339 12.4677 14.6412 11.1419 8.77099 8.7046 8.25683 7.99747 9.05207 7.60469 7.11848 7.02247 6.98513 6.90374 6.89429 6.14927 5.64195 6.94918 9.74415
threshold=131.50000000000003 522.50000000000011 42.500000000000007 1.0000000180025095e-35 1.5000000000000002 -0.1594426273578565 1.0000000180025095e-35 7.5000000000000009 61.500000000000007 4.5000000000000009 1489.5000000000002 1.0000000180025095e-35 1.0000000180025095e-35 1.0000000180025095e-35 355.50000000000006 8.5000000000000018 54.500000000000007 102.50000000000001 1.0000000180025095e-35 371.13684388750818 0.97676106254430095 1.5000000000000002 2.5000000000000004 558.50000000000011 7.5000000000000009 362.2609219648071 642.50000000000011 1.0000000180025095e-35 1485.4070747783417
decision_type=2 2 2 2 2 2 2 2 2 2 2 2 2 2 2 2 2 2 2 2 2 2 2 2 2 2 2 2 2
left_child=8 2 3 4 7 -5 11 -2 -1 23 15 12 -7 24 -11 -6 -4 -15 -19 -17 -13 25 -23 -9 -10 -3 -27 -28 -29
right_child=1 21 16 5 10 6 -8 9 13 14 -12 20 -14 17 -16 19 -18 18 -20 -21 -22 22 -24 -25 -26 26 27 28 -30
leaf_value=-0.30613242866688684 0.16904440324906553 -0.20678118791643571 0.28849346722353125 -0.28673943776519395 0.26100623463517136 0.085100309332219487 0.25472848849897245 -0.072997573712023159 0.15459734438723494 -0.19468112092960987 0.12960067715951964 -0.30104264529537289 -0.11505853289625315 -0.22889914681932283 -0.064971972917846552 -0.020055539223388305 0.05619232129903242 0.10020661519063759 -0.15135578277381409 -0.20748234666246437 -0.032043614714425406 0.19348810896214036 -0.20764545435298595 0.17490470746672573 -0.19734371202341969 0.031855515519221479 0.25955977105447053 -0.03673363296317611 0.14919007254435712
leaf_weight=61.987175658345222 16.252011984586716 5.8355728834867469 39.422335013747215 14.720209360122679 8.0500756278634054 267.99374841153622 36.62320339679718 22.178851783275604 5.008295238018035 178.91577325761318 62.825709119439125 12.450064927339552 37.241742372512817 15.31736861169338 64.066541507840157 102.64274683594704 21.327880471944809 37.143912918865681 19.349308036267757 23.792473092675209 29.350101456046104 115.20761924982071 3.8261499702930442 18.134970262646675 133.94035778939724 77.305047065019608 30.318899035453796 34.360043987631798 95.671078562736511
leaf_count=585 80 33 228 80 40 1283 172 105 25 951 288 67 180 103 279 484 122 198 145 113 142 660 21 81 956 355 186 209 575
internal_value=0 0.0332012 0.000106034 -0.0140319 -0.063156 0.0472371 0.0602491 -0.115703 -0.174056 -0.132188 0.0166687 0.0395383 0.0605966 -0.134859 -0.160594 -0.0362464 0.207565 -0.0387082 0.0137262 -0.0557024 -0.113621 0.120407 0.180141 0.0389533 -0.184375 0.0910339 0.0985793 0.130636 0.100087
internal_weight=0 1318.51 955.988 895.238 496.859 398.379 383.659 299.548 272.746 283.296 197.311 347.036 305.235 210.759 242.982 134.485 60.7502 71.8106 56.4932 126.435 41.8002 362.524 119.034 40.3138 138.949 243.491 237.655 160.35 130.031
internal_count=8746 6734 4695 4345 2421 1924 1844 1496 2012 1416 925 1672 1463 1427 1230 637 350 446 343 597 209 2039 681 186 981 1358 1325 970 784
is_linear=0
shrinkage=0.3


Tree=6
num_leaves=30
num_cat=0
split_feature=9 8 10 9 8 8 7 8 7 8 8 7 8 7 57 9 7 4 7 56 1 2 8 16 14 4 7 7 7
split_gain=64.9198 35.4658 29.7472 24.2738 24.0188 38.0528 19.7414 19.2176 18.2323 28.5297 18.0496 25.3445 16.013 91.7442 15.2565 12.5947 12.3821 12.2362 11.8287 9.50865 9.30436 9.99169 8.37892 7.89929 7.234 7.21614 7.11737 6.80477 7.67565
threshold=176.50000000000003 9.5000000000000018 2.5000000000000004 612.50000000000011 7.5000000000000009 6.5000000000000009 3.5000000000000004 3.5000000000000004 3.5000000000000004 9.5000000000000018 3.5000000000000004 1.5000000000000002 1.5000000000000002 7.5000000000000009 1.0000000180025095e-35 120.50000000000001 28.500000000000004 1219.5000000000002 14.500000000000002 1.0000000180025095e-35 8.5000000000000018 1.5000000000000002 1.0000000180025095e-35 13.701687577664652 370.97463232276931 122.50000000000001 22.500000000000004 23.500000000000004 15.500000000000002
decision_type=2 2 2 2 2 2 2 2 2 2 2 2 2 2 2 2 2 2 2 2 2 2 2 2 2 2 2 2 2
left_child=2 3 7 4 5 10 -6 12 20 25 16 -12 14 23 -1 -15 17 -2 -13 24 21 -9 -4 -14 26 -10 -8 28 -16
right_child=1 -3 22 -5 6 -7 19 8 9 -11 11 18 13 15 27 -17 -18 -19 -20 -21 -22 -23 -24 -25 -26 -27 -28 -29 -30
leaf_value=-0.13608923024235717 -0.0023775253156034944 0.23893940915975895 0.18682927734753857 0.10517168064319928 0.28971289988351162 0.37716390551151263 -0.047013855425632689 0.23413395150372612 -0.27396749098786466 0.16455689487545658 0.25762742338259409 -0.0039136025610665591 -0.30613028019472721 1.1638742242807785 0.084350782572565883 0.54718960345710133 0.27995062469923782 0.13867056280168169 -0.14778489056154534 -0.16948206655009379 0.53996976128278551 -0.2268804414970772 -0.28448719694829405 0.18137274171658097 -0.16745504210187137 -0.14124028021729707 0.15010005173300106 -0.17700281633669043 0.45912498351982051
leaf_weight=48.314043737947941 156.90186029672623 72.536069475114346 3.3661985248327246 241.23735137283802 12.123538948595522 27.124374084174633 86.336608394980431 10.327345140278345 51.266650341451168 24.557041451334953 21.816765621304512 96.673590131103992 15.84277042001486 4.8940721750259391 14.09331195801497 9.7089117467403394 22.26632883399725 85.244538560509682 109.66075525432825 99.531529538333416 4.1474063247442237 6.7716021314263335 78.097354151308537 3.4776592552661887 34.320775769650936 135.54568140208721 20.085855759680271 4.5742767900228491 7.4159431457519522
leaf_count=299 731 427 22 1558 57 139 431 67 436 119 98 456 92 35 73 43 112 405 523 543 25 40 677 22 171 982 101 27 35
internal_value=0 0.0367021 -0.101872 0.022164 -0.00380006 0.0330738 -0.0796763 -0.0628432 -0.111405 -0.138053 0.0139239 -0.0478686 0.0414599 0.211387 -0.03652 0.771714 0.0672365 0.0473785 -0.0804728 -0.0986273 0.152061 0.0508535 -0.264444 -0.217055 -0.0482849 -0.178017 -0.00951761 0.147401 0.217766
internal_weight=0 1085.86 422.4 1013.32 772.087 519.688 252.398 340.937 232.616 211.369 492.564 228.151 108.321 33.9234 74.3976 14.603 264.413 242.146 206.334 240.275 21.2464 17.0989 81.4636 19.3204 140.743 186.812 106.422 26.0835 21.5093
internal_count=8746 5752 2994 5325 3767 2464 1303 2295 1669 1537 2325 1077 626 192 434 78 1248 1136 979 1246 132 107 699 114 703 1418 532 135 108
is_linear=0
shrinkage=0.3


Tree=7
num_leaves=30
num_cat=0
split_feature=9 9 4 10 6 9 3 31 14 14 10 4 4 4 56 4 49 56 14 13 13 50 14 15 15 13 57 15 7
split_gain=44.3909 20.2565 22.1114 19.361 13.8071 10.876 9.62392 10.8165 7.4788 6.66448 6.38132 6.67013 5.85264 5.53315 5.4705 6.45646 5.31308 5.34067 5.14374 5.03307 5.00348 4.99291 4.77918 6.46893 4.70139 6.86935 4.82705 3.84529 3.83849
threshold=116.50000000000001 344.50000000000006 -1.0000000180025095e-35 4.5000000000000009 1.0000000180025095e-35 61.500000000000007 1.5000000000000002 1.0000000180025095e-35 372.25126928665969 360.59669584508123 2.5000000000000004 191.50000000000003 21.500000000000004 13742.500000000002 1.0000000180025095e-35 613.50000000000011 1.0000000180025095e-35 1.0000000180025095e-35 370.99418681007364 1520.3753797397146 1477.0376301651884 1.0000000180025095e-35 376.61808730078536 1725735.0000000002 12344087.000000002 1548.7876637937613 1.0000000180025095e-35 9780796.0000000019 16.500000000000004
decision_type=2 2 2 2 2 2 2 2 2 2 2 2 2 2 2 2 2 2 2 2 2 2 2 2 2 2 2 2 2
left_child=5 2 -2 4 6 -1 7 12 10 -3 11 -7 -4 14 24 22 17 18 -13 20 -17 27 23 -16 25 26 -11 -8 -10
right_child=1 9 3 -5 -6 8 21 -9 28 13 -12 16 -14 -15 15 19 -18 -19 -20 -21 -22 -23 -24 -25 -26 -27 -28 -29 -30
leaf_value=-0.27658572848233492 -0.26745054351304087 -0.23373805947672482 -0.16680652800256168 -0.23139705339983455 -0.12404102247950284 -0.20714289063908325 0.097841006400844102 0.48918082330099044 0.30354062673234067 0.070805643871334881 -0.26426053774995284 0.12718101786281671 -0.0077998881649351606 -0.23129707731191138 -0.30684487612025074 0.051600410340007966 -0.16004878916566265 -0.17739095483703449 -0.13457321447192047 0.012985126106051544 0.25390479735620514 -0.18260096394277767 0.25598978191391419 -0.019543190744265842 0.18219262088250024 -0.25365296488818961 0.22253349958066432 0.01234207479802805 -0.09692222742283009
leaf_weight=42.263861864805222 30.134146139025688 6.6528907567262641 22.171360664069653 32.250701695680618 65.435905523598194 29.219886131584644 168.53066128492355 3.5348685383796683 5.6861785352230054 305.40128079801798 22.51545936614275 29.981274485588074 290.05484119802713 5.4484462141990653 7.3830172419548026 21.833352692425251 21.389095716178417 9.6723950058221799 8.4535602107644063 45.964094445109367 22.272332578897476 6.7800401970744124 4.8152341246604911 89.688643366098404 41.074933886528015 5.3771567717194548 19.923311151564121 65.917104624211788 3.2023337259888649
leaf_count=585 222 35 135 199 377 263 863 18 43 1757 245 197 1613 31 39 115 186 84 59 259 123 36 24 478 241 34 124 332 29
internal_value=0 0.0174833 -0.0173865 -0.00576789 0.00602089 -0.144712 0.0213549 -0.0131131 -0.101381 0.0589406 -0.120919 -0.0875764 -0.0192291 0.0624738 0.0654255 0.0242504 -0.0366806 0.0187738 0.0690575 0.0826464 0.154708 0.0664359 -0.027457 -0.0422068 0.0866511 0.0746416 0.0802794 0.0738452 0.160696
internal_weight=0 1260.64 684.81 654.675 622.425 172.384 556.989 315.761 130.12 575.835 121.232 98.7162 312.226 569.182 563.733 191.957 69.4963 48.1072 38.4348 90.0698 44.1057 241.228 101.887 97.0717 371.777 330.702 325.325 234.448 8.88851
internal_count=8746 7055 3795 3573 3374 1691 2997 1766 1106 3260 1034 789 1748 3225 3194 1038 526 340 256 497 238 1231 541 517 2156 1915 1881 1195 72
is_linear=0
shrinkage=0.3


Tree=8
num_leaves=30
num_cat=0
split_feature=8 8 8 0 7 8 7 8 7 10 8 8 0 7 7 56 0 7 0 8 7 8 7 7 0 7 7 0 55
split_gain=29.5056 25.1102 52.5971 16.7873 14.7318 12.3955 22.6636 21.8131 108.101 16.7258 12.9425 11.5783 11.1973 10.508 10.0466 9.13783 9.09962 8.98783 12.9454 7.94519 7.79391 18.6143 9.3905 7.19056 5.94399 6.70776 14.214 7.76117 5.84194
threshold=9.5000000000000018 7.5000000000000009 6.5000000000000009 7.5000000000000009 3.5000000000000004 3.5000000000000004 14.500000000000002 1.5000000000000002 5.5000000000000009 1.0000000180025095e-35 2.5000000000000004 1.0000000180025095e-35 14.500000000000002 3.5000000000000004 6.5000000000000009 1.0000000180025095e-35 42.500000000000007 19.500000000000004 55.500000000000007 10.500000000000002 16.500000000000004 8.5000000000000018 15.500000000000002 16.500000000000004 43.500000000000007 22.500000000000004 24.500000000000004 8.5000000000000018 1.0000000180025095e-35
decision_type=2 2 2 2 2 2 2 2 2 2 2 2 2 2 2 2 2 2 2 2 2 2 2 2 2 2 2 2 2
left_child=1 2 3 14 -3 7 12 9 10 23 -9 -11 -7 -14 -1 24 -8 18 19 -2 21 -17 -23 -5 25 -6 -27 -28 -10
right_child=17 4 -4 5 15 6 16 8 28 11 -12 -13 13 -15 -16 20 -18 -19 -20 -21 -22 22 -24 -25 -26 26 27 -29 -30
leaf_value=-0.05258917827413629 -0.0063856932981049466 0.20580336331188789 0.35738671475451672 0.013930548065258919 -0.075808145173525535 0.1589601329337223 -0.13345600537399979 0.41174862645268023 0.60219105035664522 0.047268013773870805 -0.16878841379149931 -0.11492684501463796 0.11240428024389384 -0.071764870548737356 0.29677898123769597 -0.12914012432362465 0.22989625781499334 0.2810393815988339 -0.46734719222635401 0.22855999605094368 -0.21067421720911414 0.4900342388325255 -0.031660202251938899 0.16543950900416729 0.27970401219682955 0.36245156616770419 0.24394679601288874 -0.11423574781743862 0.37451013320011378
leaf_weight=10.188668757677076 23.203102856874466 16.255673345178366 38.646333187818527 71.717281945049763 191.5441970191896 43.976362425833941 182.82164999842644 3.4101608023047438 15.12917587906122 54.935773298144341 58.878202326595783 140.53338507190347 39.861657455563545 91.054366946220398 26.154736384749413 89.739625331014395 6.1762526035308829 35.518520787358284 3.2784543335437766 29.008477695286274 72.207597810775042 6.7805301211774331 5.4879597350955009 46.236380316317081 4.6984042041003695 10.037092730402945 6.5790636800229541 26.246332038193941 40.346013445407152
leaf_count=54 146 97 218 391 1256 257 1235 18 76 321 346 886 216 564 142 667 38 215 22 191 550 38 40 267 32 54 40 176 218
internal_value=0 -0.0127626 0.0165396 0.000582346 -0.0720839 -0.00856194 -0.049318 0.0258428 0.13576 -0.0155402 -0.13532 -0.0693403 0.028498 -0.0155694 0.199179 -0.0831438 -0.121262 0.163682 0.0875387 0.124667 -0.13536 -0.0816215 0.26113 0.0735691 -0.0449853 -0.0518163 0.0551967 -0.0410037 0.439291
internal_weight=0 1299.64 870.066 831.42 429.576 795.077 363.89 431.186 117.764 313.423 62.2884 195.469 174.892 130.916 36.3434 413.321 188.998 91.0086 55.49 52.2116 174.216 102.008 12.2685 117.954 239.105 234.407 42.8625 32.8254 55.4752
internal_count=8771 8197 5247 5029 2950 4833 2310 2523 658 1865 364 1207 1037 780 196 2853 1273 574 359 337 1295 745 78 658 1558 1526 270 216 294
is_linear=0
shrinkage=0.3


Tree=9
num_leaves=30
num_cat=0
split_feature=9 10 3 0 4 9 9 8 0 0 49 26 57 8 0 8 0 8 14 9 1 8 9 13 14 4 14 14 4
split_gain=27.357 18.06 12.6188 13.108 11.9998 10.5168 9.80954 10.7652 11.4157 9.17302 8.71884 8.09756 7.25944 8.31574 7.1042 7.06734 6.93298 6.64954 5.44431 4.93699 5.5433 4.99722 4.64762 4.80133 4.52779 4.29608 4.58384 4.27122 3.9607
threshold=251.50000000000003 3.5000000000000004 1.0000000180025095e-35 57.500000000000007 976.50000000000011 142.50000000000003 920.50000000000011 9.5000000000000018 42.500000000000007 11.500000000000002 1.0000000180025095e-35 1.0000000180025095e-35 1.0000000180025095e-35 9.5000000000000018 6.5000000000000009 4.5000000000000009 42.500000000000007 1.0000000180025095e-35 363.22537504874987 465.50000000000006 1.0000000180025095e-35 1.0000000180025095e-35 110.50000000000001 1495.4400261163721 366.8010811919321 8907.5000000000018 369.66008677505062 371.4290166958491 296.50000000000006
decision_type=2 2 2 2 2 2 2 2 2 2 2 2 2 2 2 2 2 2 2 2 2 2 2 2 2 2 2 2 2
left_child=1 2 15 4 9 25 7 8 11 10 27 14 13 -11 -2 22 -8 -3 -7 20 -16 -21 -1 -24 -20 26 -6 -4 -9
right_child=6 17 3 -5 5 18 16 28 -10 12 -12 -13 -14 -15 19 -17 -18 -19 24 21 -22 -23 23 -25 -26 -27 -28 -29 -30
leaf_value=-0.27507486384323043 0.20481494190411156 0.21271222914669327 0.17298658825191687 -0.54296114611466006 -0.16161460363445909 -0.14020336178293757 0.14550621116941831 0.34631771616862295 0.20538984046988967 -0.10844770554354075 -0.16935742190745082 -0.30140510026369316 0.091842326443974234 0.11768110375973131 0.089893877707325501 -0.23363765601825401 -0.34092084401412048 -0.24328310057853308 0.23350989635752206 -0.096828189735471165 -0.031594879149245185 0.049730450061425069 -0.17358329397103567 0.19176870943470312 0.087501111917009919 0.2153828662423872 0.0037708906639813784 -0.072018084534942767 0.12163414216019316
leaf_weight=4.2355330027639893 16.317592151463032 2.8490761741995803 33.617895890027285 3.9345236942172042 26.090218137949705 7.3499787747859946 85.730772636830807 9.4937188848853094 27.086064420640469 196.30966374278069 11.119130194187163 7.2723576873540869 21.129221074283123 15.589397080242632 37.792984329164028 40.174028512090445 2.464385785162448 49.243823744356632 25.189337525516748 22.701089210808277 301.6667691282928 237.83260103315115 4.5506070628762236 9.6503956094384176 79.623006619513035 4.992948990315198 35.212070643901825 7.7310907244682303 27.673616304993629
leaf_count=41 102 18 189 23 215 40 665 64 208 1533 106 36 114 91 184 368 21 565 141 139 1513 1306 27 55 420 39 286 41 221
internal_value=0 -0.0493193 -0.0325884 -0.0161058 -0.011316 0.0496619 0.0368487 0.024743 0.0157345 -0.0494432 0.0636373 0.0074089 -0.0749495 -0.0916793 0.0111868 -0.163473 0.130888 -0.217349 0.105556 0.00582863 -0.0180068 0.0368709 -0.00938482 0.0736115 0.123115 -0.0449497 -0.0670281 0.127003 0.181166
internal_weight=0 578.592 526.499 467.888 463.954 178.458 776.032 687.837 650.669 285.496 52.4681 623.583 233.028 211.899 616.311 58.6106 88.1952 52.0929 112.162 599.993 339.46 260.534 18.4365 14.201 104.812 66.2952 61.3023 41.349 37.1673
internal_count=8771 4312 3729 3238 3215 1141 4459 3773 3488 2074 336 3280 1738 1624 3244 491 686 583 601 3142 1697 1445 123 82 561 540 501 230 285
is_linear=0
shrinkage=0.3


Tree=10
num_leaves=30
num_cat=0
split_feature=9 8 9 8 8 4 8 7 4 6 55 7 7 9 1 9 53 4 15 7 7 0 14 4 7 0 8 14 51
split_gain=19.8946 12.1626 12.5868 15.1574 32.8276 11.6154 9.65181 80.5766 8.70608 8.61438 8.21777 7.65886 9.57979 9.55126 6.6542 6.14092 5.1644 4.90052 4.89249 5.2311 4.71492 4.54223 4.23676 4.06047 3.91086 3.73782 4.06344 4.46622 3.68916
threshold=77.500000000000014 9.5000000000000018 351.50000000000006 7.5000000000000009 6.5000000000000009 -1.0000000180025095e-35 8.5000000000000018 15.500000000000002 2636.0000000000005 1.0000000180025095e-35 1.0000000180025095e-35 20.500000000000004 26.500000000000004 284.50000000000006 1.0000000180025095e-35 1242.5000000000002 1.0000000180025095e-35 400.50000000000006 1487919.0000000002 19.500000000000004 11.500000000000002 12.500000000000002 371.19635091640015 13742.500000000002 1.5000000000000002 57.500000000000007 10.500000000000002 371.08187025424587 1.0000000180025095e-35
decision_type=2 2 2 2 2 2 2 2 2 2 2 2 2 2 2 2 2 2 2 2 2 2 2 2 2 2 2 2 2
left_child=24 2 3 4 5 -2 11 10 21 14 -8 13 28 -5 -7 16 23 -18 -3 25 -15 -6 -11 -4 -1 26 -20 -28 -13
right_child=1 18 15 6 8 9 7 -9 -10 22 -12 12 -14 20 -16 -17 17 -19 19 -21 -22 -23 -24 -25 -26 -27 27 -29 -30
leaf_value=0.19676436094302813 -0.27123074645771067 -0.12367783892822409 0.021882453405944146 -0.24149562925584897 0.13217568563326659 0.115099477874576 0.74019428966191814 -0.28030583273726556 0.0020275582640365574 -0.079247012697930427 0.32275683456490362 0.10166536230223221 -0.2617871344568688 -0.13109954330650936 -0.0082328565718798302 0.169573077142984 0.01218743090882808 0.2431557534727411 0.0057239657354983906 0.25069886350790638 0.17543563659970507 0.48374434138797245 -0.29096926494563891 -0.23918250783787087 -0.20305424920539522 -0.22321880809135844 0.26802885909848462 -0.059539652252531307 -0.23918406043296686
leaf_weight=2.0952239111065856 15.481529995799063 6.4122539497911921 443.21199484169483 72.298945125192404 4.445355784147984 44.104303874075413 5.8989785090088871 35.526094272732735 5.9944877736270419 37.905160274356604 16.949158206582069 24.433093000203375 11.35363234579563 9.9874115176498908 348.54709292575717 28.662688635289669 14.89371809363365 18.392353534698486 19.228948555886745 26.475744560360909 7.7863020226359358 16.448877204209566 10.833840817213057 5.1515775322914115 47.810462802648544 3.1016057878732672 16.527802299708132 4.7061864957213393 2.966096304357051
leaf_count=24 139 47 2550 669 28 246 28 257 44 256 86 160 112 69 1964 244 82 113 128 197 54 92 69 27 869 16 131 36 34
internal_value=0 0.00734787 -0.000170063 -0.0271723 0.000891449 -0.0181488 -0.0995885 0.00163368 0.32129 -0.00910731 0.438119 -0.14536 -0.0335244 -0.193225 0.00569185 0.0353281 0.0272462 0.140765 0.123089 0.146079 0.00381974 0.411659 -0.12769 0.0187368 -0.185273 0.0813137 0.106018 0.195597 0.0627389
internal_weight=0 1257.73 1181.27 670.96 483.761 456.872 187.2 58.3742 26.8887 441.39 22.8481 128.825 38.7528 90.0727 392.651 510.312 481.65 33.2861 76.4525 70.0403 17.7737 20.8942 48.739 448.364 49.9057 43.5645 40.4629 21.234 27.3992
internal_count=8771 7878 7323 4307 2838 2674 1469 371 164 2535 114 1098 306 792 2210 3016 2772 195 555 508 123 120 325 2577 893 311 295 167 194
is_linear=0
shrinkage=0.3


Tree=11
num_leaves=30
num_cat=0
split_feature=9 16 7 8 8 9 8 8 0 8 8 8 9 57 5 7 9 14 7 8 7 9 9 16 16 4 0 0 8
split_gain=12.9455 8.1611 7.69139 11.6433 12.6198 18.1592 13.6711 12.2935 10.2507 10.2642 11.8168 40.6642 14.4312 11.9838 8.51585 7.83016 7.66999 6.70689 6.58057 11.0415 7.7246 6.4374 4.55544 4.51784 4.3249 4.27218 4.09956 4.3907 4.78196
threshold=61.500000000000007 -1.0060481867858915 14.500000000000002 8.5000000000000018 7.5000000000000009 284.50000000000006 6.5000000000000009 9.5000000000000018 7.5000000000000009 9.5000000000000018 3.5000000000000004 1.5000000000000002 260.50000000000006 1.0000000180025095e-35 1.0000000180025095e-35 8.5000000000000018 975.00000000000011 376.61808730078536 1.0000000180025095e-35 5.5000000000000009 6.5000000000000009 604.50000000000011 551.50000000000011 14.299434187016084 3.4779253022452505 131.50000000000003 57.500000000000007 13.500000000000002 10.500000000000002
decision_type=2 2 2 2 2 2 2 2 2 2 2 2 2 2 2 2 2 2 2 2 2 2 2 2 2 2 2 2 2
left_child=-1 22 3 4 6 14 18 15 24 10 11 13 25 -10 -6 -5 -14 21 19 -3 -20 -7 -2 -8 -4 -12 27 -9 -29
right_child=1 2 8 7 5 17 23 26 9 -11 12 -13 16 -15 -16 -17 -18 -19 20 -21 -22 -23 -24 -25 -26 -27 -28 28 -30
leaf_value=-0.21695306923399851 -0.24779534302196157 -0.064700260559967179 0.26618391371125671 0.093545551358362691 0.0021591580785643668 -0.06318847314503484 0.38542331604344393 -0.09474744076000742 -0.089355887115293575 0.13053801079028274 -0.26431558612187322 0.39789993352795466 -0.042343504193094267 0.092105333115428401 -0.27827691812976979 0.44202026689180235 0.12946653082992249 0.3456128975737609 -0.017380410513236952 0.47372945549591894 0.067099259774666381 0.089609982714995942 0.22971525909905466 0.010452792146129132 -0.020116010413980309 -0.12185877552134514 -0.2990768145293688 -0.019859704459728286 0.25461538264473105
leaf_weight=24.089724808931351 15.950382590293886 6.0499754026532155 15.506943739950659 9.4046248048543948 13.209694206714628 63.076837036758661 13.267920887097718 9.9551370143890363 99.362211856991053 34.9844572506845 23.281127385795116 22.860619883984327 198.43891789391637 48.533366117626429 36.838151883333921 15.679444052278994 26.232677258551121 4.9283097907900801 193.49926729127765 7.455950453877449 195.70573278144002 40.516131967306137 1.8033871576189984 3.6968865022063246 6.7391867078840724 104.86488775908947 2.6719221919775 9.6879560239613056 13.514258727431297
leaf_count=588 193 36 107 52 76 319 99 77 632 277 268 132 1073 309 463 85 226 28 1109 39 1173 285 10 25 46 850 13 66 115
internal_value=0 0.00385271 0.00681244 0.0295135 0.0163363 -0.0557007 0.0435734 0.153962 -0.0181716 -0.0261608 -0.0366948 0.0280587 -0.0680315 -0.0297467 -0.204654 0.313821 -0.022148 0.0133405 0.0323497 0.236093 0.0251164 -0.00334791 -0.196503 0.305195 0.180274 -0.148255 0.0404931 0.0701114 0.141129
internal_weight=0 1237.72 1219.96 639.158 578.245 158.569 419.676 60.9133 580.804 558.558 523.574 170.756 352.818 147.896 50.0478 25.0841 224.672 108.521 402.711 13.5059 389.205 103.593 17.7538 16.9648 22.2461 128.146 35.8293 33.1574 23.2022
internal_count=8771 8183 7980 4060 3652 1171 2481 408 3920 3767 3490 1073 2417 941 539 137 1299 632 2357 75 2282 604 203 124 153 1118 271 258 181
is_linear=0
shrinkage=0.3


Tree=12
num_leaves=30
num_cat=0
split_feature=9 16 7 7 0 7 9 7 7 15 39 14 7 34 4 0 13 14 3 9 0 0 14 9 7 14 7 14 13
split_gain=8.20681 5.75604 5.39371 9.40865 9.82036 9.39447 10.7244 7.27596 9.61586 7.19349 6.56064 6.403 6.8267 6.81906 12.8928 6.09277 5.74924 5.72135 5.64475 6.18554 5.28426 4.79063 4.78032 9.77939 4.009 3.8182 3.68143 6.09895 8.34777
threshold=61.500000000000007 -1.0060481867858915 14.500000000000002 19.500000000000004 17.500000000000004 26.500000000000004 251.50000000000003 8.5000000000000018 9.5000000000000018 9896454.0000000019 1.0000000180025095e-35 365.21539997163524 23.500000000000004 1.0000000180025095e-35 4334.0000000000009 17.500000000000004 1542.2062937178455 364.56866131800024 1.0000000180025095e-35 398.50000000000006 32.500000000000007 6.5000000000000009 368.75053573519392 527.50000000000011 1.5000000000000002 369.91782259832377 17.500000000000004 364.71968670980965 1471.7088641675793
decision_type=2 2 2 2 2 2 2 2 2 2 2 2 2 2 2 2 2 2 2 2 2 2 2 2 2 2 2 2 2
left_child=24 -2 7 4 26 11 -7 18 -9 10 -8 12 -5 15 -15 -13 -11 -14 19 -3 22 -10 23 -6 -1 -24 27 -4 -29
right_child=1 2 3 5 20 6 9 8 21 16 -12 13 17 14 -16 -17 -18 -19 -20 -21 -22 -23 25 -25 -26 -27 -28 28 -30
leaf_value=0.43660238139397589 -0.17834028918819636 -0.20424584956863095 0.31547586630041274 -0.1608144665939181 -0.16996276503762356 -0.15029507729739577 -0.076381092227170988 0.26584752358203845 0.27457463355197137 0.38284148294887155 0.17996243419461558 0.04389873874738643 0.23730991568352977 0.025889875689950992 -0.60575491532588865 0.17805414109368556 0.060592748405384894 -0.12488113670016578 0.010458426122641078 0.032178670672403403 -0.028928087785190692 0.038382010315489011 -0.32140855794086015 0.18085648742050728 -0.21783991129689431 -0.1533388281495047 -0.068535650026057882 -0.30171381397125241 0.065793095938505824
leaf_weight=0.62890040874481457 15.317946802824734 24.040069203823805 7.0122236572206011 21.581924177706242 21.801497524604201 52.067985687404871 50.260779749602079 19.199315413832664 7.7325160689651957 7.1750043518841293 10.657102003693579 55.570555275306106 9.7274672798812372 28.551810536533598 2.9584488049149504 67.808994997292757 15.442733217030762 6.2342517338693133 324.41342823766172 16.754672922194004 47.33895861543715 228.78837369009852 16.880015099421144 10.315603099763392 19.066988466307521 46.508630687370896 31.117887206375599 6.0284242816269389 46.994968488812447
leaf_count=10 205 199 48 154 166 453 308 121 54 48 76 378 66 204 23 471 94 43 2052 108 330 1521 110 69 573 320 216 42 300
internal_value=0 0.00272866 0.00511455 -0.0161734 -0.0620946 0.0166083 -0.0438176 0.024382 0.0631615 0.0228279 -0.0309232 0.0591909 -0.0516703 0.0861068 -0.0381838 0.117864 0.16622 0.0961304 -0.00279881 -0.107583 -0.111114 0.0464165 -0.151649 -0.0567002 -0.191169 -0.1993 0.014827 0.0581523 0.0226569
internal_weight=0 1198.28 1182.96 562.035 233.998 328.037 135.604 620.928 255.72 83.5356 60.9179 192.433 37.5436 154.89 31.5103 123.38 22.6177 15.9617 365.208 40.7947 142.845 236.521 95.5057 32.1171 19.6959 63.3886 91.1535 60.0356 53.0234
internal_count=8762 8179 7974 3919 1601 2318 979 4055 1696 526 384 1339 263 1076 227 849 142 109 2359 307 995 1575 665 235 583 430 606 390 342
is_linear=0
shrinkage=0.3


Tree=13
num_leaves=30
num_cat=0
split_feature=9 8 8 7 8 8 8 7 8 7 7 16 7 7 7 13 2 13 16 9 57 14 14 8 16 3 9 9 7
split_gain=6.34831 5.47818 10.5431 6.9431 5.91154 5.70422 8.50817 11.0324 12.4671 11.0175 6.08694 5.90355 4.97287 4.48329 8.29642 5.25459 4.39933 4.75519 4.02361 5.64847 5.29797 7.27871 5.87371 5.64368 7.91378 8.00132 6.35563 5.83723 5.72031
threshold=144.50000000000003 7.5000000000000009 6.5000000000000009 27.500000000000004 8.5000000000000018 4.5000000000000009 1.5000000000000002 3.5000000000000004 1.0000000180025095e-35 3.5000000000000004 3.5000000000000004 11.498091603053437 23.500000000000004 20.500000000000004 16.500000000000004 1486.1650144744206 1.5000000000000002 1473.5779086559376 4.1363558352402761 896.50000000000011 1.0000000180025095e-35 370.49935504091496 370.7425668533362 5.5000000000000009 1.9986337900742754 1.0000000180025095e-35 775.50000000000011 284.50000000000006 3.5000000000000004
decision_type=2 2 2 2 2 2 2 2 2 2 2 2 2 2 2 2 2 2 2 2 2 2 2 2 2 2 2 2 2
left_child=1 2 3 5 12 6 7 -1 -9 -8 11 -7 -3 14 15 -6 -12 -18 19 20 23 -22 -23 27 25 26 -25 -2 -27
right_child=18 4 -4 -5 13 10 9 8 -10 -11 16 -13 -14 -15 -16 -17 17 -19 -20 -21 21 22 -24 24 -26 28 -28 -29 -30
leaf_value=0.58330651215315377 -0.11069318791291984 -0.30511871485576092 0.28262244066235725 -0.28757732897716876 0.25559910885264248 -0.086607402195201064 -0.14350234429983044 0.13711933685725494 -0.19663600437786316 0.28780171457613085 -0.27047961663348996 0.36835299185308235 -0.023902993409511984 0.1927149943824821 -0.30936574609041356 -0.08218353743807881 0.39587031162557768 -0.1302145608357167 0.038093770319992212 0.077563298944345313 0.17854933529446784 -0.43429744542926335 0.017151434072110543 -0.066977953635078538 -0.078589511347953472 0.19284017782494617 -0.54738542547984215 -0.01933602422949485 0.036876322646694076
leaf_weight=2.0988219790160647 95.220856882631779 19.848436510190371 9.6011613160371763 9.1094308514147979 5.9465128071606221 7.0530732572078687 7.2193087171763208 15.231864009052513 28.589773803949356 18.672456907108426 18.377669231966141 3.6900748200714588 7.9429389201104632 5.9051148928701869 9.6962455920875055 12.150888685137032 1.7628312297165383 6.1096601225435734 302.59935073181987 69.915161401033401 28.208019006997347 2.985170677304267 12.560018725693224 26.74978102371097 72.622433194890618 23.594285033643246 2.4694708511233321 185.11062630265951 189.02586481161416
leaf_count=14 577 464 47 169 45 58 69 119 330 150 312 27 126 38 164 76 21 66 1842 670 175 16 74 216 487 145 19 1006 1240
internal_value=0 -0.0507085 -0.0151526 -0.0400053 -0.124044 -0.0185993 0.0307173 -0.0468336 -0.0804939 0.167296 -0.11385 0.0750024 -0.225776 -0.0389865 -0.0896326 0.0309899 -0.191116 -0.00294587 0.00915314 -0.0032181 -0.0120928 0.0883315 -0.0756363 -0.0195178 0.00807405 0.0341587 -0.112347 -0.0504463 0.0544123
internal_weight=0 189.006 127.516 117.915 61.4901 108.806 71.8122 45.9205 43.8216 25.8918 36.9933 10.7431 27.7914 33.6988 27.7936 18.0974 26.2502 7.87249 1011.06 708.462 638.547 43.7532 15.5452 594.793 314.462 241.839 29.2193 280.331 212.62
internal_count=8762 2295 1382 1335 913 1166 682 463 449 219 484 85 590 323 285 121 399 87 6467 4625 3955 265 90 3690 2107 1620 235 1583 1385
is_linear=0
shrinkage=0.3


Tree=14
num_leaves=30
num_cat=0
split_feature=10 9 15 15 1 13 1 14 9 14 39 8 15 7 7 13 7 9 9 9 10 15 15 13 54 14 14 14 14
split_gain=4.07756 6.89705 4.63256 7.6628 4.11644 7.01121 6.85302 6.48602 6.60788 6.47622 5.36924 7.36669 5.72681 5.35688 6.61458 5.97818 5.83084 5.16085 4.55965 4.33719 5.79737 5.97489 7.66805 6.74845 5.16079 4.92604 5.53174 5.00175 4.3015
threshold=5.5000000000000009 873.50000000000011 4759840.5000000009 11159590.500000002 1.0000000180025095e-35 1405.5189198568769 3.5000000000000004 371.32754067582363 668.50000000000011 371.48892200378936 1.0000000180025095e-35 1.0000000180025095e-35 12492865.500000002 23.500000000000004 26.500000000000004 1521.5094751549289 14.500000000000002 649.50000000000011 851.50000000000011 446.50000000000006 2.5000000000000004 8532498.0000000019 10530455.500000002 1548.4462840503109 1.0000000180025095e-35 363.94127427232269 364.45651872782815 363.37210778414857 368.5875295233497
decision_type=2 2 2 2 2 2 2 2 2 2 2 2 2 2 2 2 2 2 2 2 2 2 2 2 2 2 2 2 2
left_child=4 2 -2 -4 5 -1 19 13 9 -9 12 18 -8 16 -15 -16 -7 28 -12 25 21 -21 24 -24 -23 27 -27 -6 -18
right_child=1 -3 3 -5 6 7 10 8 -10 -11 11 -13 -14 14 15 -17 17 -19 -20 20 -22 22 23 -25 -26 26 -28 -29 -30
leaf_value=0.38367418415573618 -0.2967183217068019 0.25581852438587654 0.036036650008330534 -0.30498483293927064 -0.12832242292763207 0.09228440956199245 0.010546651970592671 -0.46275966361633825 0.31372899030231416 -0.067964797920541692 0.079252643718969784 -0.12601535580801063 0.10567443586265442 0.38237073605614796 -0.17792058615299575 0.25438865369636759 0.020204698767920897 0.25289640486240084 -0.31386305850734048 0.038964629272902535 0.19904815845390977 -0.51956481027608648 0.11413085516865769 -0.31028992942958405 -0.13982974032842438 0.24127885142335137 -0.07406230557277535 -0.53254401690457653 -0.22331905517503134
leaf_weight=5.2304526809602967 10.74124200735241 4.3640810661017886 19.709374438971285 8.1753094987943751 9.4267411204054934 55.976903799921274 603.63560738321394 4.7855987753719154 2.6613549552857867 14.796492721885441 33.0404217466712 55.573459312319756 62.623958814889193 9.6519768610596675 5.3829082027077657 5.592312678694725 11.438407367095357 3.6038918793201438 2.6128310821950427 49.616170197725296 11.597488507628439 5.2752753272652635 12.898243583738806 4.2539675608277312 8.3866817951202393 4.9394433777779332 130.89714699983597 3.780047668144106 14.798095304518936
leaf_count=34 135 44 207 84 97 395 4335 31 26 106 225 369 459 59 38 47 87 30 26 322 78 35 82 27 51 35 1158 31 109
internal_value=0 -0.091056 -0.131792 -0.0659646 0.00278242 0.052115 -0.0038463 0.0378426 -0.108587 -0.169564 0.0101768 -0.0579722 0.0195283 0.0686444 0.204874 0.0431992 0.0353452 -0.0713319 0.0482422 -0.0478704 0.00334725 -0.0254587 -0.128614 0.00560541 -0.293879 -0.0794425 -0.0621271 -0.252596 -0.118049
internal_weight=0 42.99 38.6259 27.8847 1132.48 133.918 998.557 128.688 22.2434 19.5821 757.486 91.2267 666.26 106.444 20.6272 10.9752 85.8173 29.8404 35.6533 241.071 92.0278 80.4303 30.8142 17.1522 13.662 149.043 135.837 13.2068 26.2365
internal_count=8762 470 426 291 8292 962 7330 928 163 137 5414 620 4794 765 144 85 621 226 251 1916 595 517 195 109 86 1321 1193 128 196
is_linear=0
shrinkage=0.3


Tree=15
num_leaves=30
num_cat=0
split_feature=9 14 16 1 16 14 35 13 3 55 1 14 36 8 14 9 14 4 9 15 2 16 14 13 16 8 7 7 8
split_gain=3.797 4.23334 3.11756 4.34639 4.82938 3.28241 3.8706 3.07983 3.07122 4.44549 6.86764 4.35203 4.33162 3.79839 3.797 8.22871 4.31609 4.88099 3.79167 9.1633 8.57734 5.88602 5.70935 7.23101 4.77697 4.65366 4.43168 6.87984 6.88159
threshold=116.50000000000001 368.42744732232933 1.4276886218436264 7.5000000000000009 2.6605506533174954 370.95973805824809 1.0000000180025095e-35 1548.6063966586044 1.5000000000000002 1.0000000180025095e-35 1.0000000180025095e-35 360.59669584508123 1.0000000180025095e-35 9.5000000000000018 364.10220055024371 266.50000000000006 365.28911341122142 1219.5000000000002 642.50000000000011 1955896.5000000002 1.5000000000000002 4.5821691033264953 376.61808730078536 1459.5100644920301 3.7646785385272024 9.5000000000000018 3.5000000000000004 7.5000000000000009 3.5000000000000004
decision_type=2 2 2 2 2 2 2 2 2 2 2 2 2 2 2 2 2 2 2 2 2 2 2 2 2 2 2 2 2
left_child=1 -1 -3 7 -5 6 -6 -4 11 10 -10 -2 -11 14 15 -12 -16 -18 25 20 22 24 23 -20 -21 26 -13 -28 -29
right_child=8 2 3 4 5 -7 -8 -9 9 12 13 18 -14 -15 16 -17 17 -19 19 21 -22 -23 -24 -25 -26 -27 27 28 -30
leaf_value=-0.14495888880841851 -0.22800164009685842 -0.13657734664508506 -0.012602023890123675 0.55708941796082834 0.014533536825499477 -0.11012775217483169 0.40613520136716508 -0.35151922974984418 0.21798686040661266 0.05706052026420514 -0.21840823940803886 0.053086146550146388 -0.1070550617573519 0.20439340222128757 -0.22037883791154714 0.26404952769816292 -0.087465167598521687 0.040762179751963334 -0.76076139752189131 0.0686312756338954 0.15752022396729753 0.31147667402763196 0.053968685180463688 -0.18648437166349335 -0.33729683722048615 0.098961448131076254 -0.11025106439140898 0.047464669785893095 -0.043818448651767226
leaf_weight=32.258948790840805 7.7322117183357468 14.394560187123714 36.675320669077337 1.9857212463393796 5.1590972580015642 4.9549040244892231 3.8116385880857706 2.3076462000608435 10.286726351827381 256.03219122253358 4.5104748997837296 59.786452725529671 15.089461438357828 5.5795645974576464 13.026658337563275 9.3231535479426366 71.197971880435944 42.454860553145409 3.2503420375287551 83.643614931032062 5.0371421948075286 8.7273729443550092 2.8933423645794383 5.0540524385869503 2.4210514575242987 29.473986625671387 84.92649426497519 108.37769261933863 235.06276165135205
leaf_count=586 53 293 576 21 73 67 33 38 62 1630 33 329 95 45 85 53 453 241 24 719 48 73 23 36 19 245 552 640 1617
internal_value=0 -0.0556875 -0.0137129 0.0190297 0.149751 0.0819193 0.188116 -0.035007 0.00495215 0.0246101 -0.0156546 -0.0082583 0.0478265 -0.0324878 -0.0422782 0.105542 -0.0586159 -0.0395834 -0.00545615 0.044782 -0.161683 0.0805117 -0.305609 -0.428585 0.0561651 -0.0162501 -0.0232586 -0.0339414 -0.0149977
internal_weight=0 101.548 69.2889 54.8943 15.9114 13.9256 8.97074 38.983 1063.89 427.501 156.379 636.387 271.122 146.093 140.513 13.8336 126.679 113.653 628.654 111.027 16.2349 94.792 11.1977 8.30439 86.0647 517.627 488.153 428.367 343.44
internal_count=8762 1687 1101 808 194 173 106 614 7075 2697 972 4378 1725 910 865 86 779 694 4325 942 131 811 83 60 738 3383 3138 2809 2257
is_linear=0
shrinkage=0.3


Tree=16
num_leaves=30
num_cat=0
split_feature=9 0 4 41 16 8 8 8 7 16 30 7 8 7 9 8 7 9 16 0 1 1 14 4 14 37 0 4 4
split_gain=3.15517 3.629 5.59275 3.1643 6.41765 5.34539 5.03363 12.8213 32.9301 12.6438 8.15858 6.39873 7.71267 10.474 6.43563 5.75399 5.27168 6.2474 9.24011 5.35607 4.77726 5.88867 4.77497 4.58334 6.86945 4.4732 9.09853 8.04964 10.7717
threshold=59.500000000000007 11.500000000000002 334.50000000000006 1.0000000180025095e-35 1.4602254818765914 4.5000000000000009 3.5000000000000004 1.5000000000000002 5.5000000000000009 5.3885365772036691 1.0000000180025095e-35 27.500000000000004 4.5000000000000009 26.500000000000004 686.50000000000011 4.5000000000000009 23.500000000000004 437.50000000000006 17.83784373635967 20.500000000000004 4.5000000000000009 2.5000000000000004 369.22486478797668 219.50000000000003 372.39795539033463 1.0000000180025095e-35 11.500000000000002 594.50000000000011 897.50000000000011
decision_type=2 2 2 2 2 2 2 2 2 2 2 2 2 2 2 2 2 2 2 2 2 2 2 2 2 2 2 2 2
left_child=1 2 -1 6 -5 -6 7 10 9 -9 25 12 13 -8 15 22 17 19 -19 -14 21 -16 -13 -18 -25 26 -2 -27 -29
right_child=3 -3 -4 4 5 -7 11 8 -10 -11 -12 14 16 -15 20 -17 23 18 -20 -21 -22 -23 -24 24 -26 27 -28 28 -30
leaf_value=-0.25922052199990631 0.20009408074229701 -0.22030965908970937 0.59911112062372385 0.087194143779239522 -0.34106546462013793 -0.055660527483199863 0.34122716987018908 -0.14051889117926458 0.31536321238768783 0.22696239116666184 0.39475896796587623 -0.068342271664315182 -0.0064018246727529388 -0.065489955940278843 0.18518952800799857 -0.087775843571977749 -0.04032722346841898 0.032156778190237802 -0.40521551081851365 -0.080367327951008649 0.3452071789924836 -0.37547437234253794 -0.45837246322172592 0.15460839625408537 -0.30227018959986135 0.13552766370330946 -0.054528169018544216 -0.30685560775991355 0.030096717151703936
leaf_weight=1.1247778572142118 13.446945760399101 10.465234195813535 1.0995611464604733 12.758341575041412 9.8412196077406424 14.508716644719241 13.126962691545486 33.608948210254312 44.142962098121643 10.946930233389137 4.3994112461805335 4.4796329662203771 186.62588360812515 9.7793650198727846 3.672757111489771 38.357997045852244 22.374255275353789 213.13184815645218 4.1610417217016211 166.72870264481753 4.2257208544760942 2.672289565205574 7.9189853239804506 43.642634706571698 2.9220754671841851 47.136043552309275 158.99013926647604 10.192537680268286 46.084749296307564
leaf_count=46 81 483 20 80 58 88 72 197 296 72 26 36 1478 63 31 332 188 1432 23 1457 35 23 55 324 23 300 1062 63 294
internal_value=0 -0.146928 0.184466 0.00190157 -0.0839221 -0.173552 0.00483654 0.0333417 0.132557 -0.0493866 0.00184028 -0.00970047 -0.00110024 0.168882 -0.102182 -0.146439 -0.00725863 -0.0167349 0.0232753 -0.0413378 0.108636 -0.0567783 -0.322034 0.0709342 0.124317 -0.00481655 -0.0343827 0.0444438 -0.0321357
internal_weight=0 12.6896 2.22434 1129.88 37.1083 24.3499 1092.77 368.949 88.6988 44.5559 280.25 723.82 662.493 22.9063 61.3274 50.7566 639.586 570.647 217.293 353.355 10.5708 6.34505 12.3986 68.939 46.5647 275.85 172.437 103.413 56.2773
internal_count=8738 549 66 8189 226 146 7963 2391 565 269 1826 5572 5060 135 512 423 4925 4390 1455 2935 89 54 91 535 347 1800 1143 657 357
is_linear=0
shrinkage=0.3


end of trees

feature_importances:
Column_8=78
Column_9=74
Column_7=65
Column_0=51
Column_14=36
Column_4=32
Column_16=20
Column_13=18
Column_10=13
Column_3=12
Column_1=11
Column_15=11
Column_5=10
Column_2=8
Column_57=8
Column_55=7
Column_6=6
Column_37=5
Column_49=5
Column_56=5
Column_35=2
Column_39=2
Column_50=2
Column_51=2
Column_53=2
Column_26=1
Column_27=1
Column_30=1
Column_31=1
Column_34=1
Column_36=1
Column_41=1
Column_54=1

parameters:
[boosting: gbdt]
[objective: binary]
[metric: auc,l2]
[tree_learner: serial]
[device_type: cpu]
[linear_tree: 0]
[data: ]
[valid: ]
[num_iterations: 200]
[learning_rate: 0.3]
[num_leaves: 30]
[num_threads: -1]
[deterministic: 0]
[force_col_wise: 0]
[force_row_wise: 0]
[histogram_pool_size: -1]
[max_depth: 8]
[min_data_in_leaf: 20]
[min_sum_hessian_in_leaf: 0.001]
[bagging_fraction: 0.980034]
[pos_bagging_fraction: 1]
[neg_bagging_fraction: 1]
[bagging_freq: 4]
[bagging_seed: 3]
[feature_fraction: 0.805436]
[feature_fraction_bynode: 1]
[feature_fraction_seed: 2]
[extra_trees: 0]
[extra_seed: 6]
[early_stopping_round: 2]
[first_metric_only: 0]
[max_delta_step: 0]
[lambda_l1: 0]
[lambda_l2: 0.277447]
[linear_lambda: 0]
[min_gain_to_split: 0]
[drop_rate: 0.1]
[max_drop: 50]
[skip_drop: 0.5]
[xgboost_dart_mode: 0]
[uniform_drop: 0]
[drop_seed: 4]
[top_rate: 0.2]
[other_rate: 0.1]
[min_data_per_group: 100]
[max_cat_threshold: 32]
[cat_l2: 10]
[cat_smooth: 10]
[max_cat_to_onehot: 4]
[top_k: 20]
[monotone_constraints: ]
[monotone_constraints_method: basic]
[monotone_penalty: 0]
[feature_contri: ]
[forcedsplits_filename: ]
[refit_decay_rate: 0.9]
[cegb_tradeoff: 1]
[cegb_penalty_split: 0]
[cegb_penalty_feature_lazy: ]
[cegb_penalty_feature_coupled: ]
[path_smooth: 0]
[interaction_constraints: ]
[verbosity: -1]
[saved_feature_importance_type: 0]
[max_bin: 255]
[max_bin_by_feature: ]
[min_data_in_bin: 3]
[bin_construct_sample_cnt: 200000]
[data_random_seed: 1]
[is_enable_sparse: 1]
[enable_bundle: 1]
[use_missing: 1]
[zero_as_missing: 0]
[feature_pre_filter: 1]
[pre_partition: 0]
[two_round: 0]
[header: 0]
[label_column: ]
[weight_column: ]
[group_column: ]
[ignore_column: ]
[categorical_feature: ]
[forcedbins_filename: ]
[objective_seed: 5]
[num_class: 1]
[is_unbalance: 0]
[scale_pos_weight: 1]
[sigmoid: 1]
[boost_from_average: 1]
[reg_sqrt: 0]
[alpha: 0.9]
[fair_c: 1]
[poisson_max_delta_step: 0.7]
[tweedie_variance_power: 1.5]
[lambdarank_truncation_level: 30]
[lambdarank_norm: 1]
[label_gain: ]
[eval_at: ]
[multi_error_top_k: 1]
[auc_mu_weights: ]
[num_machines: 1]
[local_listen_port: 12400]
[time_out: 120]
[machine_list_filename: ]
[machines: ]
[gpu_platform_id: -1]
[gpu_device_id: -1]
[gpu_use_dp: 0]
[num_gpu: 1]

end of parameters

pandas_categorical:null
