tree
version=v3
num_class=1
num_tree_per_iteration=1
label_index=0
max_feature_idx=7
objective=binary sigmoid:1
feature_names=Column_0 Column_1 Column_2 Column_3 Column_4 Column_5 Column_6 Column_7
feature_infos=[0:75] [0:11] [-6847:81204] [0:1] [0:30] [0:11] [2:3881] [0:35]
tree_sizes=4265 4284 4265 4287 4304 4277 4305 4274 4285 4289 4298 4303 4282 4287 4299 4300 4291 4286 4278 4285 4293 4291

Tree=0
num_leaves=40
num_cat=0
split_feature=5 0 5 5 2 0 7 4 5 5 4 2 4 4 2 0 4 4 0 5 4 1 4 5 4 7 4 0 2 0 2 2 7 1 2 5 4 4 4
split_gain=320.376 224.878 138.712 127.905 100.79 89.0302 50.8224 50.728 41.897 39.7256 37.5391 33.3047 28.8693 25.019 24.9518 23.6784 19.3616 19.0686 18.058 17.3538 19.314 15.63 11.309 35.7162 11.2227 11.0885 10.9517 10.5157 10.2347 9.14549 10.4105 12.3697 8.96884 13.8055 8.1996 7.63883 7.29552 7.2501 6.78427
threshold=9.5000000000000018 42.500000000000007 7.5000000000000009 6.5000000000000009 92.500000000000014 11.500000000000002 2.5000000000000004 3.5000000000000004 3.5000000000000004 1.0000000180025095e-35 28.500000000000004 912.50000000000011 27.500000000000004 17.500000000000004 744.50000000000011 11.500000000000002 1.5000000000000002 20.500000000000004 18.500000000000004 1.5000000000000002 5.5000000000000009 7.5000000000000009 13.500000000000002 8.5000000000000018 2.5000000000000004 10.500000000000002 25.500000000000004 17.500000000000004 1138.5000000000002 16.500000000000004 880.50000000000011 2139.5000000000005 1.0000000180025095e-35 7.5000000000000009 656.50000000000011 2.5000000000000004 11.500000000000002 19.500000000000004 21.500000000000004
decision_type=2 2 2 2 2 2 2 2 2 2 2 2 2 2 2 2 2 2 2 2 2 2 2 2 2 2 2 2 2 2 2 2 2 2 2 2 2 2 2
left_child=1 2 3 4 9 21 8 -4 10 -1 11 32 16 18 15 17 -10 -9 -11 36 -21 28 23 -16 -20 34 -19 37 35 30 -24 -32 33 -7 -8 -6 -13 -18 -37
right_child=-2 -3 7 -5 5 6 25 14 12 13 -12 19 -14 -15 22 -17 27 26 24 20 -22 -23 29 -25 -26 -27 -28 -29 -30 -31 31 -33 -34 -35 -36 38 -38 -39 -40
leaf_value=0.013220461137443199 0.19742912708163093 0.19244677029200055 0.091993834724719864 0.23844124407731368 0.10702299611570271 -0.10089935719428991 -0.2217610217353233 -0.19193318731825754 0.078151157307070035 -0.092331688349120894 0.21497169727038631 0.038265554999392548 -0.28572143595580735 -0.30303493752769312 -0.15737306863262251 -0.25936272819017331 0.0016269800056788464 0.20407474475019297 -0.074960320128720684 -0.0052678205223831709 0.27496619586844273 0.17139876088323222 0.1174582126633624 0.18393164889442429 -0.27561288894194652 -0.33700281049439795 -0.10553763919421588 -0.14073452541494227 0.13214429497857855 -0.2231110231087472 -0.24244478903155514 -0.068478121263734593 -0.14963096949992188 0.11060817919026494 -0.130383065738367 -0.028130563954777685 -0.06667780237026813 -0.15914702360520186 -0.2295628392026004
leaf_weight=28.93795770406723 140.69834607839584 90.805315554141998 22.7013288885355 45.652122929692268 12.47325763106346 51.888751745223999 69.101847276091576 51.140356287360191 22.202398583292961 60.121101781725883 25.195980414748192 54.383403271436691 36.671377435326576 110.263597458601 73.841685175895691 352.24479550123215 41.411215335130692 8.2323500365018862 13.471118241548536 19.458281904459 20.456142514944077 51.389821439981461 5.4882333576679221 13.970048546791075 60.869497239589691 17.213095530867577 9.2302106469869596 162.9007446616888 24.447584956884384 114.75397020578384 31.432609230279922 32.929400146007538 78.830988228321075 15.46683946251869 91.803176164627075 31.682074382901192 51.888751745223999 14.718444004654883 7.7334197312593451
leaf_count=116 564 364 91 183 50 208 277 205 89 241 101 218 147 442 296 1412 166 33 54 78 82 206 22 56 244 69 37 653 98 460 126 132 316 62 368 127 208 59 31
internal_value=-0.0925736 -0.113928 -0.128393 -0.0873892 -0.100241 -0.0679496 -0.0935509 -0.198235 -0.0655001 -0.206382 -0.0159486 -0.0365453 -0.122175 -0.23258 -0.207918 -0.238454 -0.0968195 -0.130489 -0.174003 0.0307139 0.142264 0.0862565 -0.160488 -0.101293 -0.23943 -0.187064 0.0463073 -0.11505 0.027035 -0.188504 -0.130908 -0.154147 -0.104075 -0.0507189 -0.170021 -0.0248515 -0.0124627 -0.0408364 -0.069376
internal_weight=0 2027.4 1936.6 1220.63 1174.98 901.318 773.591 715.965 595.473 273.663 317.569 292.373 277.904 244.725 693.264 420.848 241.233 68.6029 134.462 146.187 39.9144 127.726 272.416 87.8117 74.3406 178.118 17.4626 219.03 76.3363 184.604 69.8502 64.362 146.187 67.3556 160.905 51.8888 106.272 56.1297 39.4155
internal_count=8691 8127 7763 4893 4710 3613 3101 2870 2387 1097 1273 1172 1114 981 2779 1687 967 275 539 586 160 512 1092 352 298 714 70 878 306 740 280 258 586 270 645 208 426 225 158
is_linear=0
shrinkage=1


Tree=1
num_leaves=40
num_cat=0
split_feature=6 6 3 6 2 5 5 3 6 6 5 5 5 5 6 5 5 7 4 7 5 7 4 2 4 5 2 7 5 5 6 4 6 5 3 2 7 3 5
split_gain=1629.59 486.706 337.375 135.157 110.508 89.3474 70.3699 50.8264 40.0315 37.813 31.1494 29.4517 26.8951 24.6723 23.9448 26.3972 23.3287 21.9211 16.302 13.8585 13.5019 13.4624 14.7685 15.2183 12.0935 11.9341 11.0978 10.9455 13.0105 10.0839 9.82922 8.96354 8.06706 8.04323 8.00718 7.38981 7.10273 9.93045 8.14103
threshold=351.50000000000006 129.50000000000003 1.0000000180025095e-35 636.50000000000011 107.50000000000001 9.5000000000000018 7.5000000000000009 1.0000000180025095e-35 168.50000000000003 475.50000000000006 9.5000000000000018 6.5000000000000009 8.5000000000000018 1.0000000180025095e-35 77.500000000000014 9.5000000000000018 3.5000000000000004 2.5000000000000004 19.500000000000004 1.5000000000000002 1.0000000180025095e-35 2.5000000000000004 6.5000000000000009 1120.5000000000002 1.5000000000000002 1.0000000180025095e-35 386.50000000000006 1.0000000180025095e-35 2.5000000000000004 1.0000000180025095e-35 210.50000000000003 13.500000000000002 379.50000000000006 6.5000000000000009 1.0000000180025095e-35 131.50000000000003 1.5000000000000002 1.0000000180025095e-35 6.5000000000000009
decision_type=2 2 2 2 2 2 2 2 2 2 2 2 2 2 2 2 2 2 2 2 2 2 2 2 2 2 2 2 2 2 2 2 2 2 2 2 2 2 2
left_child=1 14 4 7 12 6 11 35 17 32 19 16 13 -3 -1 25 18 29 20 -10 31 22 23 -22 -18 34 -21 28 -15 -6 -28 -4 -9 -31 -16 -2 37 38 -27
right_child=3 2 5 -5 8 -7 -8 9 10 -11 -12 -13 -14 27 15 -17 24 -19 -20 26 21 -23 -24 -25 -26 36 30 -29 -30 33 -32 -33 -34 -35 -36 -37 -38 -39 -40
leaf_value=-0.34567811570895751 0.13859396089079887 0.23847685829623769 -0.059403546718231552 0.31679480950641647 0.24746514960049981 0.23664288437432252 -0.28862133760627884 -0.1105136727544641 0.14332171073800268 0.16125710866126855 0.29961925051352023 0.2555660245963513 0.13881207635011567 0.18455568720001675 0.038603767865407992 0.04887120574616563 0.03754157142023086 -0.25975173795807677 0.13013147715465051 -0.12845048748585666 -0.20387222843048436 -0.23464842946216399 0.19419729788460413 0.17020081591541902 -0.2297641283869846 -0.23228155817196949 -0.052030417875619767 -0.25059137424613559 -0.15579878099821956 -0.047797830201115853 0.13236858566905424 -0.29161919605315439 0.018436890665870096 0.091874914375389388 -0.22829214063014036 0.23137780216278953 -0.33015124323452144 -0.29829022375479264 -0.076779385614356419
leaf_weight=215.85576985776424 47.408777818083763 4.9928204566240302 11.469828993082048 370.68254771828651 6.9616300314664832 18.568470329046249 195.38332183659077 26.977504670619965 204.26329267024994 91.400461509823799 43.574010372161865 7.6421000212430945 12.595913574099539 4.9557528197765377 8.4656815528869629 10.893502593040465 7.2353264689445487 11.39458382129669 14.883030354976652 12.379662230610846 11.9429781138897 8.4270973652601224 13.409850314259527 5.9878833442926398 74.758459195494652 52.813376381993294 16.127738028764725 51.404918774962425 22.182687133550644 42.484067931771278 37.472165539860725 16.706663683056831 64.362133517861366 25.970717653632164 8.4735314697027206 181.16256849467754 79.061161771416664 83.306675583124161 19.248221158981323
leaf_count=874 192 20 46 1496 28 75 792 109 823 369 176 31 51 20 34 44 29 46 60 50 48 34 54 24 302 213 65 209 90 171 151 67 260 105 34 730 320 337 78
internal_value=0 -0.132927 -0.0448557 0.229204 0.0641434 -0.184841 -0.206532 0.149855 0.110338 0.0708277 0.143524 -0.112732 -0.127771 -0.168798 -0.295304 -0.253022 -0.130831 -0.00981517 -0.0552437 0.117636 -0.0967751 -0.0207906 0.0406354 -0.0772292 -0.206057 -0.266206 0.0374376 -0.196592 -0.0905273 0.0300169 0.0769297 -0.200873 -0.0202075 0.0055909 -0.0987173 0.212622 -0.277974 -0.250042 -0.1919
internal_weight=0 1361.29 883.175 781.994 496.76 386.415 367.847 411.311 400.628 182.74 313.817 172.463 96.1321 83.5362 478.118 262.262 164.821 86.811 82.8273 270.243 67.9443 39.7678 31.3407 17.9309 81.9938 251.369 65.9796 78.5434 27.1384 75.4164 53.5999 28.1765 91.3396 68.4548 16.9392 228.571 234.429 155.368 72.0616
internal_count=8657 5501 3567 3156 2005 1562 1487 1660 1615 738 1265 695 390 339 1934 1060 664 350 333 1089 273 160 126 72 331 1016 266 319 110 304 216 113 369 276 68 922 948 628 291
is_linear=0
shrinkage=0.2


Tree=2
num_leaves=40
num_cat=0
split_feature=6 6 3 6 3 2 5 7 2 5 5 6 0 6 5 5 5 0 5 5 2 6 2 5 0 6 6 0 0 7 6 2 6 2 5 6 5 2 7
split_gain=1098.28 291.353 192.728 122.591 86.9072 46.8797 41.0557 40.0594 32.8049 30.8501 34.7235 29.1185 25.8428 23.9795 21.515 17.2244 19.4658 22.8913 14.1934 13.5599 13.335 15.8479 12.6661 12.4153 11.7205 10.4665 10.3471 9.13397 8.92433 8.19348 6.88022 11.6362 6.78291 6.72939 6.72246 6.66441 7.36069 7.44148 6.6039
threshold=206.50000000000003 475.50000000000006 1.0000000180025095e-35 114.50000000000001 1.0000000180025095e-35 52.500000000000007 9.5000000000000018 1.5000000000000002 102.50000000000001 9.5000000000000018 7.5000000000000009 797.50000000000011 42.500000000000007 387.50000000000006 3.5000000000000004 9.5000000000000018 1.0000000180025095e-35 11.500000000000002 6.5000000000000009 8.5000000000000018 976.50000000000011 379.50000000000006 2590.5000000000005 9.5000000000000018 20.500000000000004 82.500000000000014 348.50000000000006 34.500000000000007 10.500000000000002 2.5000000000000004 164.50000000000003 664.50000000000011 187.50000000000003 2209.5000000000005 3.5000000000000004 77.500000000000014 1.0000000180025095e-35 602.50000000000011 1.0000000180025095e-35
decision_type=2 2 2 2 2 2 2 2 2 2 2 2 2 2 2 2 2 2 2 2 2 2 2 2 2 2 2 2 2 2 2 2 2 2 2 2 2 2 2
left_child=3 2 5 23 7 19 14 8 -5 10 18 -3 15 -12 -6 16 -7 -18 20 -2 21 -4 26 35 -10 -25 38 33 -9 -22 -30 -32 -33 -26 -28 -1 37 -37 -19
right_child=1 11 9 4 6 12 -8 28 24 -11 13 -13 -14 -15 -16 -17 17 22 -20 -21 29 -23 -24 25 27 -27 34 -29 30 -31 31 32 -34 -35 -36 36 -38 -39 -40
leaf_value=-0.29424794579956398 -0.090708322941844083 0.18447830029393719 -0.13558842059323395 -0.15301482802065497 -0.079110334567786128 0.25508872589443443 0.21710376700772396 0.049993170804304259 0.1268837918711033 0.21023558319655755 -0.21947808688041431 0.2780145161862827 0.28438988996653197 -0.027151747465001388 -0.25349542233935762 0.24810653710527697 0.20457588429369444 0.049078491762858306 0.26275990488867945 0.17945730304314766 0.070885416768341786 0.090019760953788358 0.15189032820171267 -0.25058712480479417 -0.10799183540147031 0.094851045726890071 0.19364400607013832 0.086022471946421639 -0.24436609292312889 -0.15261168080911156 -0.20874892446199333 0.21379153145154889 -0.088037229607665426 0.071539113454401171 0.04125747972980489 -0.21160782628762101 -0.247311176469722 0.088669668207587815 -0.051321487441438635
leaf_weight=201.10812187194824 48.34652104973793 322.30033619701862 68.6753870844841 32.603617340326309 35.441418930888176 30.644391000270844 8.3657654225826246 7.1233941018581381 67.97305653989315 12.251774355769156 110.14803786575794 237.830357208848 46.2093715518713 34.13475139439106 158.02789884805679 38.992761850357056 51.575322449207306 46.133895859122276 5.4780847281217566 8.0818758606910688 40.99856998026371 14.656934097409247 41.716072887182236 5.7089827209711057 27.17337603867054 7.1411489844322205 19.272135615348816 34.068688854575157 32.209120467305183 7.1021707355976096 15.616966530680658 4.9483573138713819 5.6854826509952545 11.345225647091864 28.758423343300819 6.6722922474145872 161.66022457182407 5.4184964597225189 58.78927931189537
leaf_count=866 200 1307 283 136 145 125 35 29 276 51 467 967 192 138 670 165 211 186 23 33 167 59 169 23 110 29 78 139 135 29 65 20 23 46 116 27 682 22 238
internal_value=0 0.116679 0.0317176 -0.179138 -0.106693 0.118767 -0.203061 -0.0248642 0.0256524 -0.0924214 -0.106104 0.224495 0.145156 -0.174333 -0.221956 0.124196 0.106156 0.0869426 -0.0336743 -0.0502659 -0.0473744 -0.0954822 0.0551472 -0.261117 0.0676556 -0.0637011 0.0281822 0.0115008 -0.157093 0.0361465 -0.182624 -0.102429 0.0570042 -0.0547754 0.104331 -0.267751 -0.236011 -0.079583 -0.00714326
internal_weight=0 1272.1 711.966 828.292 440.582 418.52 201.835 238.747 173.164 293.446 281.194 560.131 362.092 144.283 193.469 315.882 276.89 246.245 136.911 56.4284 131.433 83.3323 194.67 387.709 140.56 12.8501 152.954 72.5873 65.5833 48.1007 58.4599 26.2508 10.6338 38.5186 48.0306 374.859 173.751 12.0908 104.923
internal_count=8682 5204 2930 3478 1829 1713 850 979 707 1217 1166 2274 1480 605 815 1288 1123 998 561 233 538 342 787 1649 571 52 618 295 272 196 243 108 43 156 194 1597 731 49 424
is_linear=0
shrinkage=0.2


Tree=3
num_leaves=40
num_cat=0
split_feature=6 6 3 6 3 2 6 5 5 7 5 5 5 5 3 5 5 6 2 5 6 5 5 2 7 6 6 2 1 1 5 5 6 2 7 2 5 5 5
split_gain=738.593 232.937 145.371 55.7789 37.1589 35.4376 34.539 30.3011 31.9974 22.4176 16.3826 19.4813 15.971 15.1186 13.8898 13.1227 13.0706 13.0466 11.8958 11.8205 11.6019 13.0025 10.9709 11.8266 10.4905 9.0823 7.80124 7.62071 6.80697 10.5237 6.77799 7.2845 6.55791 6.71689 6.02765 5.77389 5.61165 12.962 6.74082
threshold=176.50000000000003 437.50000000000006 1.0000000180025095e-35 114.50000000000001 1.0000000180025095e-35 52.500000000000007 668.50000000000011 9.5000000000000018 7.5000000000000009 1.0000000180025095e-35 3.5000000000000004 9.5000000000000018 9.5000000000000018 6.5000000000000009 1.0000000180025095e-35 9.5000000000000018 1.0000000180025095e-35 387.50000000000006 976.50000000000011 1.0000000180025095e-35 77.500000000000014 9.5000000000000018 1.5000000000000002 1489.5000000000002 2.5000000000000004 351.50000000000006 137.50000000000003 1986.0000000000002 3.5000000000000004 1.0000000180025095e-35 6.5000000000000009 7.5000000000000009 247.50000000000003 2675.5000000000005 1.0000000180025095e-35 -45.499999999999993 3.5000000000000004 2.5000000000000004 1.0000000180025095e-35
decision_type=2 2 2 2 2 2 2 2 2 2 2 2 2 2 2 2 2 2 2 2 2 2 2 2 2 2 2 2 2 2 2 2 2 2 2 2 2 2 2
left_child=3 2 5 20 9 15 14 8 13 -5 34 -12 19 18 -3 35 -11 -10 25 -7 -1 36 -18 -24 28 -4 -25 -26 29 -21 -30 -32 -20 -34 -6 -2 37 38 -22
right_child=1 6 7 4 10 12 -8 -9 17 16 11 -13 -14 -15 -16 -17 22 -19 32 24 21 -23 23 26 27 -27 -28 -29 30 -31 31 -33 33 -35 -36 -37 -38 -39 -40
leaf_value=-0.26244861082505516 -0.25101311792591724 0.16807779121141239 -0.12799694213770388 0.038024957538720025 0.063392340831719185 0.19830714456579979 0.22296719351667407 0.18711426024880359 -0.19390670038314997 0.19239456149098677 -0.24090236050663152 0.12132562982264253 0.21339072913919802 0.25122821042623994 0.077628404661342298 0.22127500112940479 -0.22490447723092244 -0.021526407381577167 -0.072766196828319002 0.13616342122846289 -0.064939588472893592 0.060064789377407772 -0.13474662486073971 -0.1284299040892424 -0.075697084563999303 0.032330263421602043 0.13890578912442977 0.10552798033082536 0.085764747418428489 -0.025813098589592961 0.27779274514454128 0.11980102776602009 0.15726061300969726 -0.018076275698282296 -0.1227772430215959 -0.061181957769244316 -0.2262764661935954 0.034526323265629488 -0.24768780943144711
leaf_weight=185.57275128364563 6.8767641335725775 146.24886229634285 73.286515727639198 71.67235866189003 11.226846128702165 36.149404123425484 319.36011219024658 14.127953901886938 131.21181343495846 4.8164015710353842 104.41528657078743 5.8804364204406729 48.738440901041031 6.1074580103158942 130.36066247522831 5.4128200113773337 29.936104714870453 20.478760555386543 18.382184341549873 25.367725804448128 11.955487221479414 7.7930753976106635 41.922343388199806 5.7818771898746517 27.615508630871773 17.160481572151184 12.895582392811773 13.108342006802557 134.75055404007435 41.236317828297615 16.919525474309921 41.861819833517075 17.461542829871178 16.583667695522308 16.219315096735954 47.752879202365875 109.19735385477543 12.440663784742354 28.992624342441559
leaf_count=877 29 612 311 294 46 154 1353 62 594 20 476 26 221 27 530 23 130 83 76 104 49 32 178 24 114 70 53 54 558 169 72 172 71 68 67 202 494 54 131
internal_value=0 0.084507 0.0111105 -0.17324 -0.110033 0.0845326 0.178053 -0.0928191 -0.106382 -0.0462949 -0.186687 -0.220938 0.10676 -0.0402502 0.125759 -0.057851 -0.109487 -0.170843 -0.0538901 0.0909235 -0.227032 -0.187528 -0.126919 -0.0764707 0.0775847 -0.0975632 0.0544763 -0.0165553 0.0923271 0.0366646 0.111279 0.168048 0.0217508 0.0732276 -0.0469462 -0.0879904 -0.199605 -0.142801 -0.196347
internal_weight=0 1356.56 760.59 660.719 304.767 445.79 595.97 314.8 300.672 167.025 137.742 110.296 385.748 148.982 276.61 60.0425 95.3523 151.691 142.874 337.009 355.952 170.379 90.5359 60.5998 300.86 90.447 18.6775 40.7239 260.136 66.604 193.532 58.7813 52.4274 34.0452 27.4462 54.6296 162.586 53.3888 40.9481
internal_count=8680 5729 3234 2951 1314 1872 2495 1362 1300 699 615 502 1618 623 1142 254 405 677 596 1397 1637 760 385 255 1243 381 77 168 1075 273 802 244 215 139 113 231 728 234 180
is_linear=0
shrinkage=0.2


Tree=4
num_leaves=40
num_cat=0
split_feature=3 2 5 5 5 4 5 5 5 4 5 5 5 5 4 5 7 4 2 7 1 5 4 4 5 5 5 1 2 5 7 4 2 1 4 4 7 2 5
split_gain=100.362 46.5275 28.0837 23.5616 24.5927 34.0882 19.1693 17.1637 24.2174 16.4368 15.3506 10.8527 9.80558 49.5986 11.3469 30.9395 9.45671 9.01618 8.37008 8.36784 7.93814 8.1512 8.01692 7.37466 14.5662 8.61489 7.02008 6.93334 6.93264 6.51995 6.49843 6.41743 6.41102 5.85343 5.41631 6.20745 5.32313 4.78712 4.74372
threshold=1.0000000180025095e-35 102.50000000000001 9.5000000000000018 1.0000000180025095e-35 9.5000000000000018 14.500000000000002 8.5000000000000018 7.5000000000000009 6.5000000000000009 3.5000000000000004 1.0000000180025095e-35 9.5000000000000018 3.5000000000000004 1.5000000000000002 19.500000000000004 5.5000000000000009 1.0000000180025095e-35 14.500000000000002 -1.0000000180025095e-35 2.5000000000000004 3.5000000000000004 3.5000000000000004 3.5000000000000004 5.5000000000000009 1.5000000000000002 2.5000000000000004 7.5000000000000009 1.0000000180025095e-35 594.50000000000011 5.5000000000000009 1.5000000000000002 4.5000000000000009 2209.5000000000005 7.5000000000000009 8.5000000000000018 14.500000000000002 1.0000000180025095e-35 1232.0000000000002 1.0000000180025095e-35
decision_type=2 2 2 2 2 2 2 2 2 2 2 2 2 2 2 2 2 2 2 2 2 2 2 2 2 2 2 2 2 2 2 2 2 2 2 2 2 2 2
left_child=1 10 7 -3 5 6 20 8 19 -9 -1 17 13 16 -14 33 -7 18 -12 38 22 23 29 25 36 -22 -17 28 -24 -5 -23 -6 -27 37 -11 -36 -25 -16 -2
right_child=2 3 -4 4 31 12 -8 9 -10 34 11 -13 14 -15 15 26 -18 -19 -20 -21 21 30 27 24 -26 32 -28 -29 -30 -31 -32 -33 -34 -35 35 -37 -38 -39 -40
leaf_value=0.18972924519665713 -0.05986954404699401 0.17599388509436045 0.1511218169481108 0.026571769311668367 0.0022506272412913344 0.11614957174397052 0.26258513554765667 0.18865316379818342 0.26089864903143228 -0.12754351578927442 -0.15411098319472172 0.13183063034005851 -0.083491221261610876 0.29107657933382713 -0.16429752227058597 0.21602839388167713 -0.079306991498661938 -0.10792146084748155 0.0097476942041929693 -0.087798592848442311 0.083294186706594178 0.15543886446595992 -0.073538295350066479 0.13608956916265036 0.22966988141097469 -0.12167492655884182 0.065991970900906846 -0.056853047801591443 0.15295570809591694 0.24554419041363734 0.043117316816057606 0.17463641317585124 0.098971429464603008 0.01313309681297431 -0.041690409372485637 -0.096478498346566077 -0.0052165366971128925 -0.035816934620989081 -0.0033439603842264432
leaf_weight=10.062183797359465 80.100702449679375 67.355508878827095 26.300587520003319 12.53786723315716 9.7903492450714094 11.482914090156553 21.50850136578083 8.1471677124500257 10.74214857816696 104.80950419604778 14.426405280828474 10.979303449392317 93.621226012706757 23.63756799697876 31.811985865235329 17.712953671813011 52.98752672970295 99.757733523845673 70.382964164018631 89.30226968228817 25.002315238118172 85.287122428417206 7.7224090993404415 14.288206547498701 21.734644144773483 23.300356343388561 41.976062372326851 47.229421406984329 14.968515336513518 9.1705835163593274 27.995107352733612 73.894727274775505 6.1674219965934745 18.44912713766098 137.12850295007229 214.7061468064785 36.729860365390778 18.783878058195114 224.35970151424408
leaf_count=42 348 301 121 53 46 49 92 36 49 497 65 49 410 103 140 78 242 462 310 413 109 370 33 62 97 101 180 204 65 39 124 350 27 83 641 1021 159 85 998
internal_value=0 0.0417836 -0.049917 0.0632195 0.0529044 0.0399309 0.0823222 -0.0561178 -0.0259267 -0.0823133 -0.0431253 -0.05575 -0.00843382 0.0477891 -0.0307932 0.00777878 -0.0436084 -0.0673708 -0.0191729 -0.0342068 0.0701137 0.0891585 0.0198244 0.0539457 0.0952941 -0.00179637 0.112531 -0.0134149 0.0759804 0.12392 0.128122 0.154657 -0.0742535 -0.0830025 -0.087433 -0.0752516 0.035682 -0.117754 -0.01832
internal_weight=0 1020.75 895.597 815.146 747.791 664.106 353.642 869.296 404.505 464.791 205.609 195.546 310.463 88.108 222.355 128.734 64.4704 184.567 84.8094 393.763 332.134 240.505 91.6288 127.223 72.7527 54.4701 59.689 69.9203 22.6909 21.7085 113.282 83.6851 29.4678 69.045 456.644 351.835 51.0181 50.5959 304.46
internal_count=8654 4530 4124 3602 3301 2905 1535 4003 1808 2195 928 886 1370 394 976 566 291 837 375 1759 1443 1049 394 555 318 237 258 302 98 92 494 396 128 308 2159 1662 221 225 1346
is_linear=0
shrinkage=0.2


Tree=5
num_leaves=40
num_cat=0
split_feature=6 6 6 3 0 3 2 5 5 6 6 0 5 0 5 6 6 4 5 4 0 0 4 5 0 5 0 4 5 5 2 2 0 5 4 0 0 3 5
split_gain=540.78 105.322 103.06 60.5358 35.7234 24.4072 22.5096 17.5803 20.8454 17.1206 13.4925 13.2603 12.5187 12.3664 12.5765 12.101 12.0059 11.546 12.8465 17.1969 10.491 16.7049 11.819 10.2751 9.49789 9.82603 9.31528 8.0648 9.13114 7.82076 6.45605 6.4487 6.32524 6.02991 5.97735 5.89865 4.9016 6.64453 4.823
threshold=251.50000000000003 551.50000000000011 129.50000000000003 1.0000000180025095e-35 42.500000000000007 1.0000000180025095e-35 131.50000000000003 3.5000000000000004 9.5000000000000018 379.50000000000006 77.500000000000014 7.5000000000000009 9.5000000000000018 7.5000000000000009 9.5000000000000018 351.50000000000006 797.50000000000011 3.5000000000000004 3.5000000000000004 19.500000000000004 19.500000000000004 39.500000000000007 15.500000000000002 1.0000000180025095e-35 12.500000000000002 3.5000000000000004 41.500000000000007 4.5000000000000009 9.5000000000000018 5.5000000000000009 52.500000000000007 976.50000000000011 42.500000000000007 1.0000000180025095e-35 2.5000000000000004 42.500000000000007 16.500000000000004 1.0000000180025095e-35 1.0000000180025095e-35
decision_type=2 2 2 2 2 2 2 2 2 2 2 2 2 2 2 2 2 2 2 2 2 2 2 2 2 2 2 2 2 2 2 2 2 2 2 2 2 2 2
left_child=2 4 10 6 5 11 24 38 31 17 -1 -2 15 -12 32 30 -3 -7 19 33 22 23 -8 -22 25 -4 -26 29 -29 -25 -13 34 36 -19 -9 -18 37 -15 -5
right_child=1 16 3 7 -6 9 20 8 -10 -11 13 12 -14 14 -16 -17 35 18 -20 -21 21 -23 -24 27 26 -27 -28 28 -30 -31 -32 -33 -34 -35 -36 -37 -38 -39 -40
leaf_value=-0.23708574537670463 0.21304025232714016 0.14107677771805024 0.22566058904325081 -0.108887381542897 0.22099963422981461 0.0925359591400709 0.13763481663508093 0.0091106419109882545 0.092658526387589452 0.042109725220870628 0.079508798040984457 -0.10833505161800611 0.18761356390557871 -0.068162810169854079 0.046407622164120477 0.086230322428154718 0.21552961964641115 -0.15104772231830527 -0.12712890696094381 0.29327230856772568 0.19014482061959082 0.10869306531710846 0.0018511446463534633 -0.11366580704370439 -0.17247439475690796 -0.12112406494233624 0.091297343911108358 -0.11969601710923661 0.13067691119272815 0.18699292193922137 0.017245541249949935 -0.11881432997316572 0.017962103167046141 0.051212759935806762 -0.22151873937930394 0.020247705825505381 -0.2085411924805296 -0.19746636427196362 0.017581302618472877
leaf_weight=160.71899580955505 22.716845631599426 212.34445038437843 5.9031065851449949 18.660748645663261 41.760694906115532 15.525711402297018 60.159786254167557 4.6387561112642279 11.219733119010924 104.76238752901554 7.9697609841823569 18.590608522295952 25.441336065530777 30.945189759135246 10.110115200281141 123.18866939842701 206.98080764710903 12.097828596830373 85.270260944962502 6.590664103627204 5.8440658748149863 35.768105462193489 44.339282914996147 5.1176243722438803 43.119931697845459 5.8221205174922943 5.652217596769332 63.699215069413185 5.8256721794605246 8.0381950885057432 107.33577555418015 45.871111959218979 6.1836668103933325 10.416897118091581 104.30594739317894 6.5369192808866492 130.77193269133568 34.613224148750305 31.541813388466835
leaf_count=876 105 918 25 79 202 66 262 20 56 429 35 83 132 140 43 531 929 51 415 27 26 163 192 21 198 26 24 267 29 34 454 224 26 44 536 35 647 173 132
internal_value=0 0.100469 -0.114001 -0.0546639 0.0444435 0.0303067 0.00521579 -0.134528 -0.165782 -0.0178886 -0.192419 0.0683035 0.0558096 -0.159221 -0.168404 0.0418541 0.175743 -0.0662418 -0.0882325 0.026036 0.0339438 -0.0053679 0.0804225 -0.0519517 -0.102563 0.0563806 -0.141035 -0.0705362 -0.0976082 0.0702049 -0.00179724 -0.184849 -0.179252 -0.0587624 -0.211703 0.209638 -0.185506 -0.137815 -0.0302908
internal_weight=0 999.56 886.84 505.527 573.698 531.937 289.289 216.238 166.036 234.664 381.313 297.273 274.556 220.594 212.624 249.115 425.862 129.901 114.376 29.1054 228.792 124.293 104.499 88.5248 60.4974 11.7252 48.7721 82.6807 69.5249 13.1558 125.926 154.816 202.514 22.5147 108.945 213.518 196.33 65.5584 50.2026
internal_count=8675 4421 4254 2314 2539 2337 1267 1047 836 1032 1940 1305 1200 1064 1029 1068 1882 603 537 122 994 540 454 377 273 51 222 351 296 55 537 780 986 95 556 964 960 313 211
is_linear=0
shrinkage=0.2


Tree=6
num_leaves=40
num_cat=0
split_feature=0 0 2 3 7 4 3 4 4 0 0 1 3 4 4 2 7 2 1 2 2 4 4 4 7 2 2 2 7 4 4 2 0 4 1 1 0 4 2
split_gain=47.0823 34.3437 25.0083 15.3251 10.8756 15.9665 10.6447 10.1038 9.14242 8.91671 7.9331 7.82068 12.2865 5.35248 5.31597 5.04987 6.28412 5.669 4.99074 7.22994 7.10524 4.3621 6.29767 4.37444 4.31586 4.09698 3.85632 3.7676 5.89423 5.13667 10.0753 3.68385 3.93314 4.80138 4.301 3.65131 3.63904 3.52385 3.48722
threshold=42.500000000000007 10.500000000000002 947.50000000000011 1.0000000180025095e-35 1.0000000180025095e-35 12.500000000000002 1.0000000180025095e-35 7.5000000000000009 3.5000000000000004 7.5000000000000009 46.500000000000007 7.5000000000000009 1.0000000180025095e-35 27.500000000000004 29.500000000000004 13742.500000000002 5.5000000000000009 1612.5000000000002 1.0000000180025095e-35 454.50000000000006 538.50000000000011 8.5000000000000018 14.500000000000002 27.500000000000004 1.0000000180025095e-35 3427.0000000000005 1101.5000000000002 111.50000000000001 1.5000000000000002 19.500000000000004 26.500000000000004 8907.5000000000018 19.500000000000004 20.500000000000004 1.5000000000000002 4.5000000000000009 13.500000000000002 15.500000000000002 96.500000000000014
decision_type=2 2 2 2 2 2 2 2 2 2 2 2 2 2 2 2 2 2 2 2 2 2 2 2 2 2 2 2 2 2 2 2 2 2 2 2 2 2 2
left_child=1 3 4 7 11 -6 8 38 25 -9 -2 18 -13 -11 15 16 17 24 -3 21 -21 -20 -23 -24 -10 -4 -8 -7 29 37 -31 32 34 -34 -19 -18 -14 -29 -1
right_child=10 2 6 -5 5 27 26 9 14 13 -12 12 36 -15 -16 -17 35 31 19 20 -22 22 23 -25 -26 -27 -28 28 -30 30 -32 -33 33 -35 -36 -37 -38 -39 -40
leaf_value=-0.10626841098074694 0.22256651192749619 0.024535875902811047 0.17498239730583531 0.003001164179955774 -0.014983089758810117 -0.1108632546945832 0.056742082660386529 0.2263147365144077 0.044954884654727356 0.12093641629152199 0.095439556685064431 0.11698805360901431 -0.16063153789362902 -0.060793685523696829 -0.17152742990629274 -0.11936436566512237 -0.0066675259931042773 -0.03946918835777774 -0.10385198682089634 0.14021280027194202 -0.018641432209926603 0.027704313626602889 -0.089471141371153529 0.039134207340435288 -0.05385551301165184 0.029814780817098291 -0.02476185075787227 0.0040749543894883665 -0.096416559164155383 0.10371707523810342 -0.088006682364444797 0.16142560917898685 0.0043150144657514468 0.10050439337700193 0.11864708081515159 -0.2058062407875427 -0.0083337078430474297 -0.11940317375581172 0.05292490502249271
leaf_weight=6.0164988189935675 28.603193789720535 57.052559241652489 25.455085650086403 85.617702916264534 213.57644499838352 135.87056216597557 25.169073551893234 36.091507390141487 33.756004050374031 39.649834766983986 66.694972723722458 41.086272746324539 7.1227546632289878 7.2710064798593512 4.6568647176027289 8.1109953820705396 8.8638057559728605 7.6892116367816916 62.307086288928986 13.79958228766918 49.784949287772179 38.607757225632668 68.426757946610451 12.072870090603827 35.609337076544762 11.542575702071188 228.16145737469196 14.001198858022688 114.09071379899979 24.741470247507095 18.578457668423653 13.130261600017546 77.860056653618813 27.627428203821182 46.954784289002419 5.6522517949342719 32.020349740982056 26.245120495557785 30.107941776514053
leaf_count=27 140 275 117 416 1025 702 120 173 156 187 338 190 35 35 25 37 42 35 303 66 237 186 333 58 165 54 1103 66 575 118 92 62 355 134 219 29 162 127 141
internal_value=0 -0.00900991 -0.0195744 0.0676504 -0.039683 -0.0577521 0.013792 0.113818 0.0387996 0.151984 0.134959 -0.0137642 0.041497 0.0922887 0.0258361 0.0297495 0.0347686 0.0424857 -0.0285053 -0.0408921 0.0170014 -0.0611706 -0.0383603 -0.0700102 -0.00580205 0.131106 -0.0165283 -0.0850495 -0.0669718 -0.0262982 0.0214 0.0617625 0.0529142 0.0300105 0.096177 -0.0901865 -0.0384138 -0.0771204 0.0248748
internal_weight=0 1694.38 1489.62 204.754 929.385 547.104 560.239 119.137 306.909 83.0123 95.2982 382.281 80.2294 46.9208 269.911 265.254 257.143 242.627 302.052 244.999 63.5845 181.414 119.107 80.4996 69.3653 36.9977 253.331 333.528 197.657 83.5662 43.3199 173.262 160.131 105.487 54.644 14.5161 39.1431 40.2463 36.1244
internal_count=8660 8182 7203 979 4550 2705 2653 563 1430 395 478 1845 387 222 1259 1234 1197 1126 1458 1183 303 880 577 391 321 171 1223 1680 978 403 210 805 743 489 254 71 197 193 168
is_linear=0
shrinkage=0.2


Tree=7
num_leaves=40
num_cat=0
split_feature=6 6 3 6 0 0 6 5 5 4 5 5 5 5 4 5 5 6 5 5 5 5 0 6 5 4 4 4 1 5 6 6 4 0 5 4 4 5 5
split_gain=362.754 121.699 49.574 31.2486 24.8056 21.3513 19.1371 13.0174 13.3036 13.5631 12.616 12.3309 11.7897 13.7384 14.846 10.0057 14.5677 9.76387 9.48063 9.08819 10.7376 20.8235 11.7786 7.74969 7.71009 31.1168 6.48122 11.1172 7.58117 7.02717 6.47039 7.81298 6.74591 6.16096 6.02706 5.86138 5.37139 7.0182 5.17223
threshold=176.50000000000003 475.50000000000006 1.0000000180025095e-35 114.50000000000001 41.500000000000007 11.500000000000002 668.50000000000011 9.5000000000000018 1.0000000180025095e-35 14.500000000000002 8.5000000000000018 1.0000000180025095e-35 9.5000000000000018 7.5000000000000009 3.5000000000000004 8.5000000000000018 6.5000000000000009 387.50000000000006 6.5000000000000009 9.5000000000000018 7.5000000000000009 6.5000000000000009 11.500000000000002 77.500000000000014 8.5000000000000018 15.500000000000002 25.500000000000004 14.500000000000002 2.5000000000000004 3.5000000000000004 299.50000000000006 264.50000000000006 5.5000000000000009 42.500000000000007 9.5000000000000018 19.500000000000004 27.500000000000004 5.5000000000000009 5.5000000000000009
decision_type=2 2 2 2 2 2 2 2 2 2 2 2 2 2 2 2 2 2 2 2 2 2 2 2 2 2 2 2 2 2 2 2 2 2 2 2 2 2 2
left_child=3 2 4 23 5 38 -3 8 35 10 30 -5 13 18 -15 16 36 -16 26 20 21 22 -13 -1 -22 -26 27 -4 -29 -28 31 32 -10 -21 -25 -7 37 -11 -2
right_child=1 6 12 11 -6 7 -8 -9 9 15 -12 19 -14 14 17 -17 -18 -19 -20 33 24 -23 -24 34 25 -27 29 28 -30 -31 -32 -33 -34 -35 -36 -37 -38 -39 -40
leaf_value=-0.21597008181845531 0.079688430812865113 0.090681707536462056 0.00092244872006223312 0.059054867252688659 0.1803920743564309 0.013770808627416586 0.17154438713648396 0.14612163282915194 0.093735086463180295 -0.013841664064021736 0.25673074734455187 0.050491047819628987 0.1353079415855678 0.23478221070711669 -0.14725296854153924 -0.20077153558899538 0.12320249873938081 -0.022037188786881583 0.21819707961502208 0.097069825111987099 -0.20381690967794383 0.19533216862929542 -0.11965386817099631 -0.15697220952915808 0.22419302508200534 -0.24237552369663398 0.20113862282103734 -0.22185613596377968 -0.056610556176264232 -0.026485134640311794 0.062393395926584563 -0.13607961953960421 -0.048299367764587424 -0.15437360823798743 0.023969694159343032 0.21146653362210693 -0.17910395705253845 -0.16878588002735662 0.18837982175880633
leaf_weight=137.5721094161272 39.652894556522369 204.47002521157265 75.512088999152184 21.214085578918457 52.607767313718796 9.8705069422721863 283.33215188980103 25.311853051185608 22.297146335244179 51.195308178663254 8.2402641624212247 18.452227741479874 12.110600367188452 4.3182409256696692 104.26720064878464 17.798207312822342 17.321694672107697 33.024479001760483 5.7714038193225852 14.4789225012064 60.322665587067604 9.8734796345233899 118.17225453257561 137.19287960231304 8.6040799021720904 14.188849106431006 8.7746246010065096 18.040685459971428 28.958080902695656 12.343014493584631 54.860919117927551 18.924036830663681 31.266854241490364 4.5558854788541785 7.5942328870296469 15.008478552103043 15.496805086731909 14.503408491611479 33.550623551011086
leaf_count=873 188 902 323 95 284 46 1355 145 98 225 37 81 62 18 581 73 76 135 29 68 346 43 561 734 38 74 36 82 129 59 236 80 133 21 33 75 69 61 173
internal_value=0 0.0605432 0.00888711 -0.134752 0.0526868 0.0344789 0.13783 0.0108782 -0.00183183 -0.0157469 0.0271852 -0.0857299 -0.0529223 -0.0610657 -0.105545 -0.0656543 -0.0399825 -0.117401 -0.0186062 -0.0982156 -0.109204 -0.0760147 -0.0965323 -0.181272 -0.166565 -0.0647996 -0.0291477 -0.0468191 -0.122397 0.0715597 0.0109918 -0.0281381 0.011278 0.0335026 -0.147411 0.13559 -0.0755611 -0.0494848 0.130834
internal_weight=0 1218.83 731.027 552.222 427.907 375.299 487.802 302.095 276.784 251.905 135.589 269.862 303.12 291.01 141.61 116.315 98.5172 137.292 149.4 248.648 229.614 146.498 136.624 282.359 83.1156 22.7929 143.628 122.511 46.9988 21.1176 127.349 72.488 53.564 19.0348 144.787 24.879 81.1955 65.6987 73.2035
internal_count=8677 5710 3453 2967 1999 1715 2257 1354 1209 1088 584 1327 1454 1392 734 504 431 716 658 1232 1143 685 642 1640 458 112 629 534 211 95 547 311 231 89 767 121 355 286 361
is_linear=0
shrinkage=0.2


Tree=8
num_leaves=40
num_cat=0
split_feature=6 6 6 3 5 7 6 2 2 5 6 2 7 5 4 5 5 6 5 4 4 5 5 4 5 5 5 5 5 4 6 5 2 5 2 5 5 4 3
split_gain=264.756 56.9802 55.3887 24.7425 14.6678 14.1681 13.6037 10.9146 10.1113 9.74296 9.9841 8.75147 8.74099 9.85377 9.62995 13.7377 8.68701 8.46534 7.56155 13.7297 7.01573 7.00484 6.96548 8.82437 16.9063 8.36924 6.13308 16.5407 6.84117 9.35393 6.09426 6.04061 5.97943 5.80151 5.74742 6.88024 5.6848 5.62585 5.57873
threshold=249.50000000000003 129.50000000000003 612.50000000000011 1.0000000180025095e-35 9.5000000000000018 3.5000000000000004 77.500000000000014 976.50000000000011 48.500000000000007 7.5000000000000009 392.50000000000006 -1.0000000180025095e-35 1.0000000180025095e-35 3.5000000000000004 4.5000000000000009 1.5000000000000002 7.5000000000000009 355.50000000000006 8.5000000000000018 15.500000000000002 3.5000000000000004 4.5000000000000009 9.5000000000000018 16.500000000000004 8.5000000000000018 6.5000000000000009 6.5000000000000009 7.5000000000000009 8.5000000000000018 12.500000000000002 797.50000000000011 6.5000000000000009 2789.5000000000005 2.5000000000000004 775.50000000000011 1.0000000180025095e-35 9.5000000000000018 19.500000000000004 1.0000000180025095e-35
decision_type=2 2 2 2 2 2 2 2 2 2 2 2 2 2 2 2 2 2 2 2 2 2 2 2 2 2 2 2 2 2 2 2 2 2 2 2 2 2 2
left_child=1 6 4 5 8 11 -1 16 17 31 20 -3 13 14 -8 -16 -5 -2 21 -20 -11 33 23 25 34 32 -15 -28 -29 -30 -4 -10 -13 -9 35 -25 -31 -21 -22
right_child=2 3 30 7 -6 -7 12 18 9 10 -12 22 -14 26 15 -17 -18 -19 19 37 38 -23 -24 24 -26 -27 27 28 29 36 -32 -33 -34 -35 -36 -37 -38 -39 -40
leaf_value=-0.20454535208840882 -0.10164611269173002 -0.21786949791613508 0.10698755777800362 -0.074457665458051478 0.15426135613694208 -0.1554018729734625 -0.16794702883965409 -0.042508541227227116 0.055231302673982678 0.15837355743143616 0.048151071261705182 -0.012635430989340677 -0.15373723298019171 -0.2106380928812128 -0.0012840487679052768 0.37246964029651808 -0.18261584752970944 0.017622545371854502 0.35430587507998812 -0.21172967528911171 0.0072290342164290288 -0.12188739342301125 0.11744647403006425 0.11114844152450841 -0.28155857857689803 0.13016661129629067 0.27927083751748416 -0.19437178832134588 0.21395650091545645 -0.20903734137535787 0.16435825554053654 0.18726810258170654 0.1171579292596277 0.18076098374880306 0.047556547717800469 -0.096976431400568677 0.066929625136278259 0.10662237218649291 -0.11303278529306092
leaf_weight=121.3252214640379 38.339633762836456 5.7209903746843329 135.26419186592102 58.394448146224022 39.336310803890228 21.214567258954048 5.8284800350666073 14.276628464460375 296.10541450977325 5.1063294410705558 80.609048098325729 77.75714798271656 111.50728901475668 16.698440805077553 12.60806228220463 5.0047215670347205 63.373279914259911 60.536852389574051 4.6426653414964658 3.849441722035408 23.517346456646919 30.723933145403862 24.767112895846367 7.1290954649448386 9.6609421521425229 30.737570181488991 4.2243893146514884 18.178680658340454 4.3479667007923117 7.3401783406734449 183.89221555739641 13.998500987887381 16.631728395819664 6.0658472031354895 36.654863685369492 34.509067058563232 4.3067600429058075 3.7073306441307068 43.70489738881588
leaf_count=882 194 30 646 285 245 106 27 60 1352 23 343 345 648 94 57 21 421 253 23 24 107 169 136 36 41 144 18 116 19 45 962 78 76 26 166 165 19 21 251
internal_value=0 -0.0862845 0.0730799 -0.0406512 0.0372564 -0.00139168 -0.151966 -0.0966116 0.0288814 0.0412708 -5.51897e-05 0.0124349 -0.117762 -0.0657664 0.0419559 0.115232 -0.13148 -0.029019 -0.0287866 0.108607 -0.0537261 -0.0626478 0.0186062 0.00676586 -0.0415856 0.0407959 -0.111549 -0.0654163 -0.11284 -0.0158553 0.140335 0.0616056 0.0109383 0.0279166 -0.00971096 -0.0600768 -0.109008 -0.0598018 -0.0713238
internal_weight=0 761.187 920.411 449.817 601.254 264.783 311.37 185.034 561.918 463.042 152.938 243.569 190.045 78.5377 23.4413 17.6128 121.768 98.8765 63.2658 12.1994 72.3286 51.0664 237.848 213.08 87.954 125.126 55.0964 38.398 34.1736 15.9949 319.156 310.104 94.3889 20.3425 78.293 41.6382 11.6469 7.55677 67.2222
internal_count=8674 4220 4454 2274 2846 1245 1946 1029 2601 2154 724 1139 1064 416 105 78 706 447 323 68 381 255 1109 973 408 565 311 217 199 83 1608 1430 421 86 367 201 64 45 358
is_linear=0
shrinkage=0.2


Tree=9
num_leaves=40
num_cat=0
split_feature=6 6 0 6 0 2 4 6 3 2 6 0 2 0 0 4 4 0 6 2 2 3 2 1 2 6 1 0 2 4 2 0 2 4 4 4 6 2 2
split_gain=187.472 58.6284 27.7429 23.6461 17.8222 13.37 13.0289 11.9973 11.7798 11.3836 10.9019 10.8991 8.24449 8.13477 7.5497 7.10649 13.265 5.81163 5.08986 4.8607 4.76453 5.40459 4.7815 4.74576 4.62969 4.56064 4.40205 4.1599 4.02687 3.992 3.90032 4.04718 5.04877 3.70223 6.00922 6.55527 4.9314 4.08588 3.69723
threshold=174.50000000000003 522.50000000000011 42.500000000000007 77.500000000000014 6.5000000000000009 1219.5000000000002 1.0000000180025095e-35 359.50000000000006 1.0000000180025095e-35 -45.499999999999993 797.50000000000011 12.500000000000002 185.50000000000003 42.500000000000007 41.500000000000007 20.500000000000004 15.500000000000002 21.500000000000004 131.50000000000003 513.50000000000011 24.500000000000004 1.0000000180025095e-35 1.0000000180025095e-35 2.5000000000000004 5742.5000000000009 142.50000000000003 3.5000000000000004 12.500000000000002 292.50000000000006 6.5000000000000009 1081.5000000000002 9.5000000000000018 157.50000000000003 19.500000000000004 12.500000000000002 10.500000000000002 732.50000000000011 4334.0000000000009 4452.5000000000009
decision_type=2 2 2 2 2 2 2 2 2 2 2 2 2 2 2 2 2 2 2 2 2 2 2 2 2 2 2 2 2 2 2 2 2 2 2 2 2 2 2
left_child=3 2 4 -1 -2 6 -6 9 11 -8 33 29 -13 -12 25 16 38 19 28 20 22 -22 -11 -18 -20 -10 -27 -21 -14 -5 31 -31 -33 34 35 -3 37 -36 -7
right_child=1 10 -4 8 5 15 7 -9 14 17 13 12 18 -15 -16 -17 23 -19 24 27 21 -23 -24 -25 -26 26 -28 -29 -30 30 -32 32 -34 -35 36 -37 -38 -39 -40
leaf_value=-0.1896795213349195 0.17290286227452259 0.066848016248262421 0.1623649612132447 -0.077863808396268525 0.23413245677831471 0.071019959239319738 -0.20302518669042247 0.020034109841816392 -0.15600548754103302 -0.0060137208739620531 0.15255042190803658 -0.14679616042159579 0.058963159508136791 -0.091460776506897351 0.15209656428912746 0.10113811727428562 -0.1746320310289429 -0.075320410157300524 -0.022856001840836818 0.0193270236850316 0.066768563699687269 -0.030238889436084257 -0.18644441137271683 -0.033475376385076104 0.16956201951341271 -0.14294265195805089 -0.026288516584086749 -0.098653650732089995 -0.10645436304688778 0.20945764197373068 -0.023198451987959397 -0.13153778533568589 0.12145079288340177 0.11723244114337331 0.052802112295808834 0.20468886990857885 -0.10928792297194348 -0.13534622559389886 -0.01416441794974899
leaf_weight=105.6630138233304 22.546839140355587 71.726724393665791 44.54713000357151 8.7773932218551618 6.9505249708890906 91.802241735160351 17.810644589364529 137.77966795861721 98.850630789995193 16.376078173518184 163.41187797486782 44.759094171226025 6.1700248941779128 5.2097104638814917 3.3083494305610648 49.988361619412899 12.208027102053164 117.57267299294472 57.514836117625237 16.448505662381649 54.172767817974091 38.954805821180344 8.4954856932163221 38.18984854221344 4.7630324512720099 23.830858387053013 28.214244581758976 41.126814484596252 52.124068886041641 9.7049536257982272 11.871479108929632 4.0507513880729666 8.7902761846780759 64.753341220319271 56.347295954823494 16.846612498164177 9.9894790798425657 4.3473736792802802 25.868800923228264
leaf_count=882 126 356 281 40 34 436 107 614 649 88 921 264 35 37 15 256 59 595 264 89 251 222 44 176 22 151 171 200 283 44 54 20 39 310 257 80 49 20 128
internal_value=0 0.0437727 0.0106286 -0.106551 0.000765388 -0.00517105 -0.0246514 -0.0290231 -0.0820131 -0.0507556 0.106179 -0.0507453 -0.0740553 0.14466 -0.123869 0.0354862 0.0156163 -0.0410362 -0.0463512 -0.0178671 0.00544199 0.026269 -0.0711068 -0.0696183 -0.00639517 -0.130604 -0.0809075 -0.0651232 -0.0884475 0.0382298 0.0688118 0.116489 0.0389353 0.0768474 0.0599798 0.0944839 0.0162337 0.0379171 0.0523204
internal_weight=0 1133.47 740.839 468.393 696.292 673.745 455.688 448.737 362.73 310.958 392.632 208.526 165.331 168.622 154.204 218.057 168.069 293.147 120.572 175.574 117.999 93.1276 24.8716 50.3979 62.2779 150.896 52.0451 57.5753 58.2941 43.1949 34.4175 22.546 12.841 224.011 159.257 88.5733 70.6841 60.6947 117.671
internal_count=8669 5736 3706 2933 3425 3299 2244 2210 2051 1596 2030 1065 868 958 986 1055 799 1489 604 894 605 473 132 235 286 971 322 289 318 197 157 103 59 1072 762 436 326 277 564
is_linear=0
shrinkage=0.2


Tree=10
num_leaves=40
num_cat=0
split_feature=5 5 4 4 5 5 7 4 5 4 5 4 3 4 5 4 3 4 5 2 4 4 5 3 4 5 5 5 2 2 7 2 4 1 5 5 1 3 2
split_gain=14.7519 16.5781 27.8845 11.8198 87.2204 21.1126 19.3059 10.1012 9.2951 14.5095 8.45428 15.9811 8.89466 8.04149 7.88873 7.38835 6.92108 13.2702 9.47017 7.59035 6.5513 9.06729 13.4707 10.7569 7.07849 60.303 9.12939 30.8039 6.86519 6.64488 6.22323 5.66759 5.58976 5.57074 5.48794 5.40161 4.82877 4.71312 4.41924
threshold=9.5000000000000018 3.5000000000000004 3.5000000000000004 5.5000000000000009 1.5000000000000002 2.5000000000000004 1.0000000180025095e-35 27.500000000000004 4.5000000000000009 26.500000000000004 1.0000000180025095e-35 19.500000000000004 1.0000000180025095e-35 19.500000000000004 10.500000000000002 8.5000000000000018 1.0000000180025095e-35 19.500000000000004 1.0000000180025095e-35 96.500000000000014 23.500000000000004 24.500000000000004 5.5000000000000009 1.0000000180025095e-35 15.500000000000002 8.5000000000000018 7.5000000000000009 6.5000000000000009 261.50000000000006 2789.5000000000005 1.5000000000000002 2209.5000000000005 12.500000000000002 6.5000000000000009 4.5000000000000009 6.5000000000000009 1.0000000180025095e-35 1.0000000180025095e-35 1330.5000000000002
decision_type=2 2 2 2 2 2 2 2 2 2 2 2 2 2 2 2 2 2 2 2 2 2 2 2 2 2 2 2 2 2 2 2 2 2 2 2 2 2 2
left_child=1 3 30 5 6 36 16 8 9 -4 11 12 -8 14 33 -6 -5 18 19 -18 24 22 -22 -23 25 26 27 -10 -25 -29 35 -7 -14 -2 -9 -3 -1 -27 -24
right_child=13 2 7 4 15 31 10 34 20 -11 -12 -13 32 -15 -16 -17 17 -19 -20 -21 21 23 38 28 -26 37 -28 29 -30 -31 -32 -33 -34 -35 -36 -37 -38 -39 -40
leaf_value=0.22555403134595325 -0.11125045423310775 0.08292958819895177 0.22134561012049209 0.10716840917213827 0.11654587057698096 -0.12493861475637043 0.10675108183411419 -0.18395397116785916 -0.034070734267606144 -0.062837335565896185 -0.064094664214391125 0.17800827655361531 0.064179001182377668 0.15310568955638792 0.094718865215278267 0.2988672484758102 0.10040344013944583 0.19198126496276813 0.14382073936947598 -0.16334229266658129 -0.07512096818467609 0.077016783406486711 0.34135820006336076 -0.18281909556409823 -0.061384805167799761 0.2050136077328463 -0.067436923134357549 0.31703975726255335 -0.010054291330553064 0.020913832278334103 -0.0016673020708629098 0.04468118319503131 -0.15293057621067976 0.096196866408652104 -0.066923713539147237 0.22170643224616651 0.040429893005004568 0.41423234058805908 0.083866458493100565
leaf_weight=5.7475633472204199 17.914171740412716 52.510443359613419 14.426141664385796 65.032828971743584 12.507058389484881 59.779675178229809 10.173225983977316 21.311178378760815 148.45671661198139 13.212563410401344 142.64079028367996 18.116011880338192 5.6126765757799175 33.781500361859798 31.81935229152441 46.839407734572887 4.9283028319478062 10.568566150963305 6.6772619858384124 21.356014154851437 7.2713007405400303 28.736976236104965 8.1018028333783132 15.461704775691031 265.67267074435949 20.550548262894157 213.38172525167465 12.487951844930651 21.547556847333908 4.0711241215467444 25.27905036509037 8.6953262090682966 21.312064923346043 6.5541162341833106 65.282488733530045 14.283997125923632 49.069016054272652 6.5583065748214713 4.6593906432390204
leaf_count=28 110 270 71 348 71 304 52 117 797 74 788 98 28 210 205 242 26 50 31 107 41 152 41 111 1548 108 1304 68 135 24 134 45 119 43 402 78 247 32 23
internal_value=0 -0.00611734 -0.0213382 0.0238498 0.041883 -0.0295822 -0.00130958 -0.0324164 -0.0252087 0.0873211 -0.0384618 0.0277316 -0.0476167 0.0769866 0.0299655 0.262275 0.06621 0.00428162 -0.0586789 -0.112551 -0.0293955 0.0225034 0.137817 -0.0137284 -0.0360451 -0.0193652 -0.0401884 -0.0048155 -0.0843136 0.248087 0.0829287 -0.103162 -0.107186 -0.0545381 -0.0969867 0.114626 0.062475 0.264905 0.256714
internal_weight=0 1452.32 963.264 489.056 365.764 123.292 306.418 871.19 784.596 27.6387 197.855 55.214 37.098 90.0691 56.2876 59.3465 108.563 43.5301 32.9616 26.2843 756.958 85.7787 20.0325 65.7462 671.179 405.506 378.398 165.016 37.0093 16.5591 92.0735 68.475 26.9247 24.4683 86.5937 66.7944 54.8166 27.1089 12.7612
internal_count=8682 8114 5530 2584 1960 624 1647 5048 4529 145 1085 297 199 568 358 313 562 214 164 133 4384 503 105 398 3881 2333 2193 889 246 92 482 349 147 153 519 348 275 140 64
is_linear=0
shrinkage=0.2


Tree=11
num_leaves=40
num_cat=0
split_feature=6 6 6 2 7 6 5 5 5 5 5 4 4 6 5 5 4 5 3 4 5 5 5 3 7 4 5 6 5 4 4 7 4 5 4 6 5 4 4
split_gain=136.606 51.3956 16.2837 13.427 13.058 12.5043 10.9971 9.45794 15.6451 15.0806 10.2123 13.6138 9.89374 8.386 8.03384 16.9354 28.5181 10.8756 9.01486 7.59805 25.1582 7.40662 6.67979 6.64698 6.569 6.51984 6.42686 6.07181 5.77934 5.62695 8.2112 6.60678 5.5213 13.6862 9.43805 6.33118 5.4218 26.1778 6.9595
threshold=392.50000000000006 142.50000000000003 636.50000000000011 -1.0000000180025095e-35 2.5000000000000004 61.500000000000007 1.0000000180025095e-35 9.5000000000000018 7.5000000000000009 6.5000000000000009 3.5000000000000004 1.5000000000000002 3.5000000000000004 236.50000000000003 3.5000000000000004 1.5000000000000002 6.5000000000000009 1.0000000180025095e-35 1.0000000180025095e-35 8.5000000000000018 1.5000000000000002 1.0000000180025095e-35 2.5000000000000004 1.0000000180025095e-35 1.0000000180025095e-35 12.500000000000002 9.5000000000000018 884.50000000000011 1.5000000000000002 12.500000000000002 20.500000000000004 1.0000000180025095e-35 15.500000000000002 4.5000000000000009 11.500000000000002 243.50000000000003 8.5000000000000018 15.500000000000002 16.500000000000004
decision_type=2 2 2 2 2 2 2 2 2 2 2 2 2 2 2 2 2 2 2 2 2 2 2 2 2 2 2 2 2 2 2 2 2 2 2 2 2 2 2
left_child=1 5 -2 -3 7 -1 -6 8 9 10 19 -12 -10 -8 15 17 -17 -7 25 22 24 27 28 29 -21 -16 -27 -4 -5 -14 -31 -32 33 -13 -35 -34 38 -38 -25
right_child=2 3 21 4 6 14 13 -9 12 -11 11 32 23 -15 18 16 -18 -19 -20 20 -22 -23 -24 36 -26 26 -28 -29 -30 30 31 -33 35 34 -36 -37 37 -39 -40
leaf_value=-0.19712525898476799 0.046312783116223701 -0.14061785412799482 -0.10731626985090448 0.013387037776712947 0.17578587091844511 0.023036697598168131 -0.16349263667828492 0.093453055252306211 0.18300865526790031 0.18479860564089162 0.14573535910648272 0.25755001507863068 0.075154779565717311 -0.035015117174864316 0.00095965667843441989 -0.11308784683954115 0.29689291614613766 -0.15737211057990191 -0.16664977942337353 0.077580820776334464 0.27076872721877271 0.12573711576875207 -0.080202531746515371 -0.17173982436297705 -0.02609605876455259 -0.14904326236627644 0.043659986457493083 0.10062125103738212 0.24182862678753148 -0.13351409258769367 -0.066466083592777322 0.1951888318869347 -0.16023724243917487 -0.078192053958614338 0.1046041292866226 -0.033404522314475278 0.3946022542842485 -0.15829619027445152 -0.040716140124823122
leaf_weight=57.351234704256058 277.10860931873322 31.156329423189163 9.965082950890066 36.025789156556129 5.6681890636682501 19.26521460711956 39.559126175940037 42.723455160856247 5.8311056494712821 19.911256074905396 15.120944447815416 6.119478926062583 18.066385336220264 42.025449000298977 31.031524553894997 13.19695793092251 12.674347765743731 41.756048500537872 80.543757028877735 50.121676310896873 20.045558914542198 242.76026795059443 31.195653483271599 46.394433364272118 46.571608684957027 39.662206172943115 8.0209038704633695 11.146187059581278 4.3578039854764929 22.234630092978477 7.669721379876135 6.5614158809185028 29.26256300508976 52.531426772475243 13.685308307409285 34.171695023775101 4.1573291569948188 10.854878701269625 25.564238846302032
leaf_count=579 1317 206 61 166 28 99 228 298 31 119 72 31 92 211 168 76 60 287 665 254 110 1366 138 334 220 266 37 73 20 99 36 31 148 239 66 160 18 79 180
internal_value=0 -0.044986 0.0803543 -0.0139218 -0.00756973 -0.113123 -0.0791121 0.00388426 -0.00379177 0.0187295 0.00861591 -0.0300736 -0.058513 -0.0981846 -0.0930412 -0.0436269 0.0903259 -0.100805 -0.119689 0.0396127 0.0709209 0.115883 -0.0116428 -0.0693293 0.0278193 -0.0705769 -0.116463 0.00217115 0.0417889 -0.0143005 -0.0592084 0.0577137 -0.0503097 -0.0122992 -0.0397042 -0.0930386 -0.103438 0.00571855 -0.126044
internal_weight=0 971.09 540.98 667.587 636.431 303.502 87.2528 549.178 506.455 359.121 339.21 150.891 147.334 81.5846 246.151 86.8926 25.8713 61.0213 159.258 188.318 116.739 263.872 71.5792 141.503 96.6933 78.7146 47.6831 21.1113 40.3836 54.5322 36.4658 14.2311 135.77 72.3362 66.2167 63.4343 86.9709 15.0122 71.9587
internal_count=8668 5851 2817 3614 3408 2237 467 2941 2643 1743 1624 716 900 439 1658 522 136 386 1136 908 584 1500 324 869 474 471 303 134 186 258 166 67 644 336 305 308 611 97 514
is_linear=0
shrinkage=0.2


Tree=12
num_leaves=40
num_cat=0
split_feature=6 6 7 6 3 3 2 6 2 4 1 4 4 6 6 7 1 1 1 6 2 6 2 1 4 4 6 4 2 1 2 4 2 6 1 2 1 4 2
split_gain=93.3709 36.5909 20.1316 11.7031 9.67435 7.69341 7.00976 6.04254 6.09621 5.92533 5.63975 6.35547 8.40108 5.4484 4.79168 4.55162 8.40772 6.85214 4.00493 5.82956 3.70185 4.72049 3.53875 3.52095 3.50623 5.10459 3.50379 3.29174 3.2701 3.68819 4.93473 3.56876 4.33809 3.25035 3.22062 4.03066 3.21139 3.14247 4.09793
threshold=176.50000000000003 612.50000000000011 2.5000000000000004 61.500000000000007 1.0000000180025095e-35 1.0000000180025095e-35 196.50000000000003 257.50000000000006 2789.5000000000005 2.5000000000000004 3.5000000000000004 20.500000000000004 3.5000000000000004 531.50000000000011 920.50000000000011 1.0000000180025095e-35 4.5000000000000009 6.5000000000000009 3.5000000000000004 139.50000000000003 880.50000000000011 387.50000000000006 2675.5000000000005 1.0000000180025095e-35 21.500000000000004 27.500000000000004 272.50000000000006 19.500000000000004 8907.5000000000018 4.5000000000000009 1219.5000000000002 20.500000000000004 296.50000000000006 231.50000000000003 6.5000000000000009 67.500000000000014 1.0000000180025095e-35 27.500000000000004 897.50000000000011
decision_type=2 2 2 2 2 2 2 2 2 2 2 2 2 2 2 2 2 2 2 2 2 2 2 2 2 2 2 2 2 2 2 2 2 2 2 2 2 2 2
left_child=2 4 3 -1 10 6 34 8 33 -3 11 12 -2 15 -11 17 22 -12 23 24 -14 26 -17 27 -20 -26 -22 -7 29 -8 31 32 -31 36 -5 -36 -6 38 -13
right_child=1 9 -4 5 7 18 28 -9 -10 14 13 37 20 -15 -16 16 -18 -19 19 -21 21 -23 -24 -25 25 -27 -28 -29 -30 30 -32 -33 -34 -35 35 -37 -38 -39 -40
leaf_value=-0.17115649168615929 0.10472219035057545 -0.031722492176674409 -0.17142520514433376 -0.12018249847272083 0.050789887528599087 -0.10201188194303207 0.029910143384539234 0.0024343488970565209 0.068599571621611566 0.080083311336571261 0.023055551290265486 0.052599762640233874 -0.094668747493242944 0.13639724613798901 0.13699008893294282 0.044929106005165378 -0.02151488849767515 0.11365406113394667 -0.12147167541726439 0.024996086916011195 0.010876486086066643 0.11794795896509652 0.15991155190814996 -0.16810908530487423 0.11212210695664293 -0.18183126478466133 -0.15437054767534941 0.08282389000283806 0.14963241779819217 0.12256606619041488 -0.10125998964572683 0.12134093035107532 -0.086832697147701754 -0.12986578741884175 -0.099708583309954357 0.095801960663348118 -0.068922708750735778 -0.014734455796792639 0.25595245417372164
leaf_weight=32.502878159284592 14.10844302177429 13.520627118647097 78.007828578352928 31.232464835047722 10.447682805359362 14.575611360371115 67.642415039241314 238.47087100893259 13.070118375122545 156.23383436352015 75.835028648376465 12.10284467041493 46.365943714976311 22.920553803443909 100.3897647485137 47.406184285879135 101.71449125558138 59.615412093698978 36.786426588892937 24.862170003354549 12.735324241220956 8.2866624891757947 13.51932332664728 31.1784672960639 6.3822920918464643 2.8380192220211029 7.7921146526932707 4.559176340699195 5.3526828438043585 4.7759243771433892 25.93202168494463 8.5315700843930227 13.679788388311861 28.563221082091331 8.3208704739809018 7.2096165940165511 47.828386053442955 9.8745251819491369 5.5799463167786589
leaf_count=368 70 92 698 194 65 110 357 1159 73 876 443 63 220 123 641 233 545 338 299 166 64 42 73 264 46 29 36 35 28 24 134 45 75 179 54 39 307 54 34
internal_value=0 0.0325756 -0.0805034 -0.0584463 0.0104806 -0.0455975 -0.0183555 -0.0149008 -0.0560028 0.09587 0.0300879 -0.00750342 -0.033444 0.0437572 0.102661 0.036327 0.0136734 0.063315 -0.0840829 -0.0526056 -0.0601094 -0.00355957 0.0719911 -0.127072 -0.0942844 0.0151143 -0.0549129 -0.0565848 0.00630229 -0.000899662 -0.040156 0.0196489 -0.030113 -0.0751607 -0.083851 -0.0087277 -0.0471079 0.075276 0.124169
internal_weight=0 1046.38 404.37 326.362 776.237 293.86 172.677 338.38 99.9094 270.144 437.857 116.846 89.2885 321.011 256.624 298.09 162.64 135.45 121.182 70.8689 75.18 28.8141 60.9255 50.3133 46.0067 9.22031 20.5274 19.1348 125.914 120.562 52.9193 26.9873 18.4557 86.8393 46.763 15.5305 58.2761 27.5573 17.6828
internal_count=8695 5730 2965 2267 4121 1899 950 1783 624 1609 2338 583 432 1755 1517 1632 851 781 949 540 362 142 306 409 374 75 100 145 663 635 278 144 99 551 287 93 372 151 97
is_linear=0
shrinkage=0.2


Tree=13
num_leaves=40
num_cat=0
split_feature=6 6 7 6 5 5 5 5 0 0 0 5 6 2 6 1 1 1 5 1 0 0 1 5 0 7 5 1 5 5 0 6 5 7 6 7 5 6 2
split_gain=68.562 21.231 19.5779 14.4598 10.8796 14.0109 29.0962 11.6037 7.29058 7.80694 6.54769 6.3423 6.30072 5.48738 5.47926 5.47522 6.69434 7.32103 8.26745 5.7191 5.14823 6.22149 5.11104 5.02664 5.01059 7.63671 4.98007 4.95392 4.93203 4.74242 4.65581 4.13125 5.3773 4.1292 4.51924 4.77159 4.05519 3.82534 3.7447
threshold=222.50000000000003 668.50000000000011 3.5000000000000004 90.500000000000014 9.5000000000000018 7.5000000000000009 6.5000000000000009 3.5000000000000004 7.5000000000000009 42.500000000000007 41.500000000000007 5.5000000000000009 412.50000000000006 976.50000000000011 504.50000000000006 1.0000000180025095e-35 2.5000000000000004 4.5000000000000009 8.5000000000000018 7.5000000000000009 37.500000000000007 20.500000000000004 8.5000000000000018 2.5000000000000004 9.5000000000000018 1.0000000180025095e-35 1.0000000180025095e-35 4.5000000000000009 8.5000000000000018 9.5000000000000018 21.500000000000004 367.50000000000006 1.5000000000000002 1.5000000000000002 146.50000000000003 1.0000000180025095e-35 1.0000000180025095e-35 363.50000000000006 2161.5000000000005
decision_type=2 2 2 2 2 2 2 2 2 2 2 2 2 2 2 2 2 2 2 2 2 2 2 2 2 2 2 2 2 2 2 2 2 2 2 2 2 2 2
left_child=2 8 3 -1 5 6 7 24 -2 12 28 13 15 -9 -11 37 23 20 19 -19 21 31 -21 26 38 -26 -17 -6 -7 -14 -20 32 -18 34 35 -13 -4 -10 -5
right_child=1 -3 36 4 27 10 -8 11 9 14 -12 33 29 -15 -16 16 17 18 30 22 -22 -23 -24 -25 25 -27 -28 -29 -30 -31 -32 -33 -34 -35 -36 -37 -38 -39 -40
leaf_value=-0.12002556591422152 0.11527397213369968 0.089181333490631842 0.066610731037128626 0.16759513335785625 0.15340135853963355 -0.13912308179518615 0.24364719169164056 -0.17492822601888397 0.025939170284053771 0.14410100726774486 0.15576075251340038 -0.1729957694784853 0.026353740148630234 -0.036070926487779598 -0.064132927749337376 -0.052770027931940168 -0.026177145998479437 -0.10117250728833636 0.0055135342781577404 0.12846464916497324 0.18891939457080115 -0.037096150307080245 -0.032873079463062081 -0.098547369208979663 0.047439607566407804 -0.051415969464122496 0.18097135787892318 -0.0015455309658707903 -0.042385535056075063 0.17682329123255219 0.21180709736616532 -0.05277278180690001 0.12529010976144092 -0.14398643029613897 0.062067671544011306 0.074612278115765526 -0.18060057346686409 0.1723256340087892 -0.041687852166821103
leaf_weight=81.785655621439219 27.886621974408627 210.32710452750325 2.447017364203929 11.378554761409758 17.175111599266529 68.358652450144291 15.89256779104471 35.133777067065239 34.689220875501633 26.69679656624794 3.2753416970372191 7.9980413243174535 235.8344219699502 17.327758744359016 5.7635450512170783 9.5959274023771268 12.179938763380049 50.729760967195034 10.032596804201605 8.1127350702881795 7.5223920196294776 39.467418424785137 71.388257190585136 57.235690109431744 55.59326060116291 69.582108333706856 4.9623468220233908 15.300624899566172 31.525093898177147 8.0103778541088086 7.1059358045458785 9.5143454670906049 37.08328291028738 8.5481628775596601 21.223925441503525 4.3381340503692627 53.098207950592041 8.400784030556677 4.4307844042778006
leaf_count=860 174 1369 16 58 98 582 82 226 186 210 19 51 1096 95 43 48 58 260 69 42 39 203 373 327 267 391 22 87 208 58 46 45 201 53 105 27 523 42 22
internal_value=0 0.033834 -0.0574214 -0.0439668 -0.0277062 -0.0378904 -0.0123275 -0.0302778 0.0164407 0.0120411 -0.099689 -0.0841951 0.00690978 -0.130158 0.106547 -0.00960857 -0.0185209 -0.00316505 -0.0319177 -0.0491901 0.0368427 0.0239272 -0.0154183 -0.0721028 0.00612941 -0.007492 0.0316118 0.0819278 -0.109105 0.0317955 0.0960673 0.0648563 0.0880011 -0.025723 0.00675808 -0.0865999 -0.169007 0.0568083 0.10967
internal_weight=0 882.54 524.413 468.868 387.082 354.606 251.447 235.555 672.212 644.326 103.159 94.5698 611.865 52.4615 32.4603 368.021 324.931 253.137 147.369 130.231 105.767 98.245 79.501 71.794 140.985 125.175 14.5583 32.4757 99.8837 243.845 17.1385 58.7776 49.2632 42.1083 33.5601 12.3362 55.5452 43.09 15.8093
internal_count=8681 4911 3770 3231 2371 2186 1377 1295 3542 3368 809 557 3115 321 253 1961 1733 1336 790 675 546 507 415 397 738 658 70 185 790 1154 115 304 259 236 183 78 539 228 80
is_linear=0
shrinkage=0.2


Tree=14
num_leaves=40
num_cat=0
split_feature=6 6 6 5 5 5 3 7 7 2 6 2 5 2 6 1 5 6 2 2 2 5 2 2 6 5 2 1 5 1 2 6 5 2 2 2 2 5 2
split_gain=48.2518 18.7758 11.7485 11.1807 9.15269 9.69372 8.10047 8.0437 5.519 5.80365 5.29626 7.16636 7.67545 4.93627 4.77472 5.13006 4.50907 4.45351 4.28748 4.18345 3.71021 3.64631 6.53415 7.48865 3.45013 3.26706 3.02603 3.0174 2.86266 6.8709 9.05294 6.74908 4.17965 4.00923 4.14717 3.86506 4.42118 3.04025 2.9985
threshold=162.50000000000003 668.50000000000011 61.500000000000007 3.5000000000000004 1.5000000000000002 1.0000000180025095e-35 1.0000000180025095e-35 1.5000000000000002 2.5000000000000004 1424.0000000000002 257.50000000000006 976.50000000000011 3.5000000000000004 -45.499999999999993 116.50000000000001 3.5000000000000004 1.0000000180025095e-35 100.50000000000001 823.50000000000011 428.50000000000006 -1.0000000180025095e-35 1.0000000180025095e-35 520.50000000000011 912.50000000000011 884.50000000000011 1.0000000180025095e-35 3152.5000000000005 5.5000000000000009 6.5000000000000009 2.5000000000000004 3650.0000000000005 515.50000000000011 1.5000000000000002 111.50000000000001 379.50000000000006 253.50000000000003 307.50000000000006 7.5000000000000009 180.50000000000003
decision_type=2 2 2 2 2 2 2 2 2 2 2 2 2 2 2 2 2 2 2 2 2 2 2 2 2 2 2 2 2 2 2 2 2 2 2 2 2 2 2
left_child=2 6 -1 4 5 -4 13 19 9 14 11 12 25 -2 15 -7 24 -6 -19 -5 -18 22 -15 -24 -3 -8 -25 -27 31 33 37 35 -33 -30 -35 38 -37 -31 -23
right_child=1 16 3 7 17 8 10 -9 -10 -11 -12 -13 -14 21 -16 -17 20 18 -20 -21 -22 28 23 26 -26 27 -28 -29 29 30 -32 32 -34 34 -36 36 -38 -39 -40
leaf_value=-0.17213465182453089 -0.12882747929532765 -0.1155749026809499 0.057735033186862378 -0.10116703653200748 0.20749100615023086 0.1260232397014614 -0.081213158236582164 -0.15996659478420774 -0.21236237661153634 -0.19169354098710367 0.00049038234891429571 0.015337469728378387 -0.13046828760561754 0.17807605710474608 0.064489302765860915 -0.17436259012377595 0.17937365553419082 -0.041151513686034251 0.12398041908829778 -0.028541816092499919 0.075082962597255609 -0.019171836682677197 -0.1840346385526053 0.14478113830791212 0.058517579476723661 0.14722873876816486 -0.015722340328718339 -0.048147445008160303 -0.19792042202753612 0.19623429324813269 -0.067590768429167475 0.16609500165657662 0.033123490560346254 0.12496481811058047 -0.0546652256630814 0.13993067939576062 0.0066093507435742221 0.079291521863352879 -0.11780553194510152
leaf_weight=38.442792139947414 7.6089727804064742 7.780912525951865 24.66759667545557 55.901329025626183 8.0705751180648786 2.4515894725918796 8.0579876005649584 43.132725659757853 11.468643777072428 8.395982161164282 257.87782799452543 40.744183599948883 50.911347292363644 16.412816718220711 15.385810405015944 8.5039382241666299 14.684381052851675 12.464283615350725 11.468602009117602 74.022924706339836 167.73028437420726 63.621427983045578 5.1090114340186146 10.101808711886408 9.1646028906106931 7.8408488631248456 8.0859313085675222 4.5728722810745239 4.5805909484624889 9.8587133921682817 15.952194750308989 15.224939562380312 24.402902618050575 6.3657901659607914 18.104410074651241 9.877656623721121 166.79035171866417 79.893858067691326 14.706780597567557
leaf_count=582 46 50 129 483 53 20 42 415 132 46 1261 235 428 99 82 69 89 67 58 523 1159 322 32 66 73 37 53 22 22 76 109 80 132 37 107 47 839 498 71
internal_value=0 0.0198932 -0.0693781 -0.0546574 -0.00238566 -0.0424217 0.00686663 -0.0855946 -0.0959561 -0.054042 -0.0153212 -0.0514603 -0.0893629 0.0240857 -0.00628923 -0.103566 0.0749977 0.0852735 0.0392711 -0.0601695 0.084141 0.0267569 0.0842489 0.0148365 -0.0228533 0.0138089 0.0755136 0.0765459 0.0213097 0.0453808 0.068965 0.0102174 0.0862343 -0.0400311 -0.00573044 -0.00180258 0.0145935 0.0935756 -0.0385826
internal_weight=0 1046.06 314.377 275.934 102.877 70.8736 846.703 173.057 46.206 34.7373 370.005 112.127 71.3831 476.698 26.3413 10.9555 199.36 32.0035 23.9329 129.924 182.415 469.089 39.7096 23.2968 16.9455 20.4717 18.1877 12.4137 429.38 134.756 105.705 294.624 39.6278 29.0508 24.4702 254.996 176.668 89.7526 78.3282
internal_count=8691 6032 2659 2077 656 478 4661 1421 349 217 2025 764 529 2636 171 89 1371 178 125 1006 1248 2590 250 151 123 101 119 59 2340 849 683 1491 212 166 144 1279 886 574 393
is_linear=0
shrinkage=0.2


Tree=15
num_leaves=40
num_cat=0
split_feature=0 4 5 4 5 5 5 5 5 4 4 4 0 4 0 0 7 4 2 2 2 2 0 5 5 4 5 0 5 4 4 2 4 5 4 4 3 4 7
split_gain=9.02328 14.0139 8.0136 7.919 21.1108 9.98552 28.5872 7.55891 18.3037 6.90692 6.38295 5.78886 5.72667 5.55845 5.41943 6.0785 5.43145 6.79026 5.34962 7.12432 5.247 5.54437 5.09503 5.37593 6.86466 5.09161 8.3493 4.83875 4.05524 3.909 7.58549 4.80688 4.79383 3.75422 15.5958 3.55058 4.86458 3.51419 5.01773
threshold=7.5000000000000009 6.5000000000000009 9.5000000000000018 14.500000000000002 8.5000000000000018 3.5000000000000004 1.5000000000000002 7.5000000000000009 6.5000000000000009 3.5000000000000004 28.500000000000004 10.500000000000002 42.500000000000007 8.5000000000000018 11.500000000000002 34.500000000000007 1.0000000180025095e-35 16.500000000000004 38.500000000000007 96.500000000000014 976.50000000000011 196.50000000000003 17.500000000000004 5.5000000000000009 7.5000000000000009 18.500000000000004 10.500000000000002 52.500000000000007 5.5000000000000009 18.500000000000004 27.500000000000004 292.50000000000006 23.500000000000004 1.0000000180025095e-35 19.500000000000004 12.500000000000002 1.0000000180025095e-35 11.500000000000002 1.0000000180025095e-35
decision_type=2 2 2 2 2 2 2 2 2 2 2 2 2 2 2 2 2 2 2 2 2 2 2 2 2 2 2 2 2 2 2 2 2 2 2 2 2 2 2
left_child=1 28 3 4 7 6 10 8 18 -9 14 -11 22 -6 -5 16 17 -16 -2 -20 21 -17 23 -7 -25 26 -4 -28 -1 -24 31 -31 -33 34 -18 -13 -37 -21 -39
right_child=2 -3 25 5 13 12 -8 9 -10 11 -12 35 -14 -15 15 20 33 -19 19 37 -22 -23 29 24 -26 -27 27 -29 -30 30 -32 32 -34 -35 -36 36 -38 38 -40
leaf_value=0.063643536249778559 -0.047969639036364725 0.13633568771226928 -0.081170947889099301 0.12284402191185435 0.056971551818773447 -0.070700880604028418 0.23179953828854816 0.11246222982716428 0.21795839391350671 -0.085341133157033122 0.080480827950289782 0.036190623857923869 0.10422332095626491 0.26287478413744703 -0.10527940679106212 0.077381475620341311 -0.12791584739611192 0.084638868030743511 0.13534933771440141 -0.00025705875188683183 0.14429606722775282 -0.15798614017535659 -0.09877746006162548 0.12080482894904741 -0.014702591795462345 0.12536480599328037 0.12664981703688596 -0.1317263742825148 -0.15848427533439202 -0.074341503656485453 -0.11344082045952796 -0.02247797429151957 0.087167271963883367 -0.12463682945376278 0.22517794360733753 -0.21014585626983229 -0.020294924257748453 0.13607807360147695 0.012398480899747245
leaf_weight=4.3215563893318167 60.250139933079481 41.538652133196592 18.787571184337139 7.8955292701721183 8.6160583347082156 50.413858454674482 20.722867906093597 11.248283945024012 16.386227753013372 75.342746160924435 23.443912036716938 37.621365178376436 9.811287544667719 14.913052298128603 11.936504770070316 7.9195793978869933 16.410006687045101 17.912427369505167 18.289527982473373 272.0420245192945 11.034729484468697 6.8065556697547436 84.276852581650019 17.309392407536507 87.290171630680561 28.728805609047413 21.199811413884166 2.7536536604166022 9.7793949171900731 34.929833054542542 43.918284952640533 44.929952949285507 23.844801146537066 48.187838260084391 6.3675108179450026 5.546679336577653 40.935286708176136 18.957191236317158 39.916029322892427
leaf_count=23 382 283 129 47 53 326 131 70 117 585 151 276 66 83 64 51 100 93 102 1551 70 49 572 102 612 215 159 22 59 272 338 312 148 360 34 30 304 105 231
internal_value=0 0.0784004 -0.0033919 -0.00729528 0.00838172 -0.0241798 0.015044 0.000946066 0.0151994 -0.0345283 -0.0143103 -0.0453503 -0.0418369 0.191351 -0.0311721 -0.0414107 -0.0634915 0.0080099 0.00672199 0.0162364 0.0443873 -0.0336695 -0.0457247 -0.0175408 0.00838449 0.0613271 0.016939 0.0940116 -0.0906206 -0.0644532 -0.0444789 -0.0147014 0.016039 -0.0933475 -0.0253863 -0.00911068 -0.0457693 0.0093775 0.0533698
internal_weight=0 55.6396 1266.9 1195.43 620.065 575.362 178.637 596.536 425.841 170.694 157.915 159.446 396.724 23.5291 134.471 126.575 100.814 29.8489 409.455 349.205 25.7609 14.7261 386.913 155.013 104.6 71.4698 42.741 23.9535 14.101 231.9 147.623 103.705 68.7748 70.9654 22.7775 84.1033 46.482 330.915 58.8732
internal_count=8677 365 8312 7787 3889 3898 1150 3753 2488 1265 1019 1195 2748 136 868 821 651 157 2371 1989 170 100 2682 1040 714 525 310 181 82 1642 1070 732 460 494 134 610 334 1887 336
is_linear=0
shrinkage=0.2


Tree=16
num_leaves=40
num_cat=0
split_feature=1 1 7 1 4 4 5 2 1 4 4 4 4 4 4 5 5 1 3 2 3 5 1 1 2 2 5 3 2 2 2 5 5 4 5 2 7 4 2
split_gain=4.14368 7.28026 6.68015 5.22852 6.04309 3.78822 8.90369 3.62832 3.41077 3.66963 4.06554 8.16872 3.17746 7.57795 5.19016 3.1988 3.15715 3.14602 2.89693 2.77798 4.97476 2.75542 2.75003 7.96502 4.32672 3.69574 3.80265 2.98386 2.70191 2.64628 4.06251 2.5286 2.73785 5.12642 5.13523 4.31363 3.5398 4.71736 4.80103
threshold=1.0000000180025095e-35 3.5000000000000004 1.0000000180025095e-35 4.5000000000000009 25.500000000000004 3.5000000000000004 5.5000000000000009 -141.49999999999997 7.5000000000000009 24.500000000000004 6.5000000000000009 3.5000000000000004 23.500000000000004 26.500000000000004 14.500000000000002 6.5000000000000009 7.5000000000000009 8.5000000000000018 1.0000000180025095e-35 1786.5000000000002 1.0000000180025095e-35 6.5000000000000009 7.5000000000000009 8.5000000000000018 107.50000000000001 168.50000000000003 1.0000000180025095e-35 1.0000000180025095e-35 2590.5000000000005 12243.500000000002 6902.0000000000009 1.0000000180025095e-35 1.5000000000000002 3.5000000000000004 4.5000000000000009 107.50000000000001 4.5000000000000009 10.500000000000002 550.50000000000011
decision_type=2 2 2 2 2 2 2 2 2 2 2 2 2 2 2 2 2 2 2 2 2 2 2 2 2 2 2 2 2 2 2 2 2 2 2 2 2 2 2
left_child=12 29 8 4 7 6 17 -4 -3 10 11 -10 14 -14 -1 18 21 -5 -15 20 -11 22 -7 -24 27 -26 -27 -25 31 30 -2 -9 36 35 -35 -34 37 38 -33
right_child=1 2 3 5 -6 16 -8 28 9 19 -12 -13 13 15 -16 -17 -18 -19 -20 -21 -22 -23 23 24 25 26 -28 -29 -30 -31 -32 32 33 34 -36 -37 -38 -39 -40
leaf_value=0.044913605434152688 -0.033423707833924586 0.010116105524784348 -0.14415189431026293 0.001000756240634472 -0.067828478020333996 -0.053522775500789335 0.12976591910563501 0.13300729171597178 0.093409174054383981 0.090027704902676892 0.0939354579516469 -0.091998613469259291 0.21650600590427499 -0.008251356315435155 -0.038427775639287835 -0.12193419259982703 -0.064984897961405802 -0.18311799005936605 0.18565429529103269 -0.13831599310455767 -0.11244327224392875 0.1338886135687318 0.13754600587335905 -0.15035928861293946 0.12912311479305005 0.105442170864523 -0.034003979341184924 0.031183804939273987 0.08980516934500074 -0.19924450778248406 0.1284698529487539 0.13488946396628929 -0.28734576604806888 0.1910868535778279 0.034446098151199138 -0.014548601208645838 0.097207191633170889 -0.13143476717628011 -0.125677409742979
leaf_weight=85.367743663489819 283.18104870244861 235.5806533023715 3.8331369981169692 8.7337449230253679 27.981515873223543 71.11162381246686 17.807852789759636 7.1290131807327262 20.922539196908474 12.674311958253389 70.796460200101137 16.255023490637541 10.677030418068172 8.7739740498363989 45.14123036339879 4.7980235405266276 90.365576419979334 5.7368060797452918 3.9941490590572348 5.2553256303071967 6.9187397100031367 3.8844382949173442 13.350798718631266 14.35763004422188 7.0196867883205405 8.2534145899116975 61.366877503693104 4.4833347275853148 30.734500117599964 3.0574728064239016 5.6541243381798258 6.7179230898618716 2.2877257466316214 9.4071586690843088 51.566269360482693 10.614860802888868 6.1001114249229422 15.8331963121891 3.89434514939785
leaf_count=522 1944 1537 28 50 218 476 105 40 126 86 467 107 67 70 302 31 661 33 31 35 49 29 80 106 43 48 391 39 194 18 39 38 14 54 351 61 45 100 22
internal_value=0 -0.00498521 0.00436868 -0.0111086 0.0163131 -0.0268665 0.0373446 0.0324562 0.0246248 0.0501677 0.0660346 0.0121391 0.0294293 0.0894125 0.0160351 0.00675513 -0.0345024 -0.0771409 0.0589883 -0.0186982 0.0170995 -0.0193257 -0.0231461 -0.00307949 -0.0236124 -0.00216837 -0.0165756 -0.107596 0.0378306 -0.0321997 -0.0299474 0.0232923 0.0151103 0.0363052 0.0605335 -0.0753767 -0.0327487 -0.0644823 0.0373861
internal_weight=0 1142.87 850.975 482.572 176.1 306.472 32.2784 148.118 368.403 132.822 107.974 37.1776 158.752 28.2432 130.509 17.5661 274.193 14.4706 12.7681 24.8484 19.5931 183.828 179.943 108.832 95.4809 76.64 69.6203 18.841 144.285 291.893 288.835 113.551 106.422 73.876 60.9734 12.9026 32.5456 26.4455 10.6123
internal_count=8657 7634 5633 3226 1165 2061 188 947 2407 870 700 233 1023 199 824 132 1873 83 101 170 135 1212 1183 707 627 482 439 145 919 2001 1983 725 685 480 405 75 205 160 60
is_linear=0
shrinkage=0.2


Tree=17
num_leaves=40
num_cat=0
split_feature=6 6 6 2 0 0 6 4 4 0 3 0 6 6 2 0 0 4 6 6 4 4 6 2 2 4 6 4 0 6 6 1 1 4 4 2 4 2 2
split_gain=39.2461 12.1914 11.7374 8.43959 6.29083 4.48899 4.47786 4.28271 4.63059 6.39455 5.95785 4.27726 5.5118 4.76445 3.77209 3.33181 3.17686 3.20954 4.85095 4.10421 3.14453 3.10039 2.93538 3.9533 3.35077 2.84823 3.82417 2.83022 2.80145 2.72721 2.69255 3.19796 2.57942 2.57265 2.99603 2.8622 2.49802 3.83502 3.98845
threshold=222.50000000000003 551.50000000000011 77.500000000000014 -69.999999999999986 41.500000000000007 6.5000000000000009 491.50000000000006 27.500000000000004 22.500000000000004 59.500000000000007 1.0000000180025095e-35 39.500000000000007 1172.0000000000002 1150.5000000000002 1254.5000000000002 38.500000000000007 11.500000000000002 3.5000000000000004 82.500000000000014 124.50000000000001 1.0000000180025095e-35 1.5000000000000002 156.50000000000003 1452.0000000000002 410.50000000000006 1.5000000000000002 122.50000000000001 2.5000000000000004 41.500000000000007 437.50000000000006 227.50000000000003 1.5000000000000002 4.5000000000000009 26.500000000000004 25.500000000000004 992.50000000000011 2.5000000000000004 140.50000000000003 976.50000000000011
decision_type=2 2 2 2 2 2 2 2 2 2 2 2 2 2 2 2 2 2 2 2 2 2 2 2 2 2 2 2 2 2 2 2 2 2 2 2 2 2 2
left_child=2 4 21 -4 5 14 -6 8 9 10 16 12 15 -13 -2 36 27 25 -19 -20 -7 -1 -9 24 -24 -18 -27 -5 -12 30 31 -22 -21 34 -10 -35 37 -3 -39
right_child=1 11 3 7 6 20 -8 22 33 -11 28 13 -14 -15 -16 -17 17 18 19 32 29 -23 23 -25 -26 26 -28 -29 -30 -31 -32 -33 -34 35 -36 -37 -38 38 -40
leaf_value=0.0712077553135433 0.15882315504031985 -0.18834558906799606 -0.18977185561926338 -0.080044357661758381 0.1139399011973698 0.13211827917542165 -0.10435796931843765 -0.16786626327680232 0.017448852323107857 -0.26687113516512034 -0.068021031773671262 0.019553454425986622 0.13605083738024115 -0.20906852368510914 -0.095082653124169095 0.22227372992195871 -0.042653924273873683 0.17856225116296837 -0.096958273084894561 0.010179015535248475 0.21464237997708177 -0.1419954114227833 -0.0071362330682645707 0.13555301503297998 -0.22794668026087819 0.25132552379782969 0.035954111034391528 0.07067237815084923 0.10244083079685298 0.025362715449740027 -0.013321712525217076 0.0061075736533400008 -0.056669523314536854 -0.10766790350952687 0.13856007892694944 0.059989507388310659 0.056101905814171384 0.17041499215589559 -0.092204342634419775
leaf_weight=2.4645541533827773 11.506182625889776 3.6668977066874486 12.702908270061014 5.3204153701663008 31.834723457694054 6.4043481722474089 3.6904527470469466 13.470626298338177 21.642052330076694 3.8431634008884421 117.09422621503472 20.589079923927788 39.026000507175922 3.6974599435925475 2.3919848799705496 4.0155252926051608 9.4136471673846263 3.5868604034185401 33.797271408140659 57.939690202474594 3.8366180956363669 52.472074937075377 7.0074372142553312 3.3347829803824416 3.8651659190654755 3.7733293026685741 13.684750635176895 30.429377838969231 3.3793023973703376 112.44073022902012 358.43907760083675 8.4564346969127637 37.483848951756954 8.3779078535735589 12.657681487500666 6.7608936056494704 216.59486598521471 3.9492161870002747 3.9521554410457611
leaf_count=24 82 22 148 26 257 38 27 127 153 21 979 149 293 30 20 26 51 26 254 311 27 860 48 21 25 20 71 166 19 534 1981 49 213 74 88 40 1315 27 29
internal_value=0 0.0270996 -0.0453854 -0.0336074 0.0091738 0.00337629 0.0896628 -0.028279 -0.0224737 -0.031283 -0.0278251 0.0596974 0.0668863 -0.0202002 0.112628 0.0548816 -0.00619725 -0.01829 -0.0310518 -0.0378137 0.000116316 -0.131645 -0.103215 -0.0368472 -0.0947906 0.0439584 0.0905028 0.0471207 -0.0626676 -0.00182454 -0.010103 0.0793534 -0.0163046 0.034137 0.0640455 -0.0334597 0.0512555 -0.0374822 0.0422834
internal_weight=0 834.492 464.502 409.565 539.001 503.475 35.5252 396.862 369.184 319.746 315.903 295.491 271.205 24.2865 13.8982 232.179 195.429 159.679 132.808 129.221 489.577 54.9366 27.678 14.2074 10.8726 26.8717 17.4581 35.7498 120.474 483.173 370.732 12.2931 95.4235 49.4385 34.2997 15.1388 228.163 11.5683 7.90137
internal_count=8671 4906 3765 2881 3015 2731 284 2733 2512 2157 2136 1891 1712 179 102 1419 1138 946 804 778 2629 884 221 94 73 142 91 192 998 2591 2057 76 524 355 241 114 1393 78 56
is_linear=0
shrinkage=0.2


Tree=18
num_leaves=40
num_cat=0
split_feature=7 5 4 0 5 0 0 0 5 4 4 5 4 5 2 0 7 4 0 0 2 7 5 4 0 5 5 2 5 0 2 0 2 0 0 2 2 4 5
split_gain=3.79967 4.11092 5.86292 7.28639 6.47094 5.08746 7.18636 5.27462 6.82417 14.3967 10.3764 6.61594 20.118 5.3282 4.23957 4.00047 3.88239 3.51697 4.25537 3.43704 3.37619 3.32789 5.17428 9.30476 3.39657 3.30049 3.14319 3.07219 3.24983 2.94055 2.86034 2.77582 2.83248 3.26184 4.44767 2.58105 2.56554 2.54796 2.45385
threshold=5.5000000000000009 9.5000000000000018 19.500000000000004 57.500000000000007 10.500000000000002 42.500000000000007 46.500000000000007 19.500000000000004 4.5000000000000009 3.5000000000000004 5.5000000000000009 1.5000000000000002 26.500000000000004 2.5000000000000004 558.50000000000011 18.500000000000004 1.5000000000000002 3.5000000000000004 29.500000000000004 23.500000000000004 -398.49999999999994 1.0000000180025095e-35 1.0000000180025095e-35 18.500000000000004 36.500000000000007 1.5000000000000002 4.5000000000000009 1120.5000000000002 6.5000000000000009 13.500000000000002 -100.49999999999999 41.500000000000007 705.50000000000011 28.500000000000004 25.500000000000004 2333.0000000000005 495.50000000000006 6.5000000000000009 6.5000000000000009
decision_type=2 2 2 2 2 2 2 2 2 2 2 2 2 2 2 2 2 2 2 2 2 2 2 2 2 2 2 2 2 2 2 2 2 2 2 2 2 2 2
left_child=1 5 3 4 -3 7 -7 20 10 27 13 21 -13 16 -4 26 17 18 -9 -15 -1 22 23 -12 -25 -8 -2 28 36 37 -11 32 33 34 -23 -16 -10 -6 -32
right_child=15 2 14 -5 29 6 25 8 9 30 11 12 -14 19 35 -17 -18 -19 -20 -21 -22 31 -24 24 -26 -27 -28 -29 -30 -31 38 -33 -34 -35 -36 -37 -38 -39 -40
leaf_value=-0.11921913730061549 0.095756481176854508 -0.050875417867251804 0.21592504890814712 -0.27993247380049485 -0.13333088663641376 0.18249711505630659 -0.071885079215684003 -0.067322441315445708 0.054039158226699462 0.036968329957699629 -0.11980946520948668 0.23648757323670555 -0.076350217242106777 0.0080001632037672455 -0.030435255049522256 -0.10183307533459091 0.14548587700036272 -0.10297613592039934 0.18059141657322575 -0.15729086741600778 0.013141913037870946 -0.06342737152437343 0.14757911505293864 0.17935255650060783 -0.038070362276922683 0.058532148034829104 -0.047143882354978336 0.16957203859173897 0.18409278316918848 0.14477608724490762 -0.070206298908668627 0.14899825636009476 0.026664898238105396 -0.11703347611074176 0.13071832318708262 0.12875221291838332 -0.11246173710993629 0.092785678240525249 -0.033976709368375033
leaf_weight=7.1146198846399775 9.249781312420966 21.383870776742697 10.788939472287895 2.608210787177085 2.9616546034812954 13.660738702863453 11.360783964395521 5.2402462810277992 9.8447422906756454 15.534310165792702 11.921901725232603 20.814887035638094 12.856246160343288 6.4119585156440762 7.5626169480383378 28.199938951060176 5.326780565083026 12.422558158636091 4.5772849842905998 21.597744669765234 544.44588969834149 13.618668580427768 16.20436292886734 9.2611036673188192 3.7329535968601695 21.083930797874928 15.429646128788589 12.457503356039522 4.1211980357766143 16.063181042671204 132.87722193822265 3.4925547353923312 30.155998516827822 17.191954880952835 6.3288633450865737 7.5996525958180428 4.9928983673453322 3.6597252264618874 176.1877120770514
leaf_count=50 78 146 77 16 21 106 80 28 60 136 65 121 96 35 67 267 30 68 24 122 3543 96 81 62 23 170 126 74 29 132 890 20 183 120 42 69 25 35 1305
internal_value=0 0.00306729 0.0489836 0.00614992 0.0272501 0.000151303 0.0647333 -0.00257396 -0.0162888 -0.0329031 0.0131282 0.0411635 0.11793 -0.0599018 0.123811 -0.0513378 0.00283376 -0.0347755 0.0526461 -0.12019 0.0112836 0.0174683 0.0622025 0.0041275 0.118154 0.0123043 0.00759429 0.0949743 0.0416076 0.100205 -0.0454599 -0.0088769 -0.0185398 -0.0550563 0.000544937 0.0515422 -0.00456475 -0.0114696 -0.0496782
internal_weight=0 1227.47 72.6279 46.6766 44.0684 1154.84 46.1055 1108.73 557.172 356.016 201.156 145.579 33.6711 55.5766 25.9512 52.8794 27.5669 22.2401 9.81753 28.0097 551.561 111.908 41.1203 24.916 12.9941 32.4447 24.6794 31.4163 18.9588 22.6846 324.599 70.788 67.2955 37.1395 19.9475 15.1623 14.8376 6.62138 309.065
internal_count=8718 8247 563 350 334 7684 356 7328 3735 2519 1216 909 217 307 213 471 150 120 52 157 3593 692 231 150 85 250 204 188 114 188 2331 461 441 258 138 136 85 56 2195
is_linear=0
shrinkage=0.2


Tree=19
num_leaves=40
num_cat=0
split_feature=6 6 2 2 6 5 4 5 4 5 4 6 2 4 5 1 1 3 6 2 4 4 3 2 4 1 4 5 3 5 5 4 4 6 5 4 6 4 1
split_gain=28.4053 12.8852 11.4241 6.89976 6.08019 4.75031 7.86811 12.1962 26.4109 6.91537 9.98572 6.18809 6.12472 5.0294 5.25809 6.14816 5.62971 6.24044 4.79582 4.65189 4.49701 7.43069 5.01835 3.99826 3.77936 3.77131 3.74856 3.71043 3.67294 3.59746 8.67108 3.5315 4.74832 3.32885 3.85777 3.26097 3.10581 3.09546 3.4183
threshold=344.50000000000006 61.500000000000007 -69.999999999999986 13742.500000000002 797.50000000000011 3.5000000000000004 1.5000000000000002 1.5000000000000002 5.5000000000000009 9.5000000000000018 3.5000000000000004 164.50000000000003 131.50000000000003 4.5000000000000009 1.0000000180025095e-35 2.5000000000000004 1.5000000000000002 1.0000000180025095e-35 126.50000000000001 145.50000000000003 26.500000000000004 19.500000000000004 1.0000000180025095e-35 823.50000000000011 18.500000000000004 3.5000000000000004 4.5000000000000009 5.5000000000000009 1.0000000180025095e-35 6.5000000000000009 7.5000000000000009 20.500000000000004 14.500000000000002 124.50000000000001 4.5000000000000009 23.500000000000004 249.50000000000003 1.0000000180025095e-35 8.5000000000000018
decision_type=2 2 2 2 2 2 2 2 2 2 2 2 2 2 2 2 2 2 2 2 2 2 2 2 2 2 2 2 2 2 2 2 2 2 2 2 2 2 2
left_child=1 -1 -3 4 -2 6 -4 13 23 10 37 28 27 25 15 19 17 -16 -18 -15 21 22 -17 -9 -20 -8 -11 -13 29 33 -31 32 -21 -12 -35 -29 -22 -7 -39
right_child=3 2 5 -5 -6 9 7 8 -10 26 11 12 -14 14 16 20 18 -19 24 31 36 -23 -24 -25 -26 -27 -28 35 -30 30 -32 -33 -34 34 -36 -37 -38 38 -40
leaf_value=-0.15841742805195419 0.024964901310207573 -0.17206000205854508 -0.14050545409675866 -0.180220431077177 0.075706442629683332 0.16206598195821986 0.22198608998343838 -0.099550796791267285 0.21515206943050852 -0.099556569020913852 -0.16633618603354586 -0.18429265953258944 -0.014087482209404116 0.12653437175685825 -0.03196892809617282 0.13593755700600391 -0.17683757425326152 0.23269179958862241 -0.017275539724914701 -0.031082263923113324 -0.14843231112633942 0.26226505916400827 -0.036568245891235328 0.043224839770062896 -0.11886169534125718 0.020646981571364447 0.060573075866192573 -0.083582550025272442 -0.12833402307902331 0.18308953265375688 -0.064171052467069875 0.054355680081795268 -0.26256540222841074 0.12739152949245247 -0.086282915049547201 0.10334503197854755 0.076357786535720049 -0.0078786161700704418 0.12966053979733666
leaf_weight=27.689146757125854 413.39813468791544 18.733872182667255 13.291594780981539 5.2423388361930838 122.28579103201628 7.0953061878681174 5.0622202381491688 18.50263395160437 31.741984378546476 6.078857470303773 15.25622410699725 13.346134610474108 169.65672310441732 3.5232328251004246 10.293226510286329 11.74293614178896 14.395671745762227 4.6302264854311934 44.939218815416098 7.0354823768138903 5.3207951933145505 7.5714304074645034 14.214735373854637 12.721171267330645 21.244726996868849 10.947699613869188 43.859830491244793 22.916614267975095 51.437068361788988 6.794821776449683 22.540474753826857 3.8422492966055861 6.9059200063347816 3.7119043394923237 14.041844561696051 3.808451533317565 3.5732354819774628 31.267413653433323 8.663886144757269
leaf_count=576 2240 225 70 31 955 38 24 96 190 42 167 91 1070 18 69 66 172 24 228 35 31 46 78 62 125 52 322 185 685 35 154 20 42 23 83 29 25 183 48
internal_value=0 -0.0263467 -0.020895 0.034298 0.036633 -0.0165037 0.00523233 0.0137574 0.088731 -0.0294916 -0.0389103 -0.051427 -0.0308796 -0.0134302 -0.0242903 0.0200728 -0.0538238 0.0569816 -0.0746635 -0.066191 0.0637747 0.0969329 0.0430121 -0.0417134 -0.0507993 0.0910291 0.0399592 -0.100493 -0.0888746 -0.0552412 -0.00392717 -0.107764 -0.152912 -0.0998005 -0.0384291 -0.0549602 -0.0591525 0.0466808 0.0237063
internal_weight=0 718.399 690.71 540.926 535.684 671.976 251.5 238.209 62.9658 420.476 370.537 323.51 209.728 175.243 159.233 63.73 95.5031 14.9235 80.5796 21.3069 42.4231 33.5291 25.9577 31.2238 66.1839 16.0099 49.9387 40.0712 113.782 62.3453 29.3353 17.7837 13.9414 33.01 17.7537 26.7251 8.89403 47.0266 39.9313
internal_count=8655 5429 4853 3226 3195 4628 1473 1403 348 3155 2791 2522 1375 1055 979 361 618 93 525 115 246 190 144 158 353 76 364 305 1147 462 189 97 77 273 106 214 56 269 231
is_linear=0
shrinkage=0.2


Tree=20
num_leaves=40
num_cat=0
split_feature=6 7 6 6 0 4 0 6 4 0 6 0 0 5 5 5 6 4 4 4 4 5 5 4 4 6 1 1 1 5 5 6 4 4 5 5 1 5 5
split_gain=20.9358 10.823 10.6363 5.56669 4.97198 4.61354 4.50387 4.3946 4.27345 4.75216 4.13529 3.97244 3.83049 3.88496 5.44593 6.23167 5.05503 4.6489 7.55378 10.2428 5.7612 34.3743 8.44062 5.56448 3.94334 3.61746 3.55888 3.28104 5.70701 4.72377 3.34942 3.12436 3.02391 2.98474 6.17894 4.80956 4.04833 2.96317 20.1185
threshold=383.50000000000006 3.5000000000000004 284.50000000000006 139.50000000000003 6.5000000000000009 9.5000000000000018 7.5000000000000009 933.50000000000011 24.500000000000004 38.500000000000007 1172.0000000000002 42.500000000000007 62.500000000000007 9.5000000000000018 7.5000000000000009 6.5000000000000009 332.50000000000006 26.500000000000004 22.500000000000004 24.500000000000004 15.500000000000002 8.5000000000000018 8.5000000000000018 21.500000000000004 3.5000000000000004 305.50000000000006 4.5000000000000009 1.0000000180025095e-35 3.5000000000000004 1.0000000180025095e-35 2.5000000000000004 287.50000000000006 1.5000000000000002 18.500000000000004 1.0000000180025095e-35 5.5000000000000009 4.5000000000000009 7.5000000000000009 6.5000000000000009
decision_type=2 2 2 2 2 2 2 2 2 2 2 2 2 2 2 2 2 2 2 2 2 2 2 2 2 2 2 2 2 2 2 2 2 2 2 2 2 2 2
left_child=1 3 6 4 5 -1 -3 -2 9 32 -11 37 13 14 15 27 -15 18 20 -20 21 24 23 25 -16 -22 -4 29 -29 -5 -31 -26 -9 36 -35 -36 -30 38 -6
right_child=7 2 26 12 11 -7 -8 8 -10 10 -12 -13 -14 16 17 -17 -18 -19 19 -21 22 -23 -24 -25 31 -27 -28 28 33 30 -32 -33 -34 34 35 -37 -38 -39 -40
leaf_value=-0.07173030967893991 0.02500960594005033 0.098405592084752858 0.18002680486131514 -0.080250581666678061 -0.063780759021901126 0.22714865609128704 -0.14995766717374445 -0.11500256309833451 0.19058723822343801 0.056410965069230982 -0.22742109414591943 0.067891753395784502 -0.19661391082663859 0.091763331910823365 0.083734962671715707 0.12829381228167197 -0.13129304133321404 -0.18268487627698821 0.2869195311209517 -0.019539342167412405 0.00042829662603607898 0.24816625314943455 -0.17789325285177929 -0.19976449598024232 -0.13761207683991164 0.22792818061713402 -0.047781133063959792 -0.058316781471411609 0.06452205837889595 0.18392015827840924 0.04429151589557382 -0.030075547718788211 0.084543734137777618 0.077419268020101864 -0.080280184651641925 0.11511085669153021 -0.00092121966218108506 -0.096130522191836931 0.26681792251894881
leaf_weight=3.0180499702692023 394.54444808512926 2.6318820081651202 5.6647098511457425 7.7654699161648741 93.103978648781776 4.3922344632446766 48.95987126044929 2.6009085960686198 10.706965312361715 3.5717914123088113 3.4953496418893337 9.966128818690775 3.3187691941857329 30.344506196677685 4.4101185873150817 15.66855041310191 4.0408696196973315 7.7848259657621375 5.9653628692030933 12.355494908988474 9.3498241081833822 14.934270553290842 25.348782870918512 3.3174767345190039 33.946649543941021 3.2803233861923209 4.3912256732583046 63.313436560332775 60.738378401845694 9.4855534099042398 23.196015983819962 16.401550404727459 58.94850180670619 16.847310610115528 46.372117966413498 5.0160848349332801 98.237123109400272 54.91664906591177 7.2913877293467513
leaf_count=18 2239 16 29 41 930 30 606 21 86 31 27 53 23 264 24 126 37 68 33 86 78 91 169 28 332 21 28 349 296 46 128 123 494 116 275 25 536 713 36
internal_value=0 -0.0198536 -0.0996782 -0.0126696 -0.0437131 0.109791 -0.136124 0.0337336 0.0765192 0.0569512 -0.0919129 -0.0510355 -0.00234327 -0.000831657 -0.00548548 0.00786991 0.0634255 -0.0391208 -0.0295279 0.0872237 -0.0492317 -0.0138171 -0.107755 0.00655926 -0.0875289 0.0684973 0.0839556 0.0019066 -0.00556737 0.0547612 0.0878652 -0.103486 0.0748967 0.00926732 -0.0255477 -0.0598995 0.0242578 -0.0589409 -0.0380661
internal_weight=0 755.775 61.6477 694.127 172.688 7.41028 51.5918 473.868 79.3235 68.6166 7.06714 165.278 521.439 518.12 483.735 346.64 34.3854 137.095 129.31 18.3209 110.989 69.6926 41.2964 15.9476 54.7583 12.6301 10.0559 330.971 290.524 40.447 32.6816 50.3482 61.5494 227.211 68.2355 51.3882 158.976 155.312 100.395
internal_count=8672 5774 679 5095 1780 48 622 2898 659 573 58 1732 3315 3292 2991 1938 301 1053 985 119 866 570 296 127 479 99 57 1812 1597 215 174 455 515 1248 416 300 832 1679 966
is_linear=0
shrinkage=0.2


Tree=21
num_leaves=40
num_cat=0
split_feature=6 2 6 6 7 7 6 0 5 2 4 4 5 4 5 5 5 4 5 0 4 6 4 4 5 4 0 0 0 0 5 4 2 2 0 2 0 6 6
split_gain=14.4093 9.02126 7.92422 5.64813 5.55259 4.20723 5.07299 3.56171 3.73494 3.36862 3.18975 10.0135 4.74492 6.64477 14.7869 13.8192 11.7324 10.6559 11.7084 9.18993 9.65061 6.46239 6.24378 5.97545 6.07354 20.2947 5.36433 6.1234 4.66883 5.12778 4.00743 3.7879 3.26419 5.79835 3.44609 3.24594 3.20187 2.87513 3.28906
threshold=367.50000000000006 -69.999999999999986 59.500000000000007 1242.5000000000002 3.5000000000000004 3.5000000000000004 284.50000000000006 7.5000000000000009 1.0000000180025095e-35 13742.500000000002 26.500000000000004 25.500000000000004 4.5000000000000009 15.500000000000002 8.5000000000000018 7.5000000000000009 9.5000000000000018 20.500000000000004 5.5000000000000009 17.500000000000004 3.5000000000000004 152.50000000000003 24.500000000000004 1.5000000000000002 1.5000000000000002 8.5000000000000018 12.500000000000002 15.500000000000002 53.500000000000007 28.500000000000004 2.5000000000000004 6.5000000000000009 823.50000000000011 359.00000000000006 33.500000000000007 558.50000000000011 53.500000000000007 251.50000000000003 238.50000000000003
decision_type=2 2 2 2 2 2 2 2 2 2 2 2 2 2 2 2 2 2 2 2 2 2 2 2 2 2 2 2 2 2 2 2 2 2 2 2 2 2 2
left_child=1 -1 -3 4 9 10 7 -7 -9 -2 11 12 23 14 15 19 -16 -15 -19 31 -21 -17 -20 30 26 32 -25 -28 29 -18 -4 -14 33 -26 -34 -13 -29 38 -12
right_child=3 2 5 -5 -6 6 -8 8 -10 -11 37 35 13 17 16 21 28 18 22 20 -22 -23 -24 24 25 -27 27 36 -30 -31 -32 -33 34 -35 -36 -37 -38 -39 -40
leaf_value=-0.15645436240960298 0.015783795309757837 -0.13614935277634455 0.053720968486259416 0.11351141289202112 0.087548899009946224 0.13033597389962262 0.073473035225266589 0.11841724070036981 -0.1255523973774581 -0.15236918856702472 -0.053655197780521351 0.043633700656551887 0.034071612384870144 -0.10951335094138484 0.21736932170340673 -0.21643834194553119 -0.015100762545342768 -0.14088161398846244 0.13267951195077449 0.082878100366351751 -0.086133865507596385 -0.064932398817336673 -0.063262018761100186 0.096200669860722066 0.015558421269147877 0.21689566906094129 -0.11545370268900915 0.01443401904419186 -0.19763262079863853 0.17905686703823315 -0.17464276919155142 0.15279932019261513 -0.015088152447297283 -0.19085423644186839 0.19080774924717483 0.22252944220727733 -0.15346067060669846 0.013029722603051555 -0.21296890432008012
leaf_weight=17.676371350884438 413.88094049878418 20.054625315591693 3.9909502342343304 27.422170277684927 44.709809895604849 2.0503741241991511 8.0175724998116475 2.1473767012357703 36.166649477556348 4.1161073818802825 38.41136228106916 7.5357350483536747 26.877936813980341 68.374017277732491 18.786019068211317 14.947071025148032 17.537181105464704 12.830514904111622 23.369794063270092 18.789305564016104 43.636659201234579 44.074314869940281 8.4248866587877291 20.326902527362108 13.779389675706627 24.286372058093548 18.922073274850845 96.456485133618116 2.9402572959661475 7.1166315563023081 9.5658438727259636 17.837488990277052 8.9686573855578882 8.1861342564225179 4.3096602261066428 9.2956765517592412 4.057896986603736 20.795909013599157 5.4813170358538619
leaf_count=258 2504 519 21 246 255 11 45 12 397 23 329 56 148 588 116 231 134 87 177 113 300 393 62 122 75 168 113 551 18 54 52 106 47 46 22 63 26 136 39
internal_value=0 -0.0181663 -0.0144577 0.0264409 0.0211148 -0.0106653 -0.0670305 -0.0957259 -0.109974 0.0138725 -0.00619461 -0.00127207 -0.00610914 -0.0212729 -0.000394619 -0.0283233 0.0985826 -0.0602958 0.0156484 0.0145596 -0.0349039 -0.105417 0.0805117 0.0170766 0.0259441 0.0790317 0.00304712 -0.0132813 0.0142902 0.0443871 -0.108087 0.0830807 -0.0183758 -0.0649333 0.0580283 0.14744 0.00662751 -0.0479726 -0.0766223
internal_weight=0 706.025 688.349 490.129 462.707 668.294 48.382 40.3644 38.314 417.997 619.912 555.224 538.392 325.542 212.543 166.163 46.3801 112.999 44.6252 107.141 62.426 59.0214 31.7947 212.85 199.294 59.5302 139.763 119.436 27.5941 24.6538 13.5568 44.7154 35.2438 21.9655 13.2783 16.8314 100.514 64.6886 43.8927
internal_count=8663 5635 5377 3028 2782 4858 465 420 409 2527 4393 3889 3770 2527 1613 1291 322 914 326 667 413 624 239 1243 1170 358 812 690 206 188 73 254 190 121 69 119 577 504 368
is_linear=0
shrinkage=0.2


end of trees

feature_importances:
Column_5=218
Column_4=167
Column_2=129
Column_6=125
Column_0=84
Column_1=50
Column_7=47
Column_3=38

parameters:
[boosting: gbdt]
[objective: binary]
[metric: auc,l2]
[tree_learner: serial]
[device_type: cpu]
[linear_tree: 0]
[data: ]
[valid: ]
[num_iterations: 200]
[learning_rate: 0.2]
[num_leaves: 40]
[num_threads: -1]
[deterministic: 0]
[force_col_wise: 0]
[force_row_wise: 0]
[histogram_pool_size: -1]
[max_depth: 12]
[min_data_in_leaf: 20]
[min_sum_hessian_in_leaf: 0.001]
[bagging_fraction: 0.970751]
[pos_bagging_fraction: 1]
[neg_bagging_fraction: 1]
[bagging_freq: 1]
[bagging_seed: 3]
[feature_fraction: 0.760827]
[feature_fraction_bynode: 1]
[feature_fraction_seed: 2]
[extra_trees: 0]
[extra_seed: 6]
[early_stopping_round: 2]
[first_metric_only: 0]
[max_delta_step: 0]
[lambda_l1: 0]
[lambda_l2: 0.709677]
[linear_lambda: 0]
[min_gain_to_split: 0]
[drop_rate: 0.1]
[max_drop: 50]
[skip_drop: 0.5]
[xgboost_dart_mode: 0]
[uniform_drop: 0]
[drop_seed: 4]
[top_rate: 0.2]
[other_rate: 0.1]
[min_data_per_group: 100]
[max_cat_threshold: 32]
[cat_l2: 10]
[cat_smooth: 10]
[max_cat_to_onehot: 4]
[top_k: 20]
[monotone_constraints: ]
[monotone_constraints_method: basic]
[monotone_penalty: 0]
[feature_contri: ]
[forcedsplits_filename: ]
[refit_decay_rate: 0.9]
[cegb_tradeoff: 1]
[cegb_penalty_split: 0]
[cegb_penalty_feature_lazy: ]
[cegb_penalty_feature_coupled: ]
[path_smooth: 0]
[interaction_constraints: ]
[verbosity: -1]
[saved_feature_importance_type: 0]
[max_bin: 255]
[max_bin_by_feature: ]
[min_data_in_bin: 3]
[bin_construct_sample_cnt: 200000]
[data_random_seed: 1]
[is_enable_sparse: 1]
[enable_bundle: 1]
[use_missing: 1]
[zero_as_missing: 0]
[feature_pre_filter: 1]
[pre_partition: 0]
[two_round: 0]
[header: 0]
[label_column: ]
[weight_column: ]
[group_column: ]
[ignore_column: ]
[categorical_feature: ]
[forcedbins_filename: ]
[objective_seed: 5]
[num_class: 1]
[is_unbalance: 0]
[scale_pos_weight: 1]
[sigmoid: 1]
[boost_from_average: 1]
[reg_sqrt: 0]
[alpha: 0.9]
[fair_c: 1]
[poisson_max_delta_step: 0.7]
[tweedie_variance_power: 1.5]
[lambdarank_truncation_level: 30]
[lambdarank_norm: 1]
[label_gain: ]
[eval_at: ]
[multi_error_top_k: 1]
[auc_mu_weights: ]
[num_machines: 1]
[local_listen_port: 12400]
[time_out: 120]
[machine_list_filename: ]
[machines: ]
[gpu_platform_id: -1]
[gpu_device_id: -1]
[gpu_use_dp: 0]
[num_gpu: 1]

end of parameters

pandas_categorical:null
