tree
version=v3
num_class=1
num_tree_per_iteration=1
label_index=0
max_feature_idx=10
objective=binary sigmoid:1
feature_names=Column_0 Column_1 Column_2 Column_3 Column_4 Column_5 Column_6 Column_7 Column_8 Column_9 Column_10
feature_infos=[0:75] [0:11] [0:2] [0:3] [-6847:81204] [0:1] [0:1] [0:30] [0:11] [2:3881] [0:35]
tree_sizes=2218 2201 2203 2211 2219 2226 2218 2220 2223 2222 2219 2214 2213 2234 2212 2239 2218 2232 2226 2227 2210 2211 2191 2227 2229 2219 2217 2201 2232 2229 2221 2206 2188 2210 2191 2203 2196 2214 2217 2200 2219 2210

Tree=0
num_leaves=20
num_cat=0
split_feature=9 9 5 9 5 4 4 8 8 8 10 9 8 9 0 8 0 8 8
split_gain=1665.77 415.58 354.706 201.831 127.491 86.1428 63.2913 59.6382 60.1027 59.1834 44.6403 40.2148 39.0835 38.5949 38.4645 35.3882 33.7564 32.3863 28.0481
threshold=206.50000000000003 475.50000000000006 1.0000000180025095e-35 129.50000000000003 1.0000000180025095e-35 52.500000000000007 107.50000000000001 9.5000000000000018 7.5000000000000009 9.5000000000000018 1.5000000000000002 668.50000000000011 9.5000000000000018 387.50000000000006 42.500000000000007 9.5000000000000018 11.500000000000002 3.5000000000000004 1.0000000180025095e-35
decision_type=2 2 2 2 2 2 2 2 2 2 2 2 2 2 2 2 2 2 2
left_child=3 2 5 12 6 -2 -5 8 -4 17 -8 -3 -1 -10 15 16 -7 -6 -18
right_child=1 11 7 4 9 14 10 -9 13 -11 -12 -13 -14 -15 -16 -17 18 -19 -20
leaf_value=-0.40636340823583883 -0.15958093610271207 0.11226585023932642 -0.13910969474319076 -0.30591747254012902 -0.16158603161548921 0.18744529938532492 0.022567898784564042 0.18821863837197803 -0.37740050116270352 0.19280820779706478 -0.21833663736342768 0.22397824751552861 -0.081221827575688396 -0.13446242517588361 0.27345110913631487 0.25142082227055351 0.21593914435879522 -0.39260779999108397 -0.011035197308280897
leaf_weight=462.00946265459061 56.628589645028114 220.77666006982327 137.70476424694061 43.656401708722115 30.185283467173576 57.626450255513191 123.235785394907 13.221653088927267 115.25290051102638 7.7334197312593451 40.163889572024345 337.02742119133472 15.217374309897421 34.176725909113884 46.899448692798615 40.912285029888153 23.948654651641846 136.70690363645554 192.58709782361984
leaf_count=1852 227 885 552 175 121 231 494 53 462 31 161 1351 61 137 188 164 96 548 772
internal_value=-0.0925736 0.0507216 -0.0498799 -0.309355 -0.200605 0.0689819 -0.0943098 -0.215525 -0.23487 -0.326038 -0.0369825 0.180132 -0.395994 -0.322374 0.104811 0.078814 0.0520978 -0.351371 0.0151481
internal_weight=0 1276.76 718.959 858.909 381.682 418.603 207.056 300.356 287.134 174.626 163.4 557.804 477.227 149.43 361.974 315.074 274.162 166.892 216.536
internal_count=8561 5118 2882 3443 1530 1678 830 1204 1151 700 655 2236 1913 599 1451 1263 1099 669 868
is_linear=0
shrinkage=1


Tree=1
num_leaves=20
num_cat=0
split_feature=9 9 5 9 5 10 9 4 8 8 8 4 5 8 8 4 8 0 8
split_gain=1095.01 275.573 205.874 148.544 101.35 53.8596 50.3078 50.0236 46.4955 41.1533 44.2295 37.1194 28.9258 27.1329 24.9446 22.2183 21.0279 20.5513 19.7359
threshold=206.50000000000003 392.50000000000006 1.0000000180025095e-35 114.50000000000001 1.0000000180025095e-35 2.5000000000000004 636.50000000000011 111.50000000000001 9.5000000000000018 9.5000000000000018 7.5000000000000009 107.50000000000001 1.0000000180025095e-35 3.5000000000000004 6.5000000000000009 976.50000000000011 8.5000000000000018 11.500000000000002 9.5000000000000018
decision_type=2 2 2 2 2 2 2 2 2 2 2 2 2 2 2 2 2 2 2
left_child=3 2 7 -1 5 11 12 16 13 10 14 -5 -3 -6 15 -4 -2 -13 -9
right_child=1 6 9 4 8 -7 -8 18 -10 -11 -12 17 -14 -15 -16 -17 -18 -19 -20
leaf_value=-0.26942689860536756 -0.097815306783899769 0.1958605091232033 -0.14666348870106943 -0.1428924217087684 -0.063150561740486666 -0.22018064279256186 0.25135273105631939 0.12853779663712345 0.24541303810496706 0.22917838217461817 -0.23385660922832199 0.21421203450166329 0.074964912596057129 -0.25847448828661673 0.337981685198531 0.036857722150021428 0.22206581850439872 0.036398423375016135 0.28021141916286108
leaf_weight=388.9524280577898 51.710634678602219 179.90648756921291 70.90641014277935 39.202836513519287 35.33244876563549 40.678968816995621 368.18998168408871 231.39820694923401 8.1775937676429731 11.646546423435209 113.47398361563683 31.773710608482361 143.71045196056366 160.16830721497536 5.224682852625846 41.299873977899551 8.9425514787435514 130.92440712451935 40.583738386631012
leaf_count=1619 208 723 285 161 143 166 1490 930 33 47 470 128 577 666 21 166 36 527 165
internal_value=0 0.115694 0.0133522 -0.179159 -0.10013 -0.0126533 0.200665 0.115409 -0.203841 -0.126525 -0.145221 0.0298881 0.142502 -0.223589 -0.0585349 -0.0793396 -0.0482962 0.0720333 0.151952
internal_weight=0 1266.99 575.187 835.211 446.258 242.58 691.807 332.635 203.678 242.551 230.905 201.901 323.617 195.501 117.431 112.206 60.6532 162.698 271.982
internal_count=8561 5118 2328 3443 1824 982 2790 1339 842 989 942 816 1300 809 472 451 244 655 1095
is_linear=0
shrinkage=0.2


Tree=2
num_leaves=20
num_cat=0
split_feature=9 9 5 8 9 0 4 5 8 8 8 9 0 8 3 8 10 8 4
split_gain=753.653 221.737 169.719 76.0175 56.0358 54.3094 58.3084 44.7783 45.9244 37.8453 40.162 32.1949 31.6337 27.4485 29.5706 27.44 25.1705 18.9377 16.68
threshold=176.50000000000003 437.50000000000006 1.0000000180025095e-35 9.5000000000000018 106.50000000000001 41.500000000000007 52.500000000000007 1.0000000180025095e-35 1.0000000180025095e-35 9.5000000000000018 7.5000000000000009 797.50000000000011 11.500000000000002 9.5000000000000018 1.5000000000000002 6.5000000000000009 2.5000000000000004 3.5000000000000004 976.50000000000011
decision_type=2 2 2 2 2 2 2 2 2 2 2 2 2 2 2 2 2 2 2
left_child=3 2 5 4 -1 6 -2 8 -6 10 15 -3 -8 14 -14 18 -10 -9 -4
right_child=1 11 9 -5 7 -7 12 17 16 -11 -12 -13 13 -15 -16 -17 -18 -19 -20
leaf_value=-0.24976072060351615 -0.12311563457215385 0.13859505241387488 -0.11099526067869037 0.12037203304861865 0.25476845963235728 0.26850503339529147 0.21466175834501683 -0.065154278506493621 -0.053201030007530382 0.20997712679230005 -0.186262846240208 0.23516196068322459 -0.031395449604876426 0.24166071240318263 0.1116772495678609 0.33619171768938116 -0.25306313872975161 -0.24460801072633165 0.029589359143258914
leaf_weight=315.577263712883 55.896479874849319 369.40546847879887 91.04025636613369 32.732618436217308 15.925843015313147 59.745191916823387 70.474496826529503 30.014431715011597 125.61156326532364 14.388304039835928 152.25048613548279 226.4654549062252 115.37727619707584 29.846599534153938 114.36381091177464 6.5500571429729453 30.936203956604004 121.87457942962646 52.910150468349457
leaf_count=1412 228 1519 374 134 66 248 290 124 517 60 662 958 465 127 461 27 133 542 214
internal_value=0 0.0842452 0.0127954 -0.174471 -0.189688 0.0923014 0.064509 -0.130755 -0.060569 -0.0988908 -0.114103 0.175572 0.0965122 0.0638554 0.0399707 -0.0404835 -0.093821 -0.209692 -0.0594486
internal_weight=0 1358.71 762.843 672.673 639.94 445.704 385.959 324.363 172.474 317.139 302.751 595.871 330.062 259.588 229.741 150.5 156.548 151.889 143.95
internal_count=8561 5633 3156 2928 2794 1819 1571 1382 716 1337 1277 2477 1343 1053 926 615 650 666 588
is_linear=0
shrinkage=0.2


Tree=3
num_leaves=20
num_cat=0
split_feature=9 9 9 8 4 8 0 8 8 7 9 7 0 9 8 10 3 8 8
split_gain=529.419 121.499 89.2635 76.8974 57.5322 51.1727 47.5365 32.2207 29.9063 40.2085 28.3528 27.7091 26.3406 26.2247 24.7673 23.5912 22.6237 20.1226 18.8884
threshold=251.50000000000003 129.50000000000003 612.50000000000011 9.5000000000000018 947.50000000000011 9.5000000000000018 42.500000000000007 3.5000000000000004 3.5000000000000004 3.5000000000000004 77.500000000000014 3.5000000000000004 12.500000000000002 363.50000000000006 9.5000000000000018 1.0000000180025095e-35 1.5000000000000002 7.5000000000000009 6.5000000000000009
decision_type=2 2 2 2 2 2 2 2 2 2 2 2 2 2 2 2 2 2 2
left_child=1 10 5 4 7 6 8 12 -2 -10 -1 -9 -3 16 -12 -14 -11 18 -6
right_child=2 3 -4 -5 17 -7 -8 11 9 13 14 -13 15 -15 -16 -17 -18 -19 -20
leaf_value=-0.25390970570485766 0.089300477225795497 0.16022359906707614 0.17853988087349862 0.19823068018424989 0.036478752955193136 0.24048316848789028 0.25479004910177344 0.070300630761596108 0.17247142902598137 -0.14949574754408271 -0.16050341692988604 -0.19214990741986654 0.049129917157995737 0.018079156822458833 0.14106972654310504 -0.17201405318685212 0.012190142089285707 -0.083344047576946051 0.30101172741054749
leaf_weight=176.5669005215168 183.1456570327282 21.654598340392113 358.86169727146626 45.643445760011673 116.11082543432713 53.449180424213409 36.96733121573925 17.190128549933434 42.572764217853546 99.024166449904442 210.47200287878513 186.37501488626003 31.435095176100731 187.53920969367027 10.869800999760626 47.932022199034691 52.804468229413033 54.084745317697525 11.120506614446638
leaf_count=865 754 90 1594 197 480 237 162 74 176 429 1004 835 129 776 44 201 224 244 46
internal_value=0 -0.11041 0.0984523 -0.0477229 -0.0711247 0.0544375 0.037613 -0.124108 0.0230533 -0.00883758 -0.193879 -0.169792 -0.0314194 -0.0319469 -0.145223 -0.0848224 -0.093502 0.0180399 0.0613976
internal_weight=0 929.455 1014.36 531.546 485.903 655.503 602.054 304.587 565.086 381.941 397.909 203.565 101.022 339.368 221.342 79.3671 151.829 181.316 127.231
internal_count=8561 4209 4352 2296 2099 2758 2521 1329 2359 1605 1913 909 420 1429 1048 330 653 770 526
is_linear=0
shrinkage=0.2


Tree=4
num_leaves=20
num_cat=0
split_feature=9 9 5 9 6 8 5 8 0 9 0 0 4 8 8 8 3 7 4
split_gain=371.015 111.686 96.9189 52.3741 38.997 38.7265 32.8443 32.6537 26.8488 26.6726 20.9823 30.2082 21.7074 19.7988 19.065 39.4664 19.039 19.0344 17.3438
threshold=174.50000000000003 392.50000000000006 1.0000000180025095e-35 77.500000000000014 1.0000000180025095e-35 9.5000000000000018 1.0000000180025095e-35 1.0000000180025095e-35 11.500000000000002 797.50000000000011 41.500000000000007 11.500000000000002 52.500000000000007 3.5000000000000004 6.5000000000000009 7.5000000000000009 1.0000000180025095e-35 15.500000000000002 976.50000000000011
decision_type=2 2 2 2 2 2 2 2 2 2 2 2 2 2 2 2 2 2 2
left_child=3 2 4 -1 10 6 7 -5 -9 -3 11 -2 -13 -8 -10 -16 -4 -17 -18
right_child=1 9 16 5 -6 -7 13 8 14 -11 -12 12 -14 -15 15 17 18 -19 -20
leaf_value=-0.23245279545270614 0.19095925966806793 0.091026451240761905 -0.22326183463560617 0.20229687152288844 -0.14325911740373226 0.13193799718707319 -0.045640134849052036 0.11127645061292024 -0.14627496006396545 0.18033151912303061 0.21004641999475912 -0.11340001126774822 0.057850854099906451 -0.20804996127127848 0.37391238762911905 0.090226950945574438 -0.10714457020964088 -0.21918959741239916 0.0078095635552328478
leaf_weight=156.52655214071274 60.896007001399994 423.24541614949703 36.410127639770508 16.806025981903076 32.023457601666451 26.998994782567024 38.456199452280998 24.45914451777935 132.2965237647295 197.77743017673492 45.816304057836533 33.527248650789261 215.16312554478645 145.6370764374733 8.4706963598728162 12.847391605377199 156.02221295237541 18.603677913546562 78.751512303948402
leaf_count=865 265 1832 169 72 135 113 174 109 614 958 212 142 895 762 38 58 717 86 345
internal_value=0 0.058882 0.00148503 -0.133712 0.0656204 -0.0969278 -0.112712 -0.0589789 -0.0820597 0.11967 0.0847308 0.0656741 0.0344638 -0.17448 -0.109919 0.0110837 -0.0900627 -0.0937247 -0.068693
internal_weight=0 1279.63 658.61 581.102 387.426 424.576 397.577 213.483 196.677 621.023 355.403 309.586 248.69 184.093 172.218 39.9218 271.184 31.4511 234.774
internal_count=8561 5670 2880 2891 1649 2026 1913 977 905 2790 1514 1302 1037 936 796 182 1231 144 1062
is_linear=0
shrinkage=0.2


Tree=5
num_leaves=20
num_cat=0
split_feature=9 9 5 9 8 10 8 7 9 5 5 8 8 8 4 8 8 4 7
split_gain=261.695 85.8259 65.7031 38.7329 32.8393 30.0445 27.8783 30.2502 24.6251 22.7372 21.7282 18.6732 22.3473 18.045 16.0786 15.9625 16.8895 15.5404 14.1028
threshold=164.50000000000003 351.50000000000006 1.0000000180025095e-35 77.500000000000014 6.5000000000000009 1.5000000000000002 1.0000000180025095e-35 18.500000000000004 797.50000000000011 1.0000000180025095e-35 1.0000000180025095e-35 9.5000000000000018 7.5000000000000009 6.5000000000000009 223.50000000000003 9.5000000000000018 7.5000000000000009 67.500000000000014 12.500000000000002
decision_type=2 2 2 2 2 2 2 2 2 2 2 2 2 2 2 2 2 2 2
left_child=3 2 4 -1 6 9 -2 17 10 14 -3 12 13 -4 -5 16 -11 -8 -6
right_child=1 8 11 5 18 -7 7 -9 -10 15 -12 -13 -14 -15 -16 -17 -18 -19 -20
leaf_value=-0.21527991728541893 0.17464581515086783 0.11126139750629194 -0.058160313465716151 -0.09726556819178972 0.21354372566143556 -0.18120255951335515 -0.1256484443045848 -0.14299864137245172 0.15818195898475385 -0.040545094922409895 0.026760526722702595 0.14921986015312111 -0.16365431091024543 0.28128543822858559 0.047582364281626099 0.17571593434483218 -0.20273117633843907 0.051330917300118406 0.072369043145076584
leaf_weight=137.34423094987869 32.548300445079803 260.94262108206749 120.94239999353886 44.158179223537445 49.553572192788124 102.01922309398651 22.552696406841278 58.699345126748085 182.24175041913986 43.675503015518188 228.78027747571468 12.064364314079283 112.04868720471859 5.7889937162399283 95.385338187217712 6.2404100596904746 63.305163830518723 131.15248377621174 67.701787516474724
leaf_count=865 141 1174 521 209 223 538 98 251 958 227 999 56 589 25 429 28 371 555 304
internal_value=0 0.0461407 -0.00797872 -0.125252 0.0464742 -0.0899801 0.00469367 -0.0219267 0.0954645 -0.0526898 0.0718976 -0.0865005 -0.098885 -0.0409287 0.00144211 -0.118932 -0.137338 0.0248289 0.133111
internal_weight=0 1285.02 613.053 492.128 362.208 354.784 244.953 212.405 671.965 252.765 489.723 250.844 238.78 126.731 139.544 113.221 106.981 153.705 117.255
internal_count=8561 5894 2763 2667 1572 1802 1045 904 3131 1264 2173 1191 1135 546 638 626 598 653 527
is_linear=0
shrinkage=0.2


Tree=6
num_leaves=20
num_cat=0
split_feature=9 9 5 9 6 4 0 0 4 8 8 0 0 8 7 8 7 8 7
split_gain=184.189 67.445 57.3418 28.4369 27.9571 21.2666 19.0142 22.165 23.9249 20.1869 18.3729 20.0042 19.4747 18.1047 25.4672 25.1599 21.0742 20.1305 31.9058
threshold=152.50000000000003 475.50000000000006 1.0000000180025095e-35 77.500000000000014 1.0000000180025095e-35 -1.0000000180025095e-35 41.500000000000007 11.500000000000002 1612.5000000000002 9.5000000000000018 9.5000000000000018 7.5000000000000009 42.500000000000007 3.5000000000000004 19.500000000000004 1.0000000180025095e-35 3.5000000000000004 8.5000000000000018 15.500000000000002
decision_type=2 2 2 2 2 2 2 2 2 2 2 2 2 2 2 2 2 2 2
left_child=3 2 4 -1 5 -2 7 -7 9 -9 11 -5 -13 14 15 -4 -15 -18 -19
right_child=1 -3 13 10 -6 6 -8 8 -10 -11 -12 12 -14 16 -16 -17 17 18 -20
leaf_value=-0.20065697094367085 -0.24726409706732838 0.098504564112718476 -0.16308289588724934 0.16319605248698377 -0.10958970257194119 0.14566955852085536 0.17201095207301337 -0.030408807266388463 0.10412003444552034 0.19021541769031231 0.10429324004964191 -0.11997742800667609 0.16342517698728415 0.092461175390698397 0.23228733973337148 0.070887261639710111 -0.12987851115426169 0.31938204621975785 -0.087015352783093705
leaf_weight=119.83283591270447 8.0655096322298032 444.31992560625076 32.643264472484589 10.559756085276602 41.874762117862701 76.708051577210426 57.790684670209885 197.33314575254917 105.15519554913044 17.279279842972755 18.644683450460434 245.73987482488155 9.4001971036195737 23.164396345615387 16.893551766872406 40.047240108251572 198.20692312717438 10.098706200718878 25.620247215032578
leaf_count=865 36 2236 136 51 181 359 293 833 453 88 80 1367 45 103 70 167 1015 50 133
internal_value=0 0.0354263 0.00242376 -0.119092 0.0454471 0.0596601 0.0655497 0.0497056 0.0263681 -0.0119824 -0.0842352 -0.0977477 -0.109041 -0.060109 0.0172044 -0.0348359 -0.0870178 -0.105054 0.032519
internal_weight=0 1295.2 850.881 404.177 504.207 462.332 454.266 396.476 319.768 214.612 284.345 265.7 255.14 346.674 89.5841 72.6905 257.09 233.926 35.719
internal_count=8561 6153 3917 2408 2243 2062 2026 1733 1374 921 1543 1463 1412 1674 373 303 1301 1198 183
is_linear=0
shrinkage=0.2


Tree=7
num_leaves=20
num_cat=0
split_feature=9 10 5 9 8 8 4 0 8 4 8 8 8 6 9 8 0 8 8
split_gain=132.307 52.5893 44.3339 29.3072 24.1151 23.6329 23.55 22.9836 19.9845 19.4327 15.6016 13.6025 13.5747 14.4948 13.2466 12.7797 12.7186 10.5895 15.3428
threshold=251.50000000000003 2.5000000000000004 1.0000000180025095e-35 654.50000000000011 9.5000000000000018 3.5000000000000004 131.50000000000003 42.500000000000007 9.5000000000000018 200.50000000000003 1.0000000180025095e-35 1.0000000180025095e-35 7.5000000000000009 1.0000000180025095e-35 90.500000000000014 1.0000000180025095e-35 42.500000000000007 6.5000000000000009 7.5000000000000009
decision_type=2 2 2 2 2 2 2 2 2 2 2 2 2 2 2 2 2 2 2
left_child=1 2 6 4 7 11 15 9 -7 -2 -3 -4 13 -11 -8 -1 -17 -16 -19
right_child=3 10 5 -5 -6 8 14 -9 -10 12 -12 -13 -14 -15 17 16 -18 18 -20
leaf_value=0.20110531503239881 -0.04701742821317785 0.10787257225416357 -0.10202762524689568 0.1096648438810733 0.16956935618334024 -0.14912968388549863 -0.083567358746189035 0.18566699520296553 0.09395335137505402 0.073153522735925611 -0.19048055205424391 0.088335504465642256 -0.019059172584325504 -0.10765023627207 0.020907576736346158 -0.13531654073339533 0.18508289126941918 0.28533041420490995 0.067583089757413783
leaf_weight=4.8774968385696402 173.78555393218994 6.8962902426719657 24.664918854832649 246.08662584424019 44.182947903871536 189.29508680105209 31.609758496284485 30.051900833845139 14.018916964530943 238.92642815411091 129.90442897379398 35.713974058628082 130.92568643391132 18.43022683262825 153.04682609438896 65.149950280785561 4.6471963524818412 15.255576014518736 71.169110804796219
leaf_count=21 784 36 127 1409 246 1268 228 170 71 1051 833 175 613 79 677 353 20 69 331
internal_value=0 -0.0631869 -0.0379118 0.0511636 0.0284254 -0.0995426 0.00921683 0.0176713 -0.132055 0.00842907 -0.174881 0.0102433 0.0332928 0.0599017 0.0366351 -0.089626 -0.112063 0.052735 0.108364
internal_weight=0 746.25 609.449 882.389 636.303 263.693 345.756 592.12 203.314 562.068 136.801 60.3789 388.282 257.357 271.081 74.6746 69.7971 239.472 86.4247
internal_count=8561 4209 3340 4352 2943 1641 1699 2697 1339 2527 869 302 1743 1130 1305 394 373 1077 400
is_linear=0
shrinkage=0.2


Tree=8
num_leaves=20
num_cat=0
split_feature=9 9 8 3 10 9 0 7 0 10 9 6 8 6 0 8 8 8 7
split_gain=99.8956 37.1327 32.6563 30.1149 24.4728 20.2451 19.5427 14.6005 14.4056 14.7935 13.7596 13.7521 13.421 13.3171 12.6883 11.9007 27.7591 13.6244 11.6919
threshold=142.50000000000003 351.50000000000006 9.5000000000000018 1.5000000000000002 1.0000000180025095e-35 77.500000000000014 41.500000000000007 4.5000000000000009 6.5000000000000009 1.0000000180025095e-35 797.50000000000011 1.0000000180025095e-35 3.5000000000000004 1.0000000180025095e-35 7.5000000000000009 6.5000000000000009 7.5000000000000009 8.5000000000000018 15.500000000000002
decision_type=2 2 2 2 2 2 2 2 2 2 2 2 2 2 2 2 2 2 2
left_child=5 2 3 4 11 -1 7 -6 -7 12 -3 -2 -10 -5 -9 -14 -17 -18 -19
right_child=1 10 -4 13 6 8 -8 14 9 -11 -12 -13 15 -15 -16 16 17 18 -20
leaf_value=-0.17908141277160519 0.020925088385107583 0.042415675383668215 0.14587750044403974 0.047655686759816129 0.019412581035014944 0.18525079679872145 0.14116530970983726 0.10997654529302291 0.10725320160136631 -0.12310011416619007 0.11250322244605984 -0.14451413147079664 -0.19406259703706097 -0.11628161637731399 -0.15675899860673148 0.42392408864854797 -0.18265613711965167 0.2496183489711451 -0.054265606270639893
leaf_weight=94.535830393433571 143.99758023023605 455.43100401759148 49.417086124420166 218.62582831084728 24.936470612883568 7.8680512607097617 11.322462245821951 6.9228918552398673 24.693043008446693 122.26515017449856 148.74397322535515 22.508251160383224 18.790859147906303 21.000160291790962 151.3589750379324 4.4691695123910895 18.90261772274971 6.6979106068611172 14.826797530055044
leaf_count=865 716 2173 285 1022 114 37 58 34 120 776 958 120 115 99 787 21 142 32 87
internal_value=0 0.0241407 -0.00903516 -0.0219631 -0.0583926 -0.102011 -0.106408 -0.122274 -0.0681172 -0.0782697 0.0598012 -0.00204369 -0.0156842 0.0329376 -0.144581 -0.0641149 -0.0071965 -0.0624113 0.0460413
internal_weight=0 1254.26 650.09 600.673 361.047 313.049 194.541 183.218 218.514 210.646 604.175 166.506 88.3804 239.626 158.282 63.6874 44.8965 40.4273 21.5247
internal_count=8561 6366 3235 2950 1829 2195 993 935 1330 1293 3131 836 517 1121 821 397 282 261 119
is_linear=0
shrinkage=0.2


Tree=9
num_leaves=20
num_cat=0
split_feature=9 9 3 10 0 0 4 4 9 4 9 5 0 10 1 8 8 0 8
split_gain=71.206 30.6606 31.1247 22.1863 16.8315 14.2909 11.9903 11.9293 11.1603 10.9054 10.552 10.8077 9.76109 9.73803 9.27263 8.7218 8.2702 9.82861 8.00605
threshold=114.50000000000001 351.50000000000006 1.5000000000000002 1.0000000180025095e-35 41.500000000000007 10.500000000000002 -1.0000000180025095e-35 947.50000000000011 61.500000000000007 2590.5000000000005 797.50000000000011 1.0000000180025095e-35 7.5000000000000009 3.5000000000000004 7.5000000000000009 9.5000000000000018 2.5000000000000004 43.500000000000007 7.5000000000000009
decision_type=2 2 2 2 2 2 2 2 2 2 2 2 2 2 2 2 2 2 2
left_child=8 2 3 6 5 -5 -2 -7 -1 12 11 -3 -4 15 16 18 -8 -18 -14
right_child=1 10 9 4 -6 7 14 -9 -10 -11 -12 -13 13 -15 -16 -17 17 -19 -20
leaf_value=-0.19162864258544124 -0.1878630649593904 0.064353962123709224 0.18370935852130157 0.043037761984413531 0.10598395611626535 -0.16101150457087685 0.070912250353983658 -0.055048455451616719 -0.083697748700623395 0.11175866288104026 0.097563693659602421 0.0023494911750754997 0.030841134686996775 -0.13391745073406178 0.083780206835247006 0.14953260565199558 -0.059178797401710198 0.1420458982005928 -0.063235792464137311
leaf_weight=53.982017405331135 11.832811854779719 232.27009512484074 12.599229097366331 22.964252002537251 15.722755618393419 118.44646018743515 34.566247537732124 67.9056141898036 137.49055147171021 62.012138321995735 138.52513357996941 217.37101732194424 143.53775256127119 16.971334487199783 52.984823651611805 18.137325040996075 100.41841930150986 9.950792267918585 47.466289281845093
leaf_count=570 76 1174 61 122 86 684 153 342 1049 301 958 999 654 91 265 110 547 56 263
internal_value=0 0.0154162 -0.011802 -0.0459824 -0.0894781 -0.10452 0.000851442 -0.122814 -0.114821 0.0376071 0.049422 0.0344384 0.0180243 0.00815525 0.0128699 0.020167 -0.013382 -0.0401135 0.00729002
internal_weight=0 1323.68 735.516 434.792 225.039 209.316 209.753 186.352 191.473 300.724 588.166 449.641 238.712 226.113 197.92 209.141 144.935 110.369 191.004
internal_count=8561 6942 3811 2331 1234 1148 1097 1026 1619 1480 3131 2173 1179 1118 1021 1027 756 603 917
is_linear=0
shrinkage=0.2


Tree=10
num_leaves=20
num_cat=0
split_feature=9 10 8 0 9 0 4 6 8 8 8 7 8 7 7 8 7 7 2
split_gain=55.9215 21.4237 19.2406 20.0703 21.4571 25.7865 17.4787 15.9415 15.7422 36.7031 20.1088 24.5893 26.4514 23.8914 14.5069 19.5488 18.2256 12.4134 11.9541
threshold=176.50000000000003 1.5000000000000002 9.5000000000000018 7.5000000000000009 612.50000000000011 42.500000000000007 43.500000000000007 1.0000000180025095e-35 7.5000000000000009 6.5000000000000009 8.5000000000000018 15.500000000000002 9.5000000000000018 20.500000000000004 14.500000000000002 8.5000000000000018 20.500000000000004 27.500000000000004 1.5000000000000002
decision_type=2 2 2 2 2 2 2 2 2 2 2 2 2 2 2 2 2 2 2
left_child=1 8 3 -2 5 6 -5 14 9 17 -10 12 -12 -13 15 -8 -16 18 -1
right_child=2 -3 -4 4 -6 -7 7 -9 10 -11 11 13 -14 -15 16 -17 -18 -19 -20
leaf_value=-0.040531185373283041 0.15073575516186333 -0.13548377657613253 0.13062384188572509 -0.083700723632282772 0.06468159066985206 0.15830166358938647 0.030943667186882781 -0.099473242160388081 -0.1690244883242564 0.35435199346472479 0.41104231905083921 -0.21469084122592555 -0.035059591572495649 0.1309414399897165 -0.077608630617108709 0.281126789371484 0.031702602942391543 -0.19004752700964445 0.080551099088141856
leaf_weight=100.94136274605989 42.35384039580822 115.82279951870441 63.037643358111382 118.67475828528404 228.36699925363064 35.69536031037569 261.15726970136166 56.711148090660572 60.833925724029541 10.393565349280832 8.8788737356662768 23.834336906671524 11.492592602968214 11.172835312783716 123.59410770237446 12.317015781998633 119.03973949700594 14.637649409472941 47.168895043432713
leaf_count=616 222 993 414 597 1476 227 1215 276 541 53 44 189 59 56 574 55 561 103 265
internal_value=0 -0.0630865 0.0241841 0.0173575 0.0113203 -0.00549187 -0.0141263 0.000387959 -0.0338032 0.00447564 -0.0904616 -0.00294046 0.167837 -0.103902 0.0115028 0.0430266 -0.0240535 -0.0195499 -0.00173638
internal_weight=0 405.177 1060.95 997.91 955.556 727.189 691.494 572.819 289.354 173.141 116.213 55.3786 20.3715 35.0072 516.108 273.474 242.634 162.748 148.11
internal_count=8536 2919 5617 5203 4981 3505 3278 2681 1926 1037 889 348 103 245 2405 1270 1135 984 881
is_linear=0
shrinkage=0.2


Tree=11
num_leaves=20
num_cat=0
split_feature=9 2 4 9 9 0 9 5 8 8 1 8 8 8 7 8 7 8 9
split_gain=40.1012 19.0403 21.8312 13.9873 13.7313 11.7963 10.9051 10.4416 9.79581 11.8203 10.1534 9.60566 23.0325 9.57538 13.6054 12.6281 12.7866 8.59269 8.42325
threshold=131.50000000000003 1.5000000000000002 947.50000000000011 61.500000000000007 284.50000000000006 11.500000000000002 480.50000000000006 1.0000000180025095e-35 1.0000000180025095e-35 8.5000000000000018 1.5000000000000002 7.5000000000000009 6.5000000000000009 4.5000000000000009 3.5000000000000004 1.5000000000000002 5.5000000000000009 9.5000000000000018 348.50000000000006
decision_type=2 2 2 2 2 2 2 2 2 2 2 2 2 2 2 2 2 2 2
left_child=3 2 4 -1 8 7 -3 -5 -2 11 -11 12 -10 15 18 -4 -17 -16 -15
right_child=1 6 13 5 -6 -7 -8 -9 9 10 -12 -13 -14 14 17 16 -18 -19 -20
leaf_value=-0.18134508638617158 0.061163550067872177 0.028098275711317483 0.034160979346237845 0.16578554828544326 -0.0022837279079313002 -0.07419353593807336 0.10001099474567579 -0.10212693466305452 -0.09688594367307618 -0.17463180058623906 0.105214538742817 -0.18980363678860465 0.31089985935677733 0.25303390676062987 -0.023509311419478797 0.014460472810458062 0.24957812520570341 0.11058024380818454 0.00038258088764994095
leaf_weight=42.10997462272644 19.47328457981348 280.86487394571304 82.471790134906769 15.967559762299061 275.95846580713987 151.45550154149532 120.38342581689358 8.2206073626875877 104.24396741390228 6.0911997109651592 20.094293795526028 41.012839630246162 5.0520532876253119 13.038990691304209 165.38396707177162 14.130659677088259 26.5706732198596 20.775825507938862 8.5261284783482534
leaf_count=571 91 1440 417 79 1509 1229 731 77 543 37 115 315 23 63 902 71 132 144 47
internal_value=0 0.014309 -0.00348001 -0.0788023 -0.0310749 -0.0534821 0.0498353 0.0743659 -0.071438 -0.0862858 0.0367585 -0.107805 -0.0758397 0.0358551 0.00956091 0.0798389 0.169867 -0.00812104 0.156853
internal_weight=0 1204.07 802.824 217.754 471.926 175.644 401.248 24.1882 195.968 176.494 26.1855 150.309 109.296 330.898 207.725 123.173 40.7013 186.16 21.5651
internal_count=8536 6580 4409 1956 2633 1385 2171 156 1124 1033 152 881 566 1776 1156 620 203 1046 110
is_linear=0
shrinkage=0.2


Tree=12
num_leaves=20
num_cat=0
split_feature=9 3 9 0 2 7 8 8 8 9 7 8 8 0 0 9 5 9 0
split_gain=29.2335 19.2967 17.267 13.8409 14.9494 14.803 26.1191 16.2222 41.2826 18.8559 18.5119 11.0285 13.8998 11.0144 9.31701 11.9697 8.95587 7.75352 8.46314
threshold=77.500000000000014 1.0000000180025095e-35 398.50000000000006 42.500000000000007 1.5000000000000002 12.500000000000002 9.5000000000000018 3.5000000000000004 1.5000000000000002 510.50000000000006 28.500000000000004 8.5000000000000018 9.5000000000000018 39.500000000000007 57.500000000000007 249.50000000000003 1.0000000180025095e-35 480.50000000000006 6.5000000000000009
decision_type=2 2 2 2 2 2 2 2 2 2 2 2 2 2 2 2 2 2 2
left_child=-1 2 13 4 5 11 7 8 10 -9 -7 16 -13 -2 -5 -16 -3 18 -6
right_child=1 3 -4 14 17 6 -8 9 -10 -11 -12 12 -14 -15 15 -17 -18 -19 -20
leaf_value=-0.13694579144057772 -0.14670367495584821 0.049918901741248821 0.022722596349176744 0.16115572803020028 0.12759766972673375 -0.059130069006127134 0.16954090993187862 -0.10683596834596104 0.3657569145269664 0.0088620494975344532 0.17170933291965132 0.27794122151662348 -0.024580416740461186 0.011694754465666653 -0.27407701566204795 0.1600634981516009 -0.022035029746575951 0.087371764146709274 0.014117999534698568
leaf_weight=58.866395689547062 75.842576868832111 141.07263182848692 63.574421174824238 38.789778850972652 28.161377377808094 87.593616738915443 23.353705309331417 185.66836465895176 11.380521863698958 80.56595416367054 15.670137345790861 13.917971082031729 10.118654884397982 22.625060439109802 4.3235158920288068 4.2471660003066063 134.34468472748995 104.77164575457573 285.76034793257713
leaf_count=861 485 724 381 253 149 474 142 1125 55 481 79 65 72 144 23 34 798 671 1520
internal_value=0 0.00611402 -0.0583914 0.0150848 0.0105704 -0.00723732 -0.0321763 -0.0448857 0.0179267 -0.0719054 -0.0230128 0.0264236 0.154013 -0.110514 0.12005 -0.0637944 0.01486 0.0404545 0.0246071
internal_weight=0 1331.78 162.042 1169.74 1122.38 703.686 404.232 380.879 114.644 266.234 103.264 299.454 24.0366 98.4676 47.3605 8.57068 275.417 418.693 313.922
internal_count=8536 7675 1010 6665 6355 4015 2356 2214 608 1606 553 1659 137 629 310 57 1522 2340 1669
is_linear=0
shrinkage=0.2


Tree=13
num_leaves=20
num_cat=0
split_feature=9 3 9 10 1 6 8 7 9 7 8 8 8 7 0 8 5 9 1
split_gain=23.0522 14.6206 18.9145 13.8012 12.7073 11.9201 10.1777 9.60492 9.44474 9.25408 10.2513 10.4986 12.6085 34.9472 9.54642 8.28051 7.36757 8.81385 7.11341
threshold=61.500000000000007 1.5000000000000002 642.50000000000011 1.0000000180025095e-35 1.0000000180025095e-35 1.0000000180025095e-35 1.0000000180025095e-35 16.500000000000004 686.50000000000011 3.5000000000000004 9.5000000000000018 3.5000000000000004 1.5000000000000002 5.5000000000000009 11.500000000000002 8.5000000000000018 1.0000000180025095e-35 144.50000000000003 3.5000000000000004
decision_type=2 2 2 2 2 2 2 2 2 2 2 2 2 2 2 2 2 2 2
left_child=-1 2 3 5 -3 16 8 15 -6 -5 11 12 14 -14 -11 18 -2 -18 -8
right_child=1 4 -4 9 6 -7 7 -9 -10 10 -12 -13 13 -15 -16 -17 17 -19 -20
leaf_value=-0.165317025197567 0.048502426633214954 0.16184521284284364 0.057290829839680417 0.039450160151932832 0.1385083977565211 -0.094016587826138948 -0.089501061647757063 -0.021725104701096939 -0.11944746639553183 0.13993813983694134 0.12557843529342308 -0.097223787016928048 -0.26678910315616439 0.28491919013167949 -0.075771188295975608 0.12384258476710222 -0.13338078885225199 0.0071714601923433116 0.034228309097580775
leaf_weight=32.064017057418823 152.92352194339037 26.9922697506845 128.88838112354279 38.053033947944641 44.613740660250187 42.129441533237696 19.675496287643909 184.78200472891331 5.8442225381731978 8.4205548390746099 10.271425589919088 203.72088526561856 5.8530863001942661 14.254386708140371 76.104771755635738 37.434387840330601 20.674570806324482 104.52538746595383 201.18518578261137
leaf_count=571 822 145 935 203 222 261 115 1108 44 41 71 1353 31 74 433 234 195 557 1121
internal_value=0 0.00417691 -0.0126968 -0.0260763 0.0302775 0.00406766 0.0228227 0.0130335 0.107184 -0.0530885 -0.0642139 -0.0708555 -0.0191559 0.120121 -0.0531323 0.0378894 0.0191603 -0.0167624 0.0229126
internal_weight=0 1326.35 805.819 676.931 520.527 320.253 493.535 443.077 50.458 356.678 318.625 308.354 104.633 20.1075 84.5253 258.295 278.123 125.2 220.861
internal_count=8536 7965 4976 4041 2989 1835 2844 2578 266 2206 2003 1932 579 105 474 1470 1574 752 1236
is_linear=0
shrinkage=0.2


Tree=14
num_leaves=20
num_cat=0
split_feature=9 10 0 8 8 8 7 8 7 8 7 7 8 7 4 3 4 8 8
split_gain=19.0896 15.0001 11.1114 10.2232 22.3993 11.3314 13.359 15.9894 15.9226 9.22113 16.5199 15.889 64.2728 8.66249 8.15019 9.62962 9.3794 8.51587 13.3249
threshold=176.50000000000003 2.5000000000000004 6.5000000000000009 7.5000000000000009 6.5000000000000009 8.5000000000000018 15.500000000000002 9.5000000000000018 20.500000000000004 3.5000000000000004 3.5000000000000004 7.5000000000000009 1.5000000000000002 22.500000000000004 947.50000000000011 1.0000000180025095e-35 12243.500000000002 5.5000000000000009 7.5000000000000009
decision_type=2 2 2 2 2 2 2 2 2 2 2 2 2 2 2 2 2 2 2
left_child=1 3 -2 4 9 13 7 -7 -8 11 -11 -1 -13 -5 15 -4 -16 -17 -19
right_child=2 -3 14 5 -6 6 8 -9 -10 10 -12 12 -14 -15 16 17 -18 18 -20
leaf_value=-0.083475351126744257 0.1434029005763566 -0.13357001365553811 -0.074341355151739216 -0.18192816773890766 0.28194754999686661 0.28208031103387382 -0.19126894345828691 -0.049496045412845212 0.1075825175788831 0.13313689360076783 -0.11375745073230531 -0.020041125825926376 0.43865667643068051 0.0063572524757750555 0.039369566977604187 -0.020000056062338786 -0.12419655201301139 0.11059373525091663 0.0046092419879203081
leaf_weight=34.456131044775248 25.091909803450108 56.81998497620225 68.319139264523983 39.498564261943102 10.289703316986559 10.360337644815447 20.055141422897581 11.683943390846251 10.172213241457937 12.652597233653067 56.1386001072824 55.393368747085333 14.825075615197418 12.828454960137604 370.30937179923058 261.79024422168732 13.78240269422531 62.805679820477962 186.8824954777956
leaf_count=193 152 680 436 485 55 51 205 64 57 88 487 342 75 137 2094 1398 78 325 1134
internal_value=0 -0.0404058 0.0141682 -0.0217178 0.00673668 -0.0713657 -0.00516174 0.11091 -0.0905114 -0.0108508 -0.0673029 0.0264861 0.0807883 -0.136389 0.0106837 -0.00428877 0.0332457 0.00517336 0.0315458
internal_weight=0 345.174 988.981 288.354 183.755 104.599 52.2716 22.0443 30.2274 173.466 68.7912 104.675 70.2184 52.327 963.889 579.798 384.092 511.478 249.688
internal_count=8536 2919 5617 2239 1240 999 377 115 262 1185 575 610 417 622 5465 3293 2172 2857 1459
is_linear=0
shrinkage=0.2


Tree=15
num_leaves=20
num_cat=0
split_feature=9 2 9 10 4 1 1 0 9 7 0 10 8 1 9 8 7 9 0
split_gain=14.9908 10.6897 12.0501 16.4548 9.83465 9.17565 8.07504 7.53371 8.05491 7.28522 12.2602 11.2849 7.74462 6.17989 6.14759 6.11363 9.06683 9.45486 9.41514
threshold=61.500000000000007 1.5000000000000002 222.50000000000003 2.5000000000000004 -1.0000000180025095e-35 7.5000000000000009 1.0000000180025095e-35 42.500000000000007 896.50000000000011 6.5000000000000009 7.5000000000000009 1.0000000180025095e-35 3.5000000000000004 3.5000000000000004 831.50000000000011 2.5000000000000004 1.0000000180025095e-35 543.50000000000011 8.5000000000000018
decision_type=2 2 2 2 2 2 2 2 2 2 2 2 2 2 2 2 2 2 2
left_child=-1 2 3 4 -2 7 -6 8 -4 15 -11 12 -12 -8 -9 -3 -17 -18 -19
right_child=1 9 5 -5 6 -7 13 14 -10 10 11 -13 -14 -15 -16 16 17 18 -20
leaf_value=-0.15020374600601713 -0.19964492240680787 0.087799453088408724 -0.023139457182552146 -0.15478822942482667 0.081905191408034594 0.058030558880023786 -0.087410894623124014 0.10882079242006076 0.063914214997451563 0.14743427252610947 0.15030637916845915 -0.0083975611507231991 0.041429891390191154 -0.0080237701692348808 -0.15166662734494982 0.18282489712700556 -0.091314681241764242 -0.2037055434265998 0.14882317259038605
leaf_weight=25.243425410240889 11.138492379337547 17.642159216105938 368.94885212182999 43.630664613097906 29.991825398057699 112.83602743595839 51.380966585129499 32.366011992096901 47.234389707446098 39.120774656534195 35.50416399538517 151.3479323759675 96.914951309561729 158.50029303506017 3.340134620666503 6.0269441679120055 64.560106366872787 3.0882402434945133 13.308703392744063
leaf_count=571 118 92 1920 440 206 620 401 263 379 241 183 955 578 1034 30 34 354 21 96
internal_value=0 0.00297856 -0.00987814 -0.0426053 -0.0226607 0.00723446 -0.0137837 -0.00553222 -0.013152 0.0287916 0.0436261 0.0289274 0.0713748 -0.0277258 0.081567 -0.0169723 -0.0388501 -0.0570376 0.0758236
internal_weight=0 1286.88 859.368 294.642 251.012 564.725 239.873 451.889 416.183 427.514 322.888 283.767 132.419 209.881 35.7061 104.626 86.984 80.9571 16.3969
internal_count=8536 7965 5411 2199 1759 3212 1641 2592 2299 2554 1957 1716 761 1435 293 597 505 471 117
is_linear=0
shrinkage=0.2


Tree=16
num_leaves=20
num_cat=0
split_feature=9 6 9 1 1 0 4 9 7 7 7 7 0 4 5 9 4 7 4
split_gain=11.4399 9.27241 13.8719 9.08914 12.7629 8.77658 10.0518 7.52314 7.20066 10.5297 9.89898 6.23683 14.2895 12.9659 6.09305 5.87182 5.86244 5.6706 5.79793
threshold=61.500000000000007 1.0000000180025095e-35 551.50000000000011 1.0000000180025095e-35 3.5000000000000004 11.500000000000002 196.50000000000003 156.50000000000003 22.500000000000004 14.500000000000002 26.500000000000004 6.5000000000000009 8.5000000000000018 1254.5000000000002 1.0000000180025095e-35 531.50000000000011 1196.5000000000002 26.500000000000004 5244.0000000000009
decision_type=2 2 2 2 2 2 2 2 2 2 2 2 2 2 2 2 2 2 2
left_child=-1 3 -3 8 -5 11 7 -7 9 -2 -10 12 13 -6 17 -16 -4 18 -13
right_child=1 2 16 4 5 6 -8 -9 10 -11 -12 14 -14 -15 15 -17 -18 -19 -20
leaf_value=-0.14030645713642739 0.082170709160773681 -0.079188756133156749 0.099711040665832099 -0.038746773906395485 -0.011318096473287752 -0.12088060787019372 0.020219295454314414 -0.015154241315486611 0.29006058125202744 -0.052193961815609806 0.041077118048895966 0.17758821197623673 0.11623021580119378 -0.39336082458183674 -0.034046660686998687 0.1696772139167898 -0.092371107783094486 -0.0049343899158616356 -0.084412769750551744
leaf_weight=22.028841733932495 64.431952048093081 112.15602223575115 29.851547494530678 231.75411969423294 9.8257707171142119 33.100351978093386 481.61120100319386 131.89706484600902 10.844826068729164 35.611099679023027 14.82505329325795 43.786902032792568 15.850256554782389 4.7837297022342673 22.11364966630936 6.6932925656437865 7.3172757849097243 10.236768469214438 3.1791888624429694
leaf_count=571 390 752 204 1508 59 298 2923 741 64 226 94 265 94 26 136 48 52 65 20
internal_value=0 0.00245141 -0.0442241 0.00869951 0.00227577 0.0147632 0.00562511 -0.0368621 0.0591863 0.0343067 0.152045 0.0650975 -0.0124524 -0.150809 0.0924181 0.0167084 0.0607072 0.129762 0.158697
internal_weight=0 1269.87 149.325 1120.55 994.832 763.078 646.609 164.997 125.713 100.043 25.6699 116.47 30.4598 14.6095 86.0098 28.8069 37.1688 57.2029 46.9661
internal_count=8536 7965 1008 6957 6183 4675 3962 1039 774 616 158 713 179 85 534 184 256 350 285
is_linear=0
shrinkage=0.2


Tree=17
num_leaves=20
num_cat=0
split_feature=10 3 1 4 0 1 7 1 1 4 1 8 8 8 7 10 8 7 0
split_gain=9.04845 8.00379 6.74719 7.18621 7.41733 7.79886 7.55007 6.7025 6.47904 7.91313 6.47243 5.94438 7.06222 13.9945 29.1725 8.74664 8.11658 6.98505 5.88436
threshold=5.5000000000000009 1.5000000000000002 7.5000000000000009 43.500000000000007 40.500000000000007 8.5000000000000018 4.5000000000000009 1.0000000180025095e-35 2.5000000000000004 -141.49999999999997 1.0000000180025095e-35 1.0000000180025095e-35 1.5000000000000002 3.5000000000000004 8.5000000000000018 1.0000000180025095e-35 5.5000000000000009 6.5000000000000009 42.500000000000007
decision_type=2 2 2 2 2 2 2 2 2 2 2 2 2 2 2 2 2 2 2
left_child=1 2 10 -4 5 6 -5 -3 -9 -10 -1 -11 15 14 -14 -13 -15 -17 -12
right_child=-2 7 3 4 -6 -7 -8 8 9 11 18 12 13 16 -16 17 -18 -19 -20
leaf_value=0.019505699603298295 -0.083726946760208101 0.1203507152872768 -0.062996814210677501 -0.084825758803734483 0.23800595025073693 0.011160204235828156 0.1911404708538369 -0.065576657741267114 -0.16439403281726792 0.097464768605326768 -0.040547088590567743 0.073559514245553834 0.0004274209017792805 -0.050181079518537092 0.33623710746689733 0.072897643236600432 0.034928038850013665 -0.10921546669040912 0.040292776625765095
leaf_weight=120.28606669791043 48.836648978292942 26.063663896173239 32.729483675211668 4.4875166714191463 6.3223302215337744 137.81460500508547 18.281125262379646 33.918533181771636 7.900850072503089 43.491404019296169 382.22199378907681 20.927863959223032 24.922615103423595 56.812772860750556 16.868660073727369 9.7112814299762231 201.28940677270293 44.963336620479822 39.094402156770229
leaf_count=799 455 146 223 26 37 872 125 226 57 248 2685 112 141 359 95 57 1304 274 295
internal_value=0 0.00334825 -0.0097346 0.0216341 0.038459 0.0294214 0.135681 0.023249 0.0175507 0.0242698 -0.0213125 0.0281448 0.0199191 0.0336806 0.139875 -0.0344425 0.0160934 -0.0762634 -0.0329815
internal_weight=0 1228.11 741.238 199.635 166.906 160.583 22.7686 486.87 460.807 426.888 541.602 418.987 375.496 299.893 41.7913 75.6025 258.102 54.6746 421.316
internal_count=8536 8081 5062 1283 1060 1023 151 3019 2873 2647 3779 2590 2342 1899 236 443 1663 331 2980
is_linear=0
shrinkage=0.2


Tree=18
num_leaves=20
num_cat=0
split_feature=9 4 10 3 9 0 2 2 7 7 7 7 7 7 9 10 9 0 9
split_gain=10.1624 15.4161 12.4105 8.19031 7.29934 6.17671 7.09872 5.98641 5.7925 5.08754 18.5833 8.11465 9.76731 6.31179 5.49806 4.47718 4.42095 4.30651 4.26457
threshold=344.50000000000006 -69.999999999999986 3.5000000000000004 1.0000000180025095e-35 284.50000000000006 37.500000000000007 1.5000000000000002 1.0000000180025095e-35 1.0000000180025095e-35 26.500000000000004 23.500000000000004 13.500000000000002 8.5000000000000018 20.500000000000004 251.50000000000003 2.5000000000000004 595.50000000000011 7.5000000000000009 531.50000000000011
decision_type=2 2 2 2 2 2 2 2 2 2 2 2 2 2 2 2 2 2 2
left_child=1 -1 3 5 17 6 -3 16 -5 10 11 12 -10 -13 -11 -12 18 -4 -2
right_child=7 2 4 8 -6 -7 -8 -9 9 14 15 13 -14 -15 -16 -17 -18 -19 -20
leaf_value=-0.17900335160953323 0.064680090212005617 -0.145506420396016 0.10298670961544686 0.13970959989143292 0.10436881372951234 0.016359863131254544 0.059958672953841399 0.013182199830819946 -0.008787490182784562 -0.085338473445691398 0.15426768400081894 -0.052901069348626963 0.068594807914676925 0.038559982429791195 0.038887329786008035 -0.061387416294638654 0.1310225326069612 -0.13937942872974249 -0.098553228099893753
leaf_weight=21.43393611907959 26.160190470516682 37.365849977359176 2.5459386650472871 11.722385440021752 5.5918947234749785 23.046877216547728 7.6816490478813639 467.99109878018498 181.60602416098118 47.574504882097244 38.896915167570114 149.78986419923604 100.86358538083732 37.101872153580189 19.626364424824715 3.8248815163969985 31.171417541801929 46.658587882295251 7.6010909155011168
leaf_count=246 130 334 15 66 33 162 66 2810 1132 372 237 1087 647 246 105 34 217 562 35
internal_value=0 -0.0150983 -0.00997545 -0.0023163 -0.100695 -0.0675635 -0.11002 0.0211477 0.00528538 0.00236955 0.00918249 -0.0024094 0.0189638 -0.0346541 -0.0490259 0.13416 0.0776685 -0.125341 0.0264492
internal_weight=0 735.331 713.897 659.101 54.7964 68.0944 45.0475 532.924 591.006 579.284 512.083 469.361 282.47 186.892 67.2009 42.7218 64.9327 49.2045 33.7613
internal_count=8536 5344 5098 4488 610 562 400 3192 3926 3860 3383 3112 1779 1333 477 271 382 577 165
is_linear=0
shrinkage=0.2


Tree=19
num_leaves=20
num_cat=0
split_feature=9 9 0 0 3 10 4 9 7 0 10 7 1 9 4 4 0 2 10
split_gain=7.36262 5.83159 7.83055 12.0417 8.27689 6.37843 5.29957 5.23102 4.81942 7.71423 7.1632 11.3535 7.72112 4.77997 4.70589 5.259 5.30092 5.40004 5.56063
threshold=59.500000000000007 522.50000000000011 42.500000000000007 46.500000000000007 1.0000000180025095e-35 7.5000000000000009 -69.999999999999986 363.50000000000006 3.5000000000000004 7.5000000000000009 1.0000000180025095e-35 7.5000000000000009 4.5000000000000009 383.50000000000006 13742.500000000002 6902.0000000000009 36.500000000000007 1.0000000180025095e-35 2.5000000000000004
decision_type=2 2 2 2 2 2 2 2 2 2 2 2 2 2 2 2 2 2 2
left_child=-1 2 4 -4 13 6 7 -6 9 -8 11 -10 -12 -2 15 16 -3 -18 -19
right_child=1 14 3 -5 5 -7 8 -9 10 -11 12 -13 -14 -15 -16 -17 17 18 -20
leaf_value=-0.12897780226946962 -0.093788110068676683 0.034940972908590481 0.20730774340194114 0.0019738326063371415 -0.15290243942232765 -0.14809734924917947 -0.16485922438532599 0.04295411928912285 -0.064149964866683826 0.05496608378714845 0.0015703616456686092 0.034380903045076787 -0.057930941123871343 0.022548438132123001 -0.1904566531843748 0.17779946162641702 0.10989549987931645 -0.12521701207252298 0.089151223869791907
leaf_weight=16.618832342326641 66.541805738583207 244.39669578894973 16.256874270737171 34.527581099420786 16.585436845198277 11.260628804564474 6.030310194939374 7.4993174076080313 56.18546187877655 98.137196773663163 198.2701032795012 260.48299472220242 154.8814111854881 17.519239135086536 3.1296181455254546 8.445165138691662 6.3770491108298293 23.558188624680046 5.4035503417253485
leaf_count=534 561 1659 119 264 182 110 31 33 332 512 1262 1538 987 79 18 64 47 167 37
internal_value=0 0.00185778 -0.00577818 0.0699767 -0.0101453 -0.00390947 -0.00172356 -0.0925177 0.00119765 0.04104 -0.0050415 0.0167771 -0.0245996 -0.0695589 0.0265532 0.0294491 0.0244587 -0.0471749 -0.0838543
internal_weight=0 1235.49 944.178 50.7845 893.394 809.333 798.072 24.0848 773.987 104.168 669.82 316.668 353.152 84.061 291.31 288.181 279.735 35.3388 28.9617
internal_count=8536 8002 6010 383 5627 4987 4877 215 4662 543 4119 1870 2249 640 1992 1974 1910 251 204
is_linear=0
shrinkage=0.2


Tree=20
num_leaves=20
num_cat=0
split_feature=8 8 8 7 9 7 7 7 0 8 8 7 7 8 8 9 7 0 7
split_gain=9.64776 49.8888 12.4351 19.1705 11.5173 10.1496 13.439 9.49425 10.0591 9.35813 8.49049 17.1413 14.415 66.4082 15.7095 13.9898 12.679 10.8531 22.126
threshold=7.5000000000000009 6.5000000000000009 9.5000000000000018 3.5000000000000004 604.50000000000011 8.5000000000000018 9.5000000000000018 19.500000000000004 55.500000000000007 10.500000000000002 3.5000000000000004 1.5000000000000002 7.5000000000000009 1.5000000000000002 2.5000000000000004 426.50000000000006 28.500000000000004 17.500000000000004 19.500000000000004
decision_type=2 2 2 2 2 2 2 2 2 2 2 2 2 2 2 2 2 2 2
left_child=1 10 3 -2 5 -5 -7 8 9 -4 12 -12 14 16 -1 17 -14 18 -13
right_child=2 -3 7 4 -6 6 -8 -9 -10 -11 11 15 13 -15 -16 -17 -18 -19 -20
leaf_value=0.030765419325999212 0.17692844741339037 0.23944922462376278 -0.081374443091014312 -0.14313786509940951 0.02137020438840162 0.30033859689580944 -0.053409439588753084 0.14059754026276858 -0.31838233412562134 0.10570697664408038 0.12811949631587488 0.074656193730628512 -0.012904074038955557 0.26167712060032683 -0.10617322465372768 0.024425833128945793 0.13135289915860257 -0.10067078451470531 -0.14388655540079529
leaf_weight=72.660396423190832 15.190144091844557 36.623626172542572 18.584979753941298 53.870424987748265 77.207289934158325 3.5662526935338965 223.40893644653261 28.581794027239084 2.948562152683734 23.044181872159243 27.646830266341567 49.521229911595583 209.0367764569819 47.297474471852183 60.920024130493402 107.04601768776774 26.745108462870121 126.25145573168993 28.495559591799974
leaf_count=422 95 211 140 451 571 20 1735 211 22 187 162 297 1328 296 359 692 159 987 202
internal_value=0 0.0141342 -0.0226012 -0.0373838 -0.0468632 -0.065629 -0.0467794 0.05239 -0.00569905 0.022228 0.00296329 -0.0205141 0.0220655 0.047576 -0.0319556 -0.0340188 0.00386181 -0.0646214 -0.00583944
internal_weight=0 792.244 446.403 373.243 358.053 280.846 226.975 73.1595 44.5777 41.6292 755.621 338.961 416.66 283.079 133.58 311.314 235.782 204.268 78.0168
internal_count=8547 5115 3432 2872 2777 2206 1755 560 349 327 4904 2340 2564 1783 781 2178 1487 1486 499
is_linear=0
shrinkage=0.2


Tree=21
num_leaves=20
num_cat=0
split_feature=8 8 8 7 9 4 7 7 7 7 8 8 0 8 7 9 7 8 7
split_gain=6.36498 35.8822 8.26915 12.9971 9.8191 7.28549 7.25042 6.67942 15.7997 9.63669 67.0898 9.07382 6.50025 5.69931 12.6644 10.2461 9.91195 11.0471 49.5842
threshold=7.5000000000000009 6.5000000000000009 9.5000000000000018 3.5000000000000004 375.50000000000006 2789.5000000000005 18.500000000000004 22.500000000000004 24.500000000000004 15.500000000000002 8.5000000000000018 8.5000000000000018 53.500000000000007 3.5000000000000004 14.500000000000002 243.50000000000003 1.5000000000000002 1.5000000000000002 5.5000000000000009
decision_type=2 2 2 2 2 2 2 2 2 2 2 2 2 2 2 2 2 2 2
left_child=1 13 3 -2 7 -3 12 9 -9 10 -5 -11 -4 16 -15 -16 -1 -18 -19
right_child=2 5 6 4 -6 -7 -8 8 -10 11 -12 -13 -14 14 15 -17 17 18 -20
leaf_value=-0.11297945622984401 0.1492949032281925 0.25828044705790026 0.019895083377393763 -0.14107896651047533 -0.0036728130692578707 0.027767726552210232 0.12128430696677944 0.25085941572230247 -0.063870862532418179 -0.045556007329428355 0.26458297445233486 -0.2128593378063155 -0.21707950399324996 0.021848454778594317 -0.12761237277789059 -0.021341999580620833 0.0065491837548025322 -0.057115021967644425 0.23147260196927483
leaf_weight=20.992839878425002 14.621349642053245 26.519017092883587 38.399448592215776 69.661427600309253 169.97727024555206 7.1292351186275473 28.056537479162216 7.4561867341399184 26.93808383308351 20.865042854100466 20.406417744234204 35.985995894297957 4.422544475644826 167.27980243228376 53.202127711847425 111.85681011527777 296.41422721557319 47.922380978241563 46.003920905292034
leaf_count=118 95 162 306 794 989 49 224 40 277 230 108 339 30 1079 603 658 1850 285 311
internal_value=0 0.011816 -0.0183331 -0.0304488 -0.0382637 0.211281 0.0438432 -0.0705277 0.00865342 -0.0890088 -0.0475956 -0.152993 -0.0082343 0.00256596 -0.0168894 -0.0560615 0.0182873 0.0255713 0.0850195
internal_weight=0 777.32 436.79 365.912 351.29 33.6483 70.8785 181.313 34.3943 146.919 90.0678 56.851 42.822 743.672 332.339 165.059 411.333 390.341 93.9263
internal_count=8547 5115 3432 2872 2777 211 560 1788 317 1471 902 569 336 4904 2340 1261 2564 2446 596
is_linear=0
shrinkage=0.2


Tree=22
num_leaves=20
num_cat=0
split_feature=9 8 8 8 7 7 7 8 0 9 8 0 1 9 4 0 7 0 7
split_gain=5.85908 6.98841 6.75368 11.5232 17.4269 5.10243 6.04887 6.13682 6.03416 5.09276 5.00041 4.81818 4.58086 4.13327 4.06125 3.35276 3.56188 3.29003 3.24664
threshold=139.50000000000003 1.0000000180025095e-35 1.5000000000000002 3.5000000000000004 6.5000000000000009 11.500000000000002 8.5000000000000018 7.5000000000000009 6.5000000000000009 1242.5000000000002 9.5000000000000018 37.500000000000007 4.5000000000000009 122.50000000000001 823.50000000000011 11.500000000000002 4.5000000000000009 45.500000000000007 9.5000000000000018
decision_type=2 2 2 2 2 2 2 2 2 2 2 2 2 2 2 2 2 2 2
left_child=1 -1 15 4 14 6 7 -5 -7 -2 17 -11 -12 -6 -4 -3 -17 -10 -8
right_child=9 2 3 5 13 8 18 -9 10 11 12 -13 -14 -15 -16 16 -18 -19 -20
leaf_value=0.087919939134274511 0.0042965874617658982 0.10163819186470709 -0.17342277626747105 0.026929472906688415 0.3238855759012268 0.19353339081906062 0.28247874017054259 -0.15311220038792392 -0.13581587172231063 0.12267399898468477 0.13303639450069565 -0.11900772235449693 -0.12397985351545515 0.052210932849550723 0.068402127900095269 0.055751863400712358 -0.16717572355976046 0.13078610059161774 0.049791492860320169
leaf_weight=16.525324489921331 989.24334452114999 1.8095576204359556 6.5481064300984162 17.996746096760038 8.827317148447035 2.151553636416792 2.653165988624095 11.997316078282891 49.001879350282252 23.56170362979174 5.8035159856080991 3.1424059998244038 3.9652728289365768 3.3885071650147429 3.8783970307558775 2.8057727515697506 26.483657538890839 1.2947309613227833 9.3279549069702608
leaf_count=120 6149 9 66 175 56 17 19 179 959 220 33 28 21 19 32 16 316 9 104
internal_value=0 -0.0329303 -0.0459682 -0.0250881 0.101838 -0.0532566 0.000755671 -0.0472649 -0.0892275 0.00666165 -0.101851 0.0915091 0.0271739 0.256628 -0.0850562 -0.128266 -0.144874 -0.126945 0.116255
internal_weight=0 174.459 157.933 126.834 22.6423 104.192 41.9752 29.9941 62.217 1015.95 60.0654 26.7041 9.76879 12.2158 10.4265 31.099 29.2894 50.2966 11.9811
internal_count=8547 2150 2030 1689 173 1516 477 354 1039 6397 1022 248 54 75 98 341 332 968 123
is_linear=0
shrinkage=0.2


Tree=23
num_leaves=20
num_cat=0
split_feature=3 9 9 9 4 1 4 4 4 4 5 1 4 7 8 8 8 9 7
split_gain=4.09443 7.15274 4.59424 3.88013 3.74566 3.64015 3.32539 7.79376 5.43107 5.39056 4.61612 4.27797 4.22987 3.40513 6.43429 3.62759 3.23567 6.23404 3.21494
threshold=1.5000000000000002 139.50000000000003 137.50000000000003 1324.0000000000002 2506.0000000000005 7.5000000000000009 12243.500000000002 8907.5000000000018 4452.5000000000009 2945.5000000000005 1.0000000180025095e-35 3.5000000000000004 6902.0000000000009 3.5000000000000004 4.5000000000000009 9.5000000000000018 1.0000000180025095e-35 604.50000000000011 26.500000000000004
decision_type=2 2 2 2 2 2 2 2 2 2 2 2 2 2 2 2 2 2 2
left_child=1 2 18 6 16 -6 7 8 9 13 11 -10 -12 14 -3 -15 17 -2 -1
right_child=4 3 -4 -5 5 -7 -8 -9 10 -11 12 -13 -14 15 -16 -17 -18 -19 -20
leaf_value=-0.037795143018022517 0.09274525361156076 -0.039369029616584818 -0.2800107815499186 0.1017568826746939 0.028663031077039821 0.1202537782068875 -0.13946540795004259 0.21981062575548538 0.0084437317744203485 0.075450515505002438 -0.063042742275889449 -0.22018887094112505 0.16553979814136 -0.014602235860551305 0.091341131244661589 0.067624489322187384 -0.00072522393100580033 -0.13036867210936851 -0.1641753973684735
leaf_weight=84.918200225569308 32.777381829917431 24.496052205562592 2.8474422357976428 13.542635541409252 80.807958757504821 21.592989549040794 6.27170206606388 5.4541988484561434 4.4191120751202115 35.058760542422533 12.062453627586363 11.175724938511847 3.4970344267785558 438.31437214836478 36.80540818721056 21.750591486692429 331.10174398496747 5.1405209973454467 8.216066640801726
leaf_count=1160 183 126 22 137 547 146 35 40 27 221 74 74 24 2818 217 184 2277 41 194
internal_value=0 -0.00892642 -0.0594458 -0.000944713 0.0151066 0.0487865 -0.00340274 -0.00177126 -0.00413465 0.000471322 -0.0842802 -0.158243 -0.00589726 -0.00468227 0.0392809 -0.0106002 0.00567231 0.0603572 -0.0502932
internal_weight=0 708.83 95.9817 612.848 471.421 102.401 599.305 593.034 587.58 556.425 31.1543 15.5948 15.5595 521.366 61.3015 460.065 369.02 37.9179 93.1343
internal_count=8547 5353 1376 3977 3194 693 3840 3805 3765 3566 199 101 98 3345 343 3002 2501 224 1354
is_linear=0
shrinkage=0.2


Tree=24
num_leaves=20
num_cat=0
split_feature=8 8 4 7 8 8 1 9 9 7 10 7 8 7 7 8 4 4 8
split_gain=3.9671 25.8613 5.73477 5.30862 6.93741 5.26245 13.2462 6.73636 9.17398 6.70822 7.44355 12.1765 7.77375 16.0245 10.2343 12.1194 6.33476 6.26817 6.22257
threshold=7.5000000000000009 6.5000000000000009 2789.5000000000005 1.0000000180025095e-35 5.5000000000000009 3.5000000000000004 7.5000000000000009 797.50000000000011 732.50000000000011 1.5000000000000002 1.0000000180025095e-35 16.500000000000004 1.5000000000000002 8.5000000000000018 4.5000000000000009 1.0000000180025095e-35 4452.5000000000009 566.50000000000011 1.0000000180025095e-35
decision_type=2 2 2 2 2 2 2 2 2 2 2 2 2 2 2 2 2 2 2
left_child=1 3 -3 4 -1 9 7 8 -7 -5 11 18 14 17 -12 -16 -9 -14 -11
right_child=-2 2 -4 5 -6 6 -8 16 -10 10 12 -13 13 -15 15 -17 -18 -19 -20
leaf_value=-0.032024025008209174 -0.015116953457490603 0.23150193133882491 0.022822178280530257 -0.10419172936587018 0.25103049247030568 -0.045520128771604287 0.059046557541130931 0.079973089188178872 -0.28183589687398347 -0.058144315699896601 0.17205927248890532 0.12919608971670452 -0.1062030985544398 0.21764667579603125 0.048216843775727956 -0.069293162387659354 -0.22504648953832468 0.066531948799768648 0.046432774712732647
leaf_weight=6.0045743063092214 415.43567708134651 23.841635372489694 6.9447162039577952 17.413302918896079 6.8501087985932827 215.35902798175812 65.963554142974317 25.840510927140716 5.9926758483052245 32.993985440582037 9.3466551825404149 54.259172068908811 15.558367441408334 17.130566515028477 49.175530474632978 117.82166072539985 2.2317579090595236 16.456216564401984 68.858384478837252
leaf_count=35 3432 162 49 97 39 1517 471 238 40 183 53 337 110 120 300 832 21 109 402
internal_value=0 0.00917947 0.18626 0.00147987 0.124878 -0.000882578 -0.0201614 -0.0412351 -0.0529449 0.0143659 0.01999 0.0534362 -0.00327651 0.0664024 -0.022915 -0.0346229 0.0499683 -0.0179748 0.0123604
internal_weight=0 758.042 30.7864 727.256 12.8547 714.401 315.388 249.424 221.352 399.014 381.601 156.112 225.489 49.1452 176.344 166.997 28.0723 32.0146 101.852
internal_count=8547 5115 211 4904 74 4830 2287 1816 1557 2543 2446 922 1524 339 1185 1132 259 219 585
is_linear=0
shrinkage=0.2


Tree=25
num_leaves=20
num_cat=0
split_feature=9 4 10 4 0 4 9 4 6 0 0 7 0 2 0 0 1 4 7
split_gain=3.68841 7.67548 6.4357 5.57719 4.26161 3.94925 4.53055 3.81352 3.75539 3.49752 3.44856 6.11854 3.37655 3.36841 3.26356 4.19422 3.99257 3.65003 3.23846
threshold=344.50000000000006 -69.999999999999986 3.5000000000000004 9434.0000000000018 18.500000000000004 12243.500000000002 194.50000000000003 13742.500000000002 1.0000000180025095e-35 62.500000000000007 41.500000000000007 5.5000000000000009 50.500000000000007 1.0000000180025095e-35 32.500000000000007 19.500000000000004 6.5000000000000009 947.50000000000011 19.500000000000004
decision_type=2 2 2 2 2 2 2 2 2 2 2 2 2 2 2 2 2 2 2
left_child=1 -1 3 8 18 -5 -7 13 9 10 -3 -12 -13 -2 15 -10 17 -16 -4
right_child=7 2 4 5 -6 6 -8 -9 14 -11 11 12 -14 -15 16 -17 -18 -19 -20
leaf_value=-0.14821964965297738 0.059800188442917818 -0.00099699088684163865 0.052238735736858138 0.21484500351080743 -0.12928980846607388 0.17277575722589844 -0.091871590304883927 -0.14067490532571381 -0.024389848629130892 -0.16700463815307776 -0.084614071449772843 0.16481600874644817 0.026019342597158285 0.0093410609131120686 -0.151369465566425 -0.143229294302059 0.18522093526493522 0.08574304303303093 -0.11318928496608666
leaf_weight=14.685916304588316 59.360197341069579 478.82747243531048 12.754441583529116 7.1820290619507459 26.043492652475834 3.6106497487053257 5.3995633125305176 5.5192465968430033 29.731189420446754 4.0248274505138388 8.1655070055276138 15.747380992397668 12.779971595853565 442.59497817791998 4.5239505963399989 19.441211449913681 3.9924011826515189 4.2921737190335989 6.4391772523522368
leaf_count=240 377 3536 140 53 364 29 30 30 248 26 60 116 95 2793 45 197 32 33 103
internal_value=0 -0.00920547 -0.00584357 -0.000291831 -0.0778744 0.112557 0.0197982 0.013473 -0.00358967 0.00199145 0.00357667 0.0619655 0.105125 0.015397 -0.0497818 -0.0729697 0.0382626 -0.0384808 -0.00564684
internal_weight=0 657.641 642.955 597.718 45.2371 16.1922 9.01021 507.474 581.526 519.545 515.52 36.6929 28.5274 501.955 61.9809 49.1724 12.8085 8.81612 19.1936
internal_count=8547 5347 5107 4500 607 112 59 3200 4388 3833 3807 271 211 3170 555 445 110 78 243
is_linear=0
shrinkage=0.2


Tree=26
num_leaves=20
num_cat=0
split_feature=7 8 0 7 4 0 7 0 8 8 8 8 7 7 7 8 0 8 8
split_gain=3.51286 10.6361 9.13564 7.57917 6.79414 6.44751 6.12345 9.40958 7.37781 13.4257 9.09253 11.5087 8.48452 6.49438 5.52442 15.9261 8.76045 5.56284 5.61276
threshold=27.500000000000004 1.0000000180025095e-35 12.500000000000002 23.500000000000004 235.50000000000003 37.500000000000007 14.500000000000002 11.500000000000002 8.5000000000000018 9.5000000000000018 7.5000000000000009 6.5000000000000009 3.5000000000000004 10.500000000000002 19.500000000000004 1.0000000180025095e-35 23.500000000000004 5.5000000000000009 4.5000000000000009
decision_type=2 2 2 2 2 2 2 2 2 2 2 2 2 2 2 2 2 2 2
left_child=3 2 -2 6 -5 -3 8 -8 10 -10 11 -1 -12 -14 -9 -16 -17 18 -18
right_child=1 5 -4 4 -6 -7 7 14 9 -11 12 -13 13 -15 15 16 17 -19 -20
leaf_value=0.011321020741692604 -0.15761966965545915 -0.10177034096941998 0.13720412270708271 -0.017522832419968843 0.085791741480888029 0.067870177862071016 0.064502614517545326 -0.054754578532967904 0.19107610525192148 -0.0043733305363686933 0.12813214774093348 0.18204059569164366 -0.098978801374741132 -0.012158440645511297 0.23831632874348535 -0.079978609785241073 0.063736630385967941 0.12040034505129116 -0.15046223949511434
leaf_weight=388.79512528888881 4.5849856138229397 58.526702978648245 19.13303979113698 37.449173089116812 77.109523136168718 9.9593007313087565 41.695225819014013 202.45183729194105 23.450880993157625 33.307919185608625 10.423412008211015 15.644204474985598 64.064507957547903 74.063576973043382 9.4974552094936353 48.497926427982748 10.433008607476951 19.237876576371491 7.8768843729048958
leaf_count=2461 36 522 125 332 577 88 302 1551 138 269 74 122 593 627 54 373 75 160 68
internal_value=0 -0.0367924 0.0768151 0.00373338 0.0521349 -0.0765847 -0.00214707 -0.0236344 0.00983928 0.077967 0.00274051 0.0182833 -0.0394422 -0.0527762 -0.036111 0.00352493 -0.024416 0.0475278 -0.0309355
internal_weight=0 92.204 23.718 1064 114.559 68.486 949.44 339.69 609.75 56.7588 552.991 404.439 148.551 138.128 297.995 95.5432 86.0457 37.5478 18.3099
internal_count=8547 771 161 7776 909 610 6867 2583 4284 407 3877 2583 1294 1220 2281 730 676 303 143
is_linear=0
shrinkage=0.2


Tree=27
num_leaves=20
num_cat=0
split_feature=9 4 6 4 4 4 1 0 4 4 0 1 1 9 9 8 8 0 9
split_gain=3.39791 4.09733 6.08413 3.70509 3.55328 3.44721 4.30317 3.4353 4.05485 3.4195 4.53145 3.62795 3.2576 3.08193 5.02667 2.99301 3.46264 2.78472 2.67153
threshold=139.50000000000003 180.50000000000003 1.0000000180025095e-35 48.500000000000007 1138.5000000000002 4.5000000000000009 2.5000000000000004 16.500000000000004 586.50000000000011 3869.0000000000005 12.500000000000002 4.5000000000000009 8.5000000000000018 80.500000000000014 61.500000000000007 9.5000000000000018 7.5000000000000009 41.500000000000007 1242.5000000000002
decision_type=2 2 2 2 2 2 2 2 2 2 2 2 2 2 2 2 2 2 2
left_child=1 3 4 5 7 -1 -7 8 12 11 -11 13 -3 14 -6 16 -9 -12 -2
right_child=18 2 -4 -5 9 6 -8 15 -10 10 17 -13 -14 -15 -16 -17 -18 -19 -20
leaf_value=-0.0755097627646205 0.0032787247954427822 -0.029402653100976089 -0.12822748860686439 -0.14856733022929164 -0.1313607525648936 -0.15402719199165879 0.15775524742776578 0.014847313509669875 0.18696785367494415 0.27197165190076283 -0.041969678978752145 -0.1334453230744119 0.17744159714695748 -0.047462975749998339 0.26439833483125047 0.1507951646224307 -0.15119545398102285 0.18099659767861151 0.070307316553487001
leaf_weight=17.918465793132786 965.46591348573565 10.960359338670971 13.673308806493877 17.158798865042627 1.3687092931941176 1.6779533531516779 5.8142583649605513 19.143878044560559 10.669967905618249 2.1258319318294516 11.505983585491775 15.156361579895018 3.2999480022117487 14.695603802800177 2.7726062340661883 3.5514010898768893 5.9244013419374815 1.9096118211746205 23.561318069696426
leaf_count=345 6149 106 226 253 55 37 90 245 90 14 151 164 29 125 35 20 154 11 248
internal_value=0 -0.026467 -0.00691265 -0.0789443 0.0100727 -0.0287245 0.0795456 0.0454545 0.0984423 -0.0282956 0.0477321 -0.0633634 0.0255767 -0.00372888 0.133506 -0.0021735 -0.0279749 -0.00155151 0.00493303
internal_weight=0 159.327 116.758 42.5695 103.085 25.4107 7.49221 53.55 24.9303 49.5347 15.5414 33.9933 14.2603 18.8369 4.14132 28.6197 25.0683 13.4156 989.027
internal_count=8547 2150 1425 725 1199 472 127 644 225 555 176 379 135 215 90 419 399 162 6397
is_linear=0
shrinkage=0.2


Tree=28
num_leaves=20
num_cat=0
split_feature=9 4 10 4 4 9 9 9 10 3 7 9 7 9 9 1 7 7 4
split_gain=2.74893 5.47892 4.55881 3.30494 6.43165 7.39837 4.07569 4.58452 3.93643 6.45252 4.53605 4.56082 4.47924 4.19908 4.17661 3.99225 3.82868 5.27501 3.57034
threshold=344.50000000000006 -69.999999999999986 3.5000000000000004 976.50000000000011 594.50000000000011 164.50000000000003 296.50000000000006 164.50000000000003 1.0000000180025095e-35 1.0000000180025095e-35 7.5000000000000009 162.50000000000003 3.5000000000000004 290.50000000000006 204.50000000000003 7.5000000000000009 4.5000000000000009 16.500000000000004 1081.5000000000002
decision_type=2 2 2 2 2 2 2 2 2 2 2 2 2 2 2 2 2 2 2
left_child=1 -1 3 4 8 -6 7 18 10 -10 11 -3 -11 15 -13 -12 -7 -18 -5
right_child=-2 2 -4 6 5 16 -8 -9 9 12 13 14 -14 -15 -16 -17 17 -19 -20
leaf_value=-0.13367092300990019 0.011498798651003513 -0.10752659305485807 -0.067737156497578374 0.13698923241393482 0.022937973823425439 -0.22747018918513373 -0.050058739770643339 0.051336623717237698 -0.16824417125705907 0.07994370572037951 0.0035923530079833114 0.13016715133719467 -0.026943225369923097 0.14419613387154584 -0.028479818736197673 0.1022034085579263 -0.0080258093870717428 -0.15976202819532925 -0.020795002522297677
leaf_weight=12.80834900960326 502.45476733148098 17.155292958952487 42.989590742625296 5.3675007140263906 23.388554530218244 8.9725779592990857 30.539757631719112 125.08423282951117 10.613618364557622 17.617819415405393 62.944372299127281 8.6474708728492278 104.23663062043488 14.345410257577894 21.467765256762505 21.421386750414968 18.935138590633869 17.101499855518341 77.04654052387923
leaf_count=240 3200 158 607 52 235 45 184 746 160 102 520 55 894 86 130 155 132 122 724
internal_value=0 -0.00824666 -0.00551531 -0.000852612 -0.0132952 -0.0678512 0.0172609 0.0273287 0.000267294 -0.0246157 0.0228583 -0.0277609 -0.011054 0.047128 0.0193402 0.0293811 -0.114591 -0.0820055 -0.00925776
internal_weight=0 640.684 627.875 584.886 346.848 68.3978 238.038 207.498 278.45 132.468 145.982 47.2705 121.854 98.7112 30.1152 84.3658 45.0092 36.0366 82.414
internal_count=8547 5347 5107 4500 2794 534 1706 1522 2260 1156 1104 343 996 761 185 675 299 254 776
is_linear=0
shrinkage=0.2


Tree=29
num_leaves=20
num_cat=0
split_feature=1 7 7 7 8 5 9 2 8 5 7 7 8 8 8 10 8 7 7
split_gain=2.50854 4.73573 5.46475 4.7509 3.64133 3.31513 3.16424 4.38795 4.23068 10.7377 9.32985 5.97177 6.70822 10.2631 5.99936 13.987 8.43221 25.7585 8.57472
threshold=1.0000000180025095e-35 23.500000000000004 26.500000000000004 13.500000000000002 6.5000000000000009 1.0000000180025095e-35 412.50000000000006 1.0000000180025095e-35 1.0000000180025095e-35 1.0000000180025095e-35 19.500000000000004 27.500000000000004 5.5000000000000009 7.5000000000000009 1.5000000000000002 1.0000000180025095e-35 4.5000000000000009 8.5000000000000018 26.500000000000004
decision_type=2 2 2 2 2 2 2 2 2 2 2 2 2 2 2 2 2 2 2
left_child=1 3 -3 -1 5 -4 8 -8 9 -2 -11 14 -13 -14 15 -10 17 -16 -19
right_child=6 2 4 -5 -6 -7 7 -9 11 10 -12 12 13 -15 16 -17 -18 18 -20
leaf_value=0.040521845976059991 0.10817047300117794 0.20879602882687773 0.0018576571643168724 -0.043242427132162059 -0.12611317372013031 0.22454510594546401 0.072354978160599909 0.0037340915609654136 0.052674087354259463 -0.091444138863851956 0.17764761927401229 -0.15974947504180162 0.26188810896323123 -0.089399153154578304 -0.04702080255290543 -0.10261454444573492 -0.014620067911073432 0.22686828402217848 -0.01808808499564208
leaf_weight=68.064803842455149 36.759314112365246 10.271619386039676 7.5482080392539483 43.820031298324466 3.9710147343575946 3.3245972292497754 41.485300267115235 313.90577529557049 33.172508662566543 28.944960173219442 5.4385713860392562 22.750599728431553 3.840292075648903 10.756511148065327 42.902431902475655 73.213279976509511 349.16869369428605 29.039119698107243 6.9247693419456473
leaf_count=472 217 71 69 339 30 31 281 2068 176 172 26 252 24 122 269 561 3116 197 54
internal_value=0 0.0255494 0.102547 0.00763862 0.0218748 0.0810255 -0.00323338 0.0118939 -0.0116001 0.034133 -0.0457029 -0.0173316 -0.0937699 0.0121226 -0.0118529 -0.0541606 -0.00125328 0.057463 0.180357
internal_weight=0 137 25.1154 111.885 14.8438 10.8728 998.302 355.391 642.911 71.1428 34.3835 571.768 37.3474 14.5968 534.421 106.386 428.035 78.8663 35.9639
internal_count=8547 1012 201 811 130 100 7535 2349 5186 415 198 4771 398 146 4373 737 3636 520 251
is_linear=0
shrinkage=0.2


Tree=30
num_leaves=20
num_cat=0
split_feature=7 7 8 8 8 7 8 0 1 8 9 8 9 8 8 4 10 4 8
split_gain=3.47678 7.50349 11.0375 10.8995 11.1292 7.97102 7.58953 7.39104 6.64176 6.3811 6.90445 6.66935 6.28256 5.97586 10.3012 5.72127 5.65185 8.92417 5.44911
threshold=14.500000000000002 19.500000000000004 1.0000000180025095e-35 5.5000000000000009 6.5000000000000009 26.500000000000004 8.5000000000000018 15.500000000000002 7.5000000000000009 8.5000000000000018 243.50000000000003 1.0000000180025095e-35 694.50000000000011 8.5000000000000018 9.5000000000000018 1424.0000000000002 1.0000000180025095e-35 2333.0000000000005 10.500000000000002
decision_type=2 2 2 2 2 2 2 2 2 2 2 2 2 2 2 2 2 2 2
left_child=13 7 -3 12 -5 -6 -7 9 -9 10 -2 -12 15 -1 -15 -4 -10 -18 -16
right_child=1 2 3 4 5 6 -8 8 16 -11 11 -13 -14 14 18 -17 17 -19 -20
leaf_value=0.0049240262079848218 -0.044314208553212303 0.11135634038998599 -0.084109092083572423 0.21891026125073246 0.05003409887073889 -0.11862247915042622 0.088877891355566535 -0.082074918188542498 0.12488487657713354 -0.08730083282721994 -0.08323514412964278 0.14481905699468006 0.059679490005932138 0.17456816063942271 -0.097282295161287058 0.020614350714610041 -0.12051194444620519 0.20701630348690811 0.064659894933418213
leaf_weight=541.3543483838439 19.023794431239367 36.591544818133116 92.573912792373449 11.327712742611764 86.889836949296296 25.078359600156546 9.0002963282167894 127.19307902082801 11.866377300582828 17.175746383145452 5.6903369799256316 27.512524429708719 19.546017978340387 22.655844569206238 12.797483183443545 26.503888603765517 14.026125204749407 3.4891471099108449 20.480745382606983
leaf_count=3875 173 257 813 71 710 238 72 1030 85 127 35 173 169 142 98 206 113 25 175
internal_value=0 -0.0107939 0.00953741 -0.00451219 0.0364353 0.0179753 -0.0630122 -0.0383946 -0.0623769 0.015808 0.050551 0.10466 -0.0435749 0.0114052 0.073145 -0.0608188 0.0228083 -0.048864 0.00153313
internal_weight=0 533.489 307.512 270.92 132.296 120.968 34.0787 225.977 156.575 69.4024 52.2267 33.2029 138.624 597.288 55.9341 119.078 29.3816 17.5153 33.2782
internal_count=8587 4297 2536 2279 1091 1020 310 1761 1253 508 381 208 1188 4290 415 1019 223 138 273
is_linear=0
shrinkage=0.2


Tree=31
num_leaves=20
num_cat=0
split_feature=9 0 4 4 0 9 7 7 7 8 8 5 7 8 8 8 9 8 0
split_gain=2.9941 3.30819 3.86807 8.59044 2.77361 5.08193 2.63693 4.32009 4.54202 5.8024 15.0678 6.78557 13.975 5.297 6.25613 5.77301 13.0123 10.7618 5.18447
threshold=1242.5000000000002 37.500000000000007 428.50000000000006 280.50000000000006 4.5000000000000009 162.50000000000003 27.500000000000004 23.500000000000004 14.500000000000002 4.5000000000000009 1.5000000000000002 1.0000000180025095e-35 19.500000000000004 8.5000000000000018 9.5000000000000018 7.5000000000000009 284.50000000000006 6.5000000000000009 11.500000000000002
decision_type=2 2 2 2 2 2 2 2 2 2 2 2 2 2 2 2 2 2 2
left_child=4 2 3 -2 5 -1 7 8 13 10 11 -10 -13 15 -15 17 -17 -6 -18
right_child=1 -3 -4 -5 6 -7 -8 -9 9 -11 -12 12 -14 14 -16 16 18 -19 -20
leaf_value=-0.068923736479664238 0.1096473084537517 -0.11253973469718355 0.17412418181505396 -0.31877821753779467 0.0069727319341714947 0.17811178096284819 -0.035430007006913969 0.038979049824657344 0.037534493226191283 -0.040592483307989632 0.22230060294472473 -0.12445310275193111 0.20621443663305611 0.14964800106729767 0.01053990323688783 -0.12229072964533381 -0.09362626455957071 0.17885066643227443 0.028285467010096446
leaf_weight=4.7242312990128985 6.1565680727362695 2.6414973940700284 11.149189427495001 1.7293961904942987 369.74316307436675 8.1576546132564527 84.585572955198586 107.09641676396132 48.143006322905421 219.34486170858145 11.75323008187115 32.385513553395867 5.2720830366015425 20.946084035560489 32.182606030255556 44.19259066041559 15.979625083506106 14.345287544652818 81.434383809566498
leaf_count=27 73 25 128 20 2357 71 753 886 332 1812 89 219 27 138 263 667 92 121 487
internal_value=0 0.0731214 0.102504 -0.00567868 -0.00057019 0.0888248 -0.00169601 0.00117627 -0.00337543 -0.0225915 0.0178838 -0.0119758 -0.0747172 0.00716236 0.066839 0.00103555 -0.033366 0.0137633 0.00766643
internal_weight=0 21.6767 19.0352 7.88596 1100.29 12.8819 1087.4 1002.82 895.722 316.899 97.5538 85.8006 37.6576 578.824 53.1287 525.695 141.607 384.088 97.414
internal_count=8587 246 221 93 8341 98 8243 7490 6604 2479 667 578 246 4125 401 3724 1246 2478 579
is_linear=0
shrinkage=0.2


Tree=32
num_leaves=20
num_cat=0
split_feature=9 7 2 9 9 7 2 8 9 8 4 7 8 9 8 4 8 7 8
split_gain=2.26277 4.64737 3.01143 3.57912 7.02098 4.31426 3.91812 3.55144 3.24232 5.13697 6.6695 2.67694 4.26801 6.11851 3.95517 4.99728 3.90566 3.78615 3.65228
threshold=933.50000000000011 2.5000000000000004 1.0000000180025095e-35 1150.5000000000002 1172.0000000000002 6.5000000000000009 1.5000000000000002 2.5000000000000004 1572.5000000000002 4.5000000000000009 196.50000000000003 27.500000000000004 3.5000000000000004 174.50000000000003 4.5000000000000009 529.50000000000011 9.5000000000000018 28.500000000000004 7.5000000000000009
decision_type=2 2 2 2 2 2 2 2 2 2 2 2 2 2 2 2 2 2 2
left_child=11 -2 -3 5 -5 -4 8 -8 9 -6 -11 -1 13 -13 -14 16 -16 -15 -17
right_child=1 2 3 4 6 -7 7 -9 -10 10 -12 12 14 17 15 18 -18 -19 -20
leaf_value=0.001600094079759074 -0.15604678172194617 0.15891740593117812 -0.091763223105002498 -0.31413128151160236 0.092712313850032424 0.11760690254778275 -0.10191890597379526 0.19282680250449336 0.10110370836283207 0.096660334846950913 -0.27810616248881964 -0.17758459599639304 -0.1658793883405387 -0.082915541646960286 -0.0020116896567842764 -0.021206326069664619 0.23225298705377095 0.10764200822152609 -0.17412940571929017
leaf_weight=967.12667216872796 3.8350200392305842 8.1718437336385232 4.1092407330870655 2.0820747092366245 3.5095670484006432 22.109253831207752 1.5814687833189953 5.8952048681676388 3.9102821126580229 2.1671840213239175 5.8622559867799282 4.0479264240711954 11.959462724626063 4.6391297876834896 14.99146112939343 13.416156359482558 2.6815413907170287 18.740940000861883 11.309997132979332
leaf_count=7213 41 92 38 18 35 204 18 77 45 23 58 39 105 27 176 116 20 140 102
internal_value=0 0.0373678 0.0518301 0.03249 -0.0214142 0.0829867 0.0151973 0.126535 -0.0423818 -0.0945207 -0.177375 -0.00135043 -0.0359065 0.0278585 -0.068016 -0.037762 0.0423411 0.0682877 -0.0945321
internal_weight=0 63.2334 59.3984 51.2265 25.008 26.2185 22.926 7.47667 15.4493 11.539 8.02944 1048.91 81.7866 27.428 54.3586 42.3992 17.673 23.3801 24.7262
internal_count=8587 649 608 516 274 242 256 95 161 116 81 7938 725 206 519 414 196 167 218
is_linear=0
shrinkage=0.2


Tree=33
num_leaves=20
num_cat=0
split_feature=8 0 0 0 4 8 8 0 9 9 7 8 0 1 0 0 7 4 0
split_gain=2.13108 4.77992 4.9271 2.61336 3.65766 2.3079 12.3538 6.4883 5.30619 4.11131 3.50335 5.58916 3.36548 3.13201 5.28061 3.488 6.03816 3.58644 4.58804
threshold=10.500000000000002 55.500000000000007 27.500000000000004 4.5000000000000009 1158.5000000000002 7.5000000000000009 6.5000000000000009 9.5000000000000018 642.50000000000011 707.50000000000011 1.0000000180025095e-35 5.5000000000000009 28.500000000000004 1.0000000180025095e-35 11.500000000000002 7.5000000000000009 3.5000000000000004 912.50000000000011 42.500000000000007
decision_type=2 2 2 2 2 2 2 2 2 2 2 2 2 2 2 2 2 2 2
left_child=3 2 -2 4 -1 6 10 -8 -7 -10 11 -5 -11 14 -12 16 -15 18 -17
right_child=1 -3 -4 5 -6 8 7 -9 9 12 13 -13 -14 15 -16 17 -18 -19 -20
leaf_value=0.14697124600032094 0.020172087328960399 -0.16653727281798458 0.20309676205155638 -0.035884051933459192 -0.096651759700020629 -0.025803154051841193 -0.12153840371373328 0.17424899164789165 0.12617226170351917 0.036210501268091895 -0.084248703520725679 0.2219701717924937 -0.085272887068927494 -0.14321711249553951 0.058039985256395699 -0.028092908960142507 0.14376563760321429 0.0090303854847298606 0.085249708370934207
leaf_weight=9.1574573833495361 18.073160663247116 2.7446827366948119 8.0652579851448518 5.9842708073556405 2.6334137581288806 301.35066760098562 2.7983425706625011 22.796597728505731 14.871384255588053 39.39512912184 11.657425248995422 6.3045044057071209 10.975593566894529 3.035530872642993 64.570172635838389 321.78156630601734 12.57866142503917 235.51383514842018 14.156814087182282
leaf_count=73 157 18 79 35 21 2627 23 187 95 353 78 39 94 18 460 2419 95 1606 110
internal_value=0 0.053599 0.0811203 -0.000696068 0.0897868 -0.00176406 0.00495904 0.139114 -0.0146054 0.0367915 -0.00028765 0.102067 0.00878831 -0.0023089 0.0356081 -0.00727547 0.0835692 -0.00987506 -0.0231186
internal_weight=0 28.8831 26.1384 1079.56 11.7909 1067.77 701.178 25.5949 366.593 65.2421 675.583 12.2888 50.3707 663.294 76.2276 587.066 15.6142 571.452 335.938
internal_count=8587 254 236 8333 94 8239 5070 210 3169 542 4860 74 447 4786 538 4248 113 4135 2529
is_linear=0
shrinkage=0.2


Tree=34
num_leaves=20
num_cat=0
split_feature=3 0 0 0 8 4 0 4 4 4 0 7 7 4 7 4 7 7 8
split_gain=2.27007 3.95251 7.54032 3.28582 5.54211 6.62662 3.4934 3.35413 6.25529 4.42854 3.11196 4.683 5.56398 4.45968 3.679 2.43285 2.53098 2.8283 2.32803
threshold=1.5000000000000002 57.500000000000007 41.500000000000007 29.500000000000004 9.5000000000000018 2139.5000000000005 34.500000000000007 538.50000000000011 613.50000000000011 359.00000000000006 25.500000000000004 12.500000000000002 1.5000000000000002 313.50000000000006 5.5000000000000009 2.5000000000000004 4.5000000000000009 23.500000000000004 7.5000000000000009
decision_type=2 2 2 2 2 2 2 2 2 2 2 2 2 2 2 2 2 2 2
left_child=-1 2 3 7 5 15 -7 9 -9 10 11 12 -2 -13 -12 -5 -17 -18 -11
right_child=1 -3 -4 4 -6 6 -8 8 -10 18 14 13 -14 -15 -16 16 17 -19 -20
leaf_value=-0.0066666111984508246 -0.11380830742732639 -0.17062407032362512 0.13369700856445826 0.0055969821474982397 0.16595327077469668 0.14355028519855403 -0.014485203913354928 -0.14949773886814163 0.0075699280839605634 0.15356224866844104 -0.053412514966446528 -0.0077269700001428151 0.079891045957771009 -0.19565380149501074 0.17896719550272278 0.006176856289906699 -0.15129357046938724 -0.016638361075062873 0.023477355801201093
leaf_weight=657.78438077727333 6.043848752975463 3.8749105818569651 19.19012925028801 10.823061834089456 4.7028848379850379 8.516785707324745 13.607929656282066 9.9339571055024845 175.2150430586189 17.230181968770925 3.3531946856528512 59.02967207506299 46.472171487286687 4.7040456384420386 8.8299727295525354 7.4063503062352529 27.615587848238647 8.2761926753446442 8.4034958668053132
leaf_count=5372 40 28 160 84 40 66 92 65 1246 114 20 464 304 30 73 50 199 72 68
internal_value=0 0.0118363 0.0137635 0.00803354 -0.0279843 -0.0416015 0.0493349 0.0166759 -0.00148573 0.0383928 0.0228761 0.0124003 0.0561778 -0.0239299 0.11568 -0.0789596 -0.0998042 -0.12132 0.112986
internal_weight=0 443.229 439.355 420.164 80.9488 76.2459 22.1247 339.216 185.149 154.067 128.433 116.25 52.516 63.7337 12.1832 54.1212 43.2981 35.8918 25.6337
internal_count=8587 3215 3187 3027 603 563 158 2424 1311 1113 931 838 344 494 93 405 321 271 182
is_linear=0
shrinkage=0.2


Tree=35
num_leaves=20
num_cat=0
split_feature=9 4 4 1 4 3 1 10 5 9 9 9 9 9 9 9 1 7 9
split_gain=1.77845 2.52578 4.88808 1.76968 3.35667 1.808 2.68975 3.92162 3.04524 2.81692 3.625 2.76959 2.85423 2.47622 3.22228 4.73713 2.54975 2.46703 2.43387
threshold=1242.5000000000002 428.50000000000006 196.50000000000003 10.500000000000002 520.50000000000011 1.5000000000000002 8.5000000000000018 1.0000000180025095e-35 1.0000000180025095e-35 144.50000000000003 504.50000000000006 1150.5000000000002 1023.5000000000001 595.50000000000011 408.50000000000006 398.50000000000006 6.5000000000000009 7.5000000000000009 106.50000000000001
decision_type=2 2 2 2 2 2 2 2 2 2 2 2 2 2 2 2 2 2 2
left_child=3 2 -2 5 -5 -1 11 8 -8 18 -11 12 13 14 15 -7 -15 -16 -9
right_child=1 -3 -4 4 -6 6 7 9 -10 10 -12 -13 -14 16 17 -17 -18 -19 -20
leaf_value=-0.0064621275085793451 0.10657088962261048 0.11434889891181686 -0.1814917610573594 0.069627326403647785 -0.1938263496403087 0.0041598291971200376 0.14265654796136615 0.0087041882660730072 0.011521303544076338 -0.05596399241607164 0.0828182513789784 -0.16222461490376025 0.15198277957418549 -0.025773750428751682 -0.021278265007174415 -0.17751392652311296 -0.20167558272567412 0.077275260007360611 0.30169798419632754
leaf_weight=643.0267640161328 4.3413851819932487 11.858448849990962 3.5245164278894663 2.593049567192792 4.1919459626078606 246.56830576853827 20.102150237187743 2.4355004271492358 10.941996159031989 25.099356623366475 9.8015742450952512 3.1724040955305091 4.3876208774745455 43.816203270107508 13.027903109788893 5.0490448400378218 2.7787592932581893 40.870196202769876 1.3805194664746521
leaf_count=5194 59 149 38 20 32 1850 134 54 82 146 74 27 46 325 72 25 23 224 13
internal_value=0 0.0589535 -0.0274973 -0.000436127 -0.0965205 0.000245787 0.0102833 0.0459794 0.0979366 0.00313994 -0.0159719 0.00326995 0.00511533 0.0029328 0.00950968 -5.62485e-05 -0.0396036 0.053492 0.149607
internal_weight=0 19.7244 7.8659 1079.24 6.785 1072.46 429.432 69.7611 31.0441 38.717 34.9009 359.67 356.498 352.11 305.515 251.617 46.595 53.8981 3.81602
internal_count=8587 246 97 8341 52 8289 3095 503 216 287 220 2592 2565 2519 2171 1875 348 296 67
is_linear=0
shrinkage=0.2


Tree=36
num_leaves=20
num_cat=0
split_feature=10 0 4 9 8 0 0 0 7 0 7 9 8 8 0 9 10 7 4
split_gain=1.7146 4.28419 2.00617 2.45841 1.58627 3.3779 3.75006 1.8422 2.0772 1.74115 3.69653 2.17472 1.58809 8.75146 4.98434 4.43225 4.47928 8.2415 3.75138
threshold=10.500000000000002 12.500000000000002 268.50000000000006 287.50000000000006 10.500000000000002 58.500000000000007 13.500000000000002 10.500000000000002 7.5000000000000009 4.5000000000000009 6.5000000000000009 162.50000000000003 7.5000000000000009 6.5000000000000009 9.5000000000000018 144.50000000000003 1.0000000180025095e-35 25.500000000000004 566.50000000000011
decision_type=2 2 2 2 2 2 2 2 2 2 2 2 2 2 2 2 2 2 2
left_child=4 -2 -3 -4 9 6 7 8 -6 10 -1 -12 13 -11 -15 16 17 18 -14
right_child=1 2 3 -5 5 -7 -8 -9 -10 12 11 -13 15 14 -16 -17 -18 -19 -20
leaf_value=-0.081378859106425394 0.13306387317887414 -0.2652703438334999 -0.16213054655070119 0.10929132554756252 -0.080648913537580469 -0.1536797144436261 0.12033463764871684 -0.13690497986786637 0.1552881765103846 0.00056449647223798293 -0.00083063552701753338 0.2159598918892599 -0.15375364518437912 -0.10040370944400337 0.15698624120730617 -0.003293774528345025 -0.1414206008221994 0.25141542650613097 0.013666839004020999
leaf_weight=3.5389961265027505 2.056581390090285 2.8379197362810373 2.1456169690936808 1.6589181348681448 2.2293418124318185 2.2229317277669898 17.362428011372685 3.4141925051808357 2.1754840239882469 664.09872770076618 2.6886364072561264 5.0673234630376101 8.8030548575334304 2.9218253493309048 20.588943929411471 319.66937630809844 19.023308985400945 3.1797434063628307 11.776883251033722
leaf_count=22 22 51 48 12 19 13 166 27 28 4746 16 56 199 23 186 2304 435 41 173
internal_value=0 -0.0838647 -0.158336 -0.0454003 0.00135011 0.0481388 0.0702818 -0.0417428 0.0420131 0.000105414 0.0754663 0.147981 -0.000764052 0.00488213 0.12267 -0.0114621 -0.0712733 -0.0122372 -0.0611256
internal_weight=0 8.69904 6.64245 3.80454 1088.76 27.4044 25.1814 7.81902 4.40483 1061.36 11.295 7.75596 1050.06 687.609 23.5108 362.452 42.783 23.7597 20.5799
internal_count=8587 133 111 60 8454 253 240 74 47 8201 94 72 8107 4955 209 3152 848 413 372
is_linear=0
shrinkage=0.2


Tree=37
num_leaves=20
num_cat=0
split_feature=9 0 7 4 0 0 8 7 0 0 8 7 7 9 10 9 4 0 7
split_gain=1.44777 5.00535 3.50075 3.17736 2.73836 5.65996 3.11871 5.72432 6.3883 3.41182 4.61589 5.40493 5.25934 5.83144 5.04744 5.21347 4.65235 4.7101 4.64895
threshold=933.50000000000011 42.500000000000007 2.5000000000000004 102.50000000000001 42.500000000000007 46.500000000000007 9.5000000000000018 2.5000000000000004 27.500000000000004 19.500000000000004 2.5000000000000004 27.500000000000004 20.500000000000004 371.50000000000006 1.0000000180025095e-35 142.50000000000003 261.50000000000006 32.500000000000007 16.500000000000004
decision_type=2 2 2 2 2 2 2 2 2 2 2 2 2 2 2 2 2 2 2
left_child=4 2 -2 -4 6 -6 9 -8 -9 -1 14 12 13 -12 18 -16 17 -14 -11
right_child=1 -3 3 -5 5 -7 7 8 -10 10 11 -13 16 -15 15 -17 -18 -19 -20
leaf_value=0.0055729551924857505 -0.11675235150559374 -0.21955081845899738 0.15383493282592889 0.032388373222444429 0.15101109139655278 0.0015315770722717336 -0.13681456083994226 0.020141104638510269 0.18386270850116687 0.016637564158633326 -0.060736756418558926 -0.11897374433106658 0.03441387185203891 0.00020350343796809935 -0.13300370718327967 0.0046878069161893649 0.086796678833451366 -0.1790243393675568 0.14361844747772332
leaf_weight=476.01102930307388 4.2930445484817019 2.2419422902166835 10.115209460258482 44.022814160212874 13.418883972801266 35.141440464183688 5.4562142491340628 33.759608179330826 12.593705939128993 32.056255986914039 146.357858246658 25.102774846367538 10.758663693442942 109.55560012534261 12.330110332462935 66.730204386636615 28.552682469598949 5.6858654571697107 17.413669912144542
leaf_count=3473 41 20 113 475 132 313 47 284 111 174 1497 272 105 595 197 373 201 50 114
internal_value=0 0.0303104 0.0428324 0.057056 -0.00127679 0.044678 -0.00358416 0.0437829 0.0670697 -0.00625796 -0.0186352 -0.0312676 -0.0236444 -0.034732 0.0134014 -0.0179428 0.0389024 -0.0444311 0.0629647
internal_weight=0 60.673 58.4311 54.138 1030.92 48.5603 982.364 51.8095 46.3533 930.555 454.544 326.013 300.911 255.913 128.53 79.0603 44.9972 16.4445 49.4699
internal_count=8587 649 629 588 7938 445 7493 442 395 7051 3578 2720 2448 2092 858 570 356 155 288
is_linear=0
shrinkage=0.2


Tree=38
num_leaves=20
num_cat=0
split_feature=7 7 7 1 1 0 0 8 8 8 9 7 1 9 1 8 2 1 9
split_gain=1.7291 4.11224 4.50003 3.61184 5.24726 3.45619 3.406 3.75032 4.41494 12.1435 5.75652 4.38405 5.99261 5.60082 4.44186 4.0875 3.65407 3.46862 4.1735
threshold=14.500000000000002 8.5000000000000018 9.5000000000000018 9.5000000000000018 8.5000000000000018 6.5000000000000009 7.5000000000000009 9.5000000000000018 3.5000000000000004 1.5000000000000002 116.50000000000001 16.500000000000004 2.5000000000000004 608.50000000000011 6.5000000000000009 1.0000000180025095e-35 1.0000000180025095e-35 7.5000000000000009 715.50000000000011
decision_type=2 2 2 2 2 2 2 2 2 2 2 2 2 2 2 2 2 2 2
left_child=1 -1 -3 4 5 -4 -2 8 9 11 -10 12 -8 -14 -13 -16 -9 -12 -19
right_child=6 2 3 -5 -6 -7 7 16 10 -11 17 14 13 -15 15 -17 -18 18 -20
leaf_value=-0.0059453560201339975 0.075735581700317633 0.13013744625895116 0.17307563115473976 0.14626129590561196 -0.057103994693735054 0.023561242896560225 -0.17646345437635494 0.19872256097374472 -0.13653889641487926 0.17913518478687659 -0.033930619451923674 0.039263524150913234 0.10209525083767479 -0.17756935197989682 0.037706245133592997 -0.098078031868128218 0.022452349870958163 -0.0034844777876818379 0.13504801132459121
leaf_weight=344.41234394209459 17.859163949266076 15.401833405718206 5.6220778450369826 7.9837320055812588 32.802162979263812 169.89999957289547 12.200068479403855 4.9588250927627113 18.04313336731866 14.839101673103867 228.40649430174381 71.06524443347007 8.6450310442596656 3.2845464646816245 13.858667489141224 22.159345326945186 26.675778994336724 54.765986466780305 9.5043152421712858
leaf_count=2503 158 126 52 51 245 1313 74 40 648 126 1645 564 52 22 103 191 238 340 96
internal_value=0 0.00791577 0.0284667 0.0207585 0.0153885 0.0291408 -0.00809273 -0.0112811 -0.0159237 0.012707 -0.0293793 -0.00712042 -0.0826262 0.0185656 0.0103974 -0.0461591 0.0544492 -0.0224064 0.0184596
internal_weight=0 576.122 231.71 216.308 208.324 175.522 506.266 488.407 456.772 146.052 310.72 131.213 24.1296 11.9296 107.083 36.018 31.6346 292.677 64.2703
internal_count=8587 4290 1787 1661 1610 1365 4297 4139 3861 1132 2729 1006 148 74 858 294 278 2081 436
is_linear=0
shrinkage=0.2


Tree=39
num_leaves=20
num_cat=0
split_feature=1 9 1 7 0 8 10 0 4 4 8 8 10 7 1 4 4 9 2
split_gain=1.37044 2.73109 1.489 3.06191 6.87283 4.58522 5.65527 2.89162 3.57844 4.0767 3.47209 6.16603 6.6445 4.51144 4.03 2.83492 2.43812 2.18837 3.8181
threshold=10.500000000000002 287.50000000000006 7.5000000000000009 3.5000000000000004 7.5000000000000009 5.5000000000000009 1.0000000180025095e-35 33.500000000000007 7624.0000000000009 6628.0000000000009 1.5000000000000002 7.5000000000000009 1.0000000180025095e-35 26.500000000000004 9.5000000000000018 428.50000000000006 1219.5000000000002 933.50000000000011 1.0000000180025095e-35
decision_type=2 2 2 2 2 2 2 2 2 2 2 2 2 2 2 2 2 2 2
left_child=2 -2 17 4 -4 6 15 8 9 10 14 13 -13 -12 -5 -6 -7 -1 -19
right_child=1 -3 3 7 5 16 -8 -9 -10 -11 11 12 -14 -15 -16 -17 -18 18 -20
leaf_value=-0.0057243536899906017 0.052053693340105761 -0.18151745041874057 -0.1826981879531922 -0.060238456939424007 0.22913658904130141 0.10611675426139189 -0.11756883517613746 0.0653532887929828 -0.13391734841961181 0.21283761719388031 0.092326243536282257 0.038466292244437705 -0.085019499001421125 -0.051757481718210811 0.11091026463527028 0.024628201773601879 0.28728864750474697 0.17025352237715685 0.014147947032175713
leaf_weight=766.21813178551383 3.0086349151097229 3.8051063157618046 3.1683394610881797 51.143759570084512 3.8639990594238061 10.449975382536648 6.3116337582468978 27.274933037348092 7.2161296606063834 2.7804861180484286 45.596761368680745 34.202662386931479 33.976904680021107 10.125319260405375 5.3897991217672816 6.9703151900321245 4.6750879008322945 6.5620555169880381 42.528711160644889
leaf_count=6037 28 25 22 392 22 65 39 218 53 18 357 292 299 94 33 38 34 85 436
internal_value=0 -0.0839202 0.00107591 0.0144488 0.0682573 0.0968518 0.0238019 0.0054641 -0.00335954 0.00236223 -0.00183904 0.0168982 -0.023354 0.06577 -0.0425554 0.10866 0.174126 -0.00308671 0.0374939
internal_weight=0 6.81374 1068.46 253.146 35.4394 32.271 17.1459 217.707 190.432 183.216 180.435 123.902 68.1796 55.7221 56.5336 10.8343 15.1251 815.309 49.0908
internal_count=8587 53 8534 1976 220 198 99 1756 1538 1485 1467 1042 591 451 425 60 99 6558 521
is_linear=0
shrinkage=0.2


Tree=40
num_leaves=20
num_cat=0
split_feature=0 7 7 8 4 10 7 8 9 9 4 4 9 1 1 4 3 9 10
split_gain=1.39708 3.30724 5.25671 7.14715 6.87447 5.01251 4.94025 5.93181 6.11408 4.53065 4.5022 4.53475 4.39727 5.16374 4.37699 3.92976 3.87009 5.98756 3.82817
threshold=19.500000000000004 3.5000000000000004 5.5000000000000009 4.5000000000000009 -1.0000000180025095e-35 1.0000000180025095e-35 19.500000000000004 5.5000000000000009 831.50000000000011 551.50000000000011 1583.5000000000002 3427.0000000000005 504.50000000000006 5.5000000000000009 4.5000000000000009 86.500000000000014 1.5000000000000002 260.50000000000006 4.5000000000000009
decision_type=2 2 2 2 2 2 2 2 2 2 2 2 2 2 2 2 2 2 2
left_child=-1 10 -3 5 9 12 18 -8 14 -5 -2 -12 -4 -14 -9 16 -7 -18 -6
right_child=1 2 3 4 6 15 7 8 -10 -11 11 -13 13 -15 -16 -17 17 -19 -20
leaf_value=0.006620164777821228 -0.0026746210745209704 -0.075417454241524531 0.09512824858254057 0.010277001215162729 -0.045049991373420084 -0.17589240112638949 -0.062199357119021116 0.11520236792553989 -0.18420939034047135 0.23010364753584389 0.17797526923851958 -0.0062349657901376258 -0.12816642745064122 0.17540597570357494 -0.0020176194815928901 0.018866079463905557 -0.14972015910338762 0.15533970652169873 -0.1898797658343585
leaf_weight=519.39764034561813 45.373078367672861 48.662616174202412 51.651744844857603 8.8894296577200276 174.24341590050608 8.4103926382958889 30.893921409500763 28.706661480013281 3.4783944189548484 5.763647072017192 12.965964550152423 8.6385178714990598 7.3985311128199083 2.2889509946107864 22.360290717333555 71.302141954191029 4.1311280415393412 4.5243136808276176 6.9026810224167994
leaf_count=3996 298 388 352 135 1514 80 305 244 33 41 83 64 61 25 203 545 50 25 103
internal_value=0 -0.00785426 -0.0136792 -0.00657637 -0.025345 0.0286275 -0.0327795 0.00683064 0.0462741 0.10443 0.0335141 0.106809 0.0721393 -0.0482712 0.0646633 -0.00196493 -0.0858425 0.00937886 -0.0514081
internal_weight=0 546.586 479.608 430.946 281.238 149.707 266.585 85.4393 54.5453 14.6531 66.9776 21.6045 61.3392 9.68748 51.067 88.368 17.0658 8.65544 181.146
internal_count=8545 4549 4104 3716 2578 1138 2402 785 480 176 445 147 438 86 447 700 155 75 1617
is_linear=0
shrinkage=0.2


Tree=41
num_leaves=20
num_cat=0
split_feature=4 4 10 3 7 3 4 7 0 8 10 0 4 0 2 4 0 4 6
split_gain=1.27379 1.69428 1.61993 1.46806 2.09936 1.39397 4.16094 2.34174 3.69369 3.06031 4.87291 2.07802 3.07154 2.74346 1.89845 4.38162 5.18714 4.47458 3.36784
threshold=13742.500000000002 9434.0000000000018 1.0000000180025095e-35 1.5000000000000002 12.500000000000002 2.5000000000000004 67.500000000000014 11.500000000000002 31.500000000000004 1.0000000180025095e-35 2.5000000000000004 28.500000000000004 1489.5000000000002 14.500000000000002 1.0000000180025095e-35 3427.0000000000005 36.500000000000007 2846.0000000000005 1.0000000180025095e-35
decision_type=2 2 2 2 2 2 2 2 2 2 2 2 2 2 2 2 2 2 2
left_child=1 5 -2 -3 -5 14 -7 8 -8 -9 11 13 -13 -11 15 17 -17 18 -1
right_child=2 3 -4 4 -6 6 7 9 -10 10 -12 12 -14 -15 -16 16 -18 -19 -20
leaf_value=0.044981105800198214 -0.12410054865299014 0.14515178139473806 0.013875424325258255 0.12776783371593331 -0.058699806774074374 -0.17135570466372418 -0.13910270687790896 -0.13223294523671703 0.045939058578818102 -0.013303037250823569 -0.12879318366449419 -0.086316720345374756 0.14452643631531722 0.20928476489493908 -0.0021713994911296496 -0.18610035285973758 0.086377143014283009 0.24718946317750265 -0.067349235073077982
leaf_weight=80.944078208878636 6.6241015335544926 5.0620305938646171 5.9879082329571247 3.0958393849432468 5.4806270282715559 6.616206021513789 9.8749203016050178 3.2499867342412498 6.6860210965387514 2.8489993428811484 3.9010772602632633 4.408265469595789 3.3038699980825186 7.8289386490359902 881.96913633681834 6.9274008898064476 3.7548686759546399 3.1759083978831759 11.53118832525797
leaf_count=664 44 50 37 21 42 53 78 20 52 25 38 34 30 56 7057 56 34 25 129
internal_value=0 0.000188021 -0.0617749 0.0681597 0.0139346 -0.000759606 -0.0334959 -0.00894324 -0.0657676 0.0288104 0.0561868 0.0992867 0.0170025 0.153214 0.00088083 0.0260182 -0.0909997 0.0397559 0.0305005
internal_weight=0 1050.66 12.612 13.6385 8.57647 1037.02 48.7183 42.1021 16.5609 25.5411 22.2912 18.3901 7.71214 10.6779 988.303 106.333 10.6823 95.6512 92.4753
internal_count=8545 8464 81 113 63 8351 386 333 130 203 183 145 64 81 7965 908 90 818 793
is_linear=0
shrinkage=0.2


end of trees

feature_importances:
Column_8=186
Column_9=138
Column_7=130
Column_0=103
Column_4=96
Column_1=40
Column_10=38
Column_5=24
Column_3=18
Column_2=14
Column_6=11

parameters:
[boosting: gbdt]
[objective: binary]
[metric: auc,l2]
[tree_learner: serial]
[device_type: cpu]
[linear_tree: 0]
[data: ]
[valid: ]
[num_iterations: 200]
[learning_rate: 0.2]
[num_leaves: 20]
[num_threads: -1]
[deterministic: 0]
[force_col_wise: 0]
[force_row_wise: 0]
[histogram_pool_size: -1]
[max_depth: 9]
[min_data_in_leaf: 20]
[min_sum_hessian_in_leaf: 0.001]
[bagging_fraction: 0.957628]
[pos_bagging_fraction: 1]
[neg_bagging_fraction: 1]
[bagging_freq: 10]
[bagging_seed: 3]
[feature_fraction: 0.878069]
[feature_fraction_bynode: 1]
[feature_fraction_seed: 2]
[extra_trees: 0]
[extra_seed: 6]
[early_stopping_round: 2]
[first_metric_only: 0]
[max_delta_step: 0]
[lambda_l1: 0]
[lambda_l2: 0.828397]
[linear_lambda: 0]
[min_gain_to_split: 0]
[drop_rate: 0.1]
[max_drop: 50]
[skip_drop: 0.5]
[xgboost_dart_mode: 0]
[uniform_drop: 0]
[drop_seed: 4]
[top_rate: 0.2]
[other_rate: 0.1]
[min_data_per_group: 100]
[max_cat_threshold: 32]
[cat_l2: 10]
[cat_smooth: 10]
[max_cat_to_onehot: 4]
[top_k: 20]
[monotone_constraints: ]
[monotone_constraints_method: basic]
[monotone_penalty: 0]
[feature_contri: ]
[forcedsplits_filename: ]
[refit_decay_rate: 0.9]
[cegb_tradeoff: 1]
[cegb_penalty_split: 0]
[cegb_penalty_feature_lazy: ]
[cegb_penalty_feature_coupled: ]
[path_smooth: 0]
[interaction_constraints: ]
[verbosity: -1]
[saved_feature_importance_type: 0]
[max_bin: 255]
[max_bin_by_feature: ]
[min_data_in_bin: 3]
[bin_construct_sample_cnt: 200000]
[data_random_seed: 1]
[is_enable_sparse: 1]
[enable_bundle: 1]
[use_missing: 1]
[zero_as_missing: 0]
[feature_pre_filter: 1]
[pre_partition: 0]
[two_round: 0]
[header: 0]
[label_column: ]
[weight_column: ]
[group_column: ]
[ignore_column: ]
[categorical_feature: ]
[forcedbins_filename: ]
[objective_seed: 5]
[num_class: 1]
[is_unbalance: 0]
[scale_pos_weight: 1]
[sigmoid: 1]
[boost_from_average: 1]
[reg_sqrt: 0]
[alpha: 0.9]
[fair_c: 1]
[poisson_max_delta_step: 0.7]
[tweedie_variance_power: 1.5]
[lambdarank_truncation_level: 30]
[lambdarank_norm: 1]
[label_gain: ]
[eval_at: ]
[multi_error_top_k: 1]
[auc_mu_weights: ]
[num_machines: 1]
[local_listen_port: 12400]
[time_out: 120]
[machine_list_filename: ]
[machines: ]
[gpu_platform_id: -1]
[gpu_device_id: -1]
[gpu_use_dp: 0]
[num_gpu: 1]

end of parameters

pandas_categorical:null
