tree
version=v3
num_class=1
num_tree_per_iteration=1
label_index=0
max_feature_idx=10
objective=binary sigmoid:1
feature_names=Column_0 Column_1 Column_2 Column_3 Column_4 Column_5 Column_6 Column_7 Column_8 Column_9 Column_10
feature_infos=[18:95] [-6847:81204] [0:2] [0:11] [0:3] [0:1] [0:1] [0:11] [1:31] [1:63] [2:3881]
tree_sizes=2189 2265 2265 2255 2273 2273 2274 2278 2259

Tree=0
num_leaves=20
num_cat=0
split_feature=10 10 5 7 10 7 7 1 10 10 7 7 8 8 7 5 7 9 8
split_gain=1926.34 520.268 394.15 372.372 179.557 120.311 107.7 76.4862 69.7357 66.6358 56.2189 76.031 73.9961 87.4879 81.8663 53.3495 32.9152 31.9442 31.7795
threshold=205.50000000000003 438.50000000000006 1.0000000180025095e-35 3.5000000000000004 87.500000000000014 3.5000000000000004 2.5000000000000004 202.50000000000003 654.50000000000011 136.50000000000003 8.5000000000000018 4.5000000000000009 16.500000000000004 6.5000000000000009 7.5000000000000009 1.0000000180025095e-35 2.5000000000000004 3.5000000000000004 4.5000000000000009
decision_type=2 2 2 2 2 2 2 2 2 2 2 2 2 2 2 2 2 2 2
left_child=3 2 6 9 -5 7 18 -4 -3 -1 11 -6 13 -13 -14 16 -11 -17 -2
right_child=1 8 5 4 10 -7 -8 -9 -10 15 -12 12 14 -15 -16 17 -18 -19 -20
leaf_value=0.12209633702273665 0.10203683983835474 0.095041229168654526 0.11093584971809163 0.11941769607647251 0.091358550598906213 0.092015265696515719 0.10454302069030028 0.098468402790303181 0.088746013354863915 0.1212923079958822 0.096614821057658826 0.11197596647792714 0.11957935757936206 0.089545624565227286 0.090160439184897842 0.10749715614468758 0.10228877652032527 0.12044104707689113 0.1174707297004869
leaf_weight=425.33249765634537 14.210992008447645 311.64456158876419 70.556328743696213 87.509792894124985 28.172668367624283 225.13203129172325 128.64687502384186 159.31269988417625 416.35713428258896 118.17561775445938 91.249527633190155 36.89871609210968 69.309750497341156 31.912403106689453 10.471257269382475 87.509792894124985 9.723310321569441 23.93430233001709 179.75658312439919
leaf_count=1706 57 1250 283 351 113 903 516 639 1670 474 366 148 278 128 42 351 39 96 721
internal_value=0.104736 0.097503 0.103193 0.115297 0.107031 0.0972021 0.111641 0.102301 0.0914311 0.119712 0.102963 0.106256 0.109121 0.101534 0.115642 0.115444 0.119843 0.110343 0.116335
internal_weight=0 1505.62 777.616 1020.2 355.524 455.001 322.614 229.869 728.002 664.676 268.014 176.765 148.592 68.8111 79.781 239.343 127.899 111.444 193.968
internal_count=10131 6039 3119 4092 1426 1825 1294 922 2920 2666 1075 709 596 276 320 960 513 447 778
is_linear=0
shrinkage=1


Tree=1
num_leaves=20
num_cat=0
split_feature=10 10 5 7 10 7 7 10 1 10 5 5 7 7 5 8 8 8 8
split_gain=1888.49 509.931 371.619 365.563 176.167 126.277 103.625 82.7105 72.9896 65.4618 55.4617 52.3787 46.8819 44.5207 38.152 37.0378 34.0736 33.4571 45.4336
threshold=205.50000000000003 410.50000000000006 1.0000000180025095e-35 3.5000000000000004 87.500000000000014 3.5000000000000004 2.5000000000000004 654.50000000000011 292.50000000000006 136.50000000000003 1.0000000180025095e-35 1.0000000180025095e-35 8.5000000000000018 4.5000000000000009 1.0000000180025095e-35 16.500000000000004 21.500000000000004 17.500000000000004 7.5000000000000009
decision_type=2 2 2 2 2 2 2 2 2 2 2 2 2 2 2 2 2 2 2
left_child=3 2 6 9 -5 8 -2 14 -4 -1 15 -11 13 -12 -3 -6 -17 18 -15
right_child=1 7 5 4 10 -7 -8 -9 -10 11 12 -13 -14 17 -16 16 -18 -19 -20
leaf_value=0.017203556838942785 0.012092081660157414 -0.0056769562590472189 0.0061633976159324822 0.014547386242357333 -0.0032964071618071466 -0.012637718653743562 0.00015109470611989509 -0.015818411452805155 -0.0060458604017449681 0.01496908454219204 -0.014055705009327315 0.0055534105591507127 -0.012064226761147084 0.0060889004867117147 -0.012219361222760766 0.014479528000388417 -0.0028812429885351153 0.0084019735551660226 -0.012328212603675904
leaf_weight=424.91441762447357 181.63430757820606 165.1090502589941 75.274199441075325 87.437902316451073 36.159461125731468 211.05295246839523 120.91931127011776 416.67904585599899 137.66603064537048 127.78976838290691 21.455200046300888 111.41015754640102 61.107287183403969 25.171015188097954 197.79926311969757 39.875943601131439 15.457086503505705 41.36198702454567 27.440987467765808
leaf_count=1706 729 662 302 351 145 846 485 1670 552 513 86 447 245 101 793 160 62 166 110
internal_value=0 -0.00715864 -0.00112931 0.0104612 0.00227142 -0.00716677 0.00732903 -0.0127728 -0.00172494 0.014839 -0.00175582 0.0106074 -0.0050253 -0.00125773 -0.00925648 0.00454472 0.00965005 0.0017317 -0.00354632
internal_weight=0 1506.13 726.547 1019.58 355.467 423.993 302.554 779.587 212.94 664.114 268.029 239.2 176.536 115.429 362.908 91.4925 55.333 93.974 52.612
internal_count=10131 6039 2914 4092 1426 1700 1214 3125 854 2666 1075 960 708 463 1455 367 222 377 211
is_linear=0
shrinkage=0.01


Tree=2
num_leaves=20
num_cat=0
split_feature=10 10 5 10 5 1 10 1 6 10 5 1 0 9 5 0 0 9 1
split_gain=1851.54 499.342 364.251 237.95 161.46 95.8211 80.9503 60.903 46.4087 43.4785 37.3502 36.779 36.1555 36.0228 31.3399 39.9833 29.0656 23.415 20.2814
threshold=205.50000000000003 410.50000000000006 1.0000000180025095e-35 130.50000000000003 1.0000000180025095e-35 61.500000000000007 654.50000000000011 103.50000000000001 1.0000000180025095e-35 77.500000000000014 1.0000000180025095e-35 974.50000000000011 59.500000000000007 3.5000000000000004 1.0000000180025095e-35 28.500000000000004 29.500000000000004 1.5000000000000002 192.50000000000003
decision_type=2 2 2 2 2 2 2 2 2 2 2 2 2 2 2 2 2 2 2
left_child=3 2 11 9 -5 -4 10 -6 12 -1 -3 -2 16 -9 -11 -16 -7 18 -17
right_child=1 6 5 4 7 8 -8 13 -10 14 -12 -13 -14 -15 15 17 -18 -19 -20
leaf_value=0.017627626448739612 0.0097039494633669298 -0.0056188788164500906 0.004544268404820498 0.011434689071715057 0.0091458624789649192 -0.0145142087960696 -0.015650401777036641 -0.0050079506335863402 0.0057615414102274599 0.01530373948321833 -0.012090913493067615 0.0022768864594685618 -0.017483004531418482 0.0079382473597024387 -0.0047606576405211628 0.014969465715367931 -0.0067895171173831658 0.013686328417631019 0.00150707176982612
leaf_weight=258.27045594155788 202.50895611941814 165.15319439768791 60.330009281635284 197.68152195215225 48.589454650878906 62.382896035909653 416.94538936018944 165.54132951796055 19.707420751452446 156.05197715759277 197.9071204662323 99.909567534923553 52.903700575232506 24.163659766316414 18.439800575375557 15.188790515065191 228.79703019559383 95.832605645060539 39.113205134868622
leaf_count=1038 813 662 242 794 195 250 1670 664 79 627 793 401 212 97 74 61 917 385 157
internal_value=0 -0.00708522 -0.00111801 0.010364 0.00476715 -0.00709312 -0.0126385 -0.000778204 -0.00902714 0.0145414 -0.00916034 0.00725923 -0.00988234 -0.00333997 0.0120592 0.00901396 -0.00846974 0.0107175 0.00538972
internal_weight=0 1506.55 726.54 1018.87 435.976 424.121 780.006 238.294 363.791 582.897 363.06 302.419 344.084 189.705 324.626 168.574 291.18 150.135 54.302
internal_count=10131 6039 2914 4092 1750 1700 3125 956 1458 2342 1455 1214 1379 761 1304 677 1167 603 218
is_linear=0
shrinkage=0.01


Tree=3
num_leaves=20
num_cat=0
split_feature=10 10 7 7 10 8 0 0 10 10 7 7 8 8 7 7 8 8 3
split_gain=1815.47 489.072 356.985 277.204 170.656 93.0733 78.4251 65.9127 65.1875 63.2688 54.0904 73.0993 71.2296 84.5906 79.8801 42.2844 78.4516 43.1424 40.7789
threshold=205.50000000000003 438.50000000000006 3.5000000000000004 2.5000000000000004 87.500000000000014 4.5000000000000009 60.500000000000007 59.500000000000007 654.50000000000011 153.50000000000003 8.5000000000000018 4.5000000000000009 16.500000000000004 6.5000000000000009 7.5000000000000009 7.5000000000000009 17.500000000000004 20.500000000000004 10.500000000000002
decision_type=2 2 2 2 2 2 2 2 2 2 2 2 2 2 2 2 2 2 2
left_child=2 3 9 5 -4 -2 18 15 -3 -1 11 -6 13 -13 -14 16 -5 -17 -7
right_child=1 8 4 7 10 6 -8 -9 -10 -11 -12 12 14 -15 -16 17 -18 -19 -20
leaf_value=0.01648618054997469 -0.0089592581190061169 -0.0094042107352139415 0.014271748840588473 -0.0084937439920644148 -0.013153593265553041 0.0086252208219673426 -0.018898944309375349 -0.016773425210875294 -0.015486193828511519 0.0094727336314668082 -0.0080119377531916378 0.0070938595998248019 0.014560367969675055 -0.014960766827947877 -0.014496607561599168 -0.0058062622185259573 0.0039666181977363029 -0.017055670101957836 -0.013023339897489977
leaf_weight=483.70362292230129 40.891519546508789 312.03649026155472 87.256875827908516 99.296526864171028 28.19991397857666 288.42086087167263 10.732050612568854 57.66964253783226 417.15775743126869 179.20674918591976 91.292274251580238 36.866365477442741 69.177216872572899 31.944148182868958 10.474983036518095 123.24778179824352 101.77369524538517 47.164757996797562 8.480573505163191
leaf_count=1946 164 1250 351 398 113 1158 43 231 1670 720 366 148 278 128 42 494 408 189 34
internal_value=0 -0.00701301 0.0102684 -0.00149414 0.00217415 0.00512626 0.00701173 -0.00687038 -0.012893 0.0146 -0.00178737 0.00144475 0.00425759 -0.00318367 0.0106628 -0.00530953 -0.00219346 -0.0089665 0.00798295
internal_weight=0 1506.87 1018.12 777.677 355.212 348.525 307.633 429.152 729.194 662.91 267.955 176.663 148.463 68.8105 79.6522 371.483 201.07 170.413 296.901
internal_count=10131 6039 4092 3119 1426 1399 1235 1720 2920 2666 1075 709 596 276 320 1489 806 683 1192
is_linear=0
shrinkage=0.01


Tree=4
num_leaves=20
num_cat=0
split_feature=7 5 5 7 1 0 0 8 7 8 8 7 7 8 8 7 8 7 2
split_gain=414.233 180.309 117.243 99.4942 90.7007 75.3596 65.8542 67.6449 56.8888 52.5084 63.2057 53.4625 39.5023 40.212 40.172 36.632 32.9652 28.8537 24.0449
threshold=3.5000000000000004 1.0000000180025095e-35 1.0000000180025095e-35 8.5000000000000018 103.50000000000001 29.500000000000004 60.500000000000007 5.5000000000000009 4.5000000000000009 17.500000000000004 6.5000000000000009 7.5000000000000009 10.500000000000002 21.500000000000004 16.500000000000004 1.0000000180025095e-35 27.500000000000004 7.5000000000000009 1.0000000180025095e-35
decision_type=2 2 2 2 2 2 2 2 2 2 2 2 2 2 2 2 2 2 2
left_child=2 12 15 8 -4 -6 7 -7 -3 10 17 -11 13 14 -2 18 -15 -10 -1
right_child=1 3 4 -5 5 6 -8 -9 9 11 -12 -13 -14 16 -16 -17 -18 -19 -20
leaf_value=0.0091195036336125159 -0.0014261153501651247 -0.013890222344778132 0.0060379125585905656 -0.014390750138192852 -0.011482560728336462 -0.0085784873706258851 -0.014089014962985378 0.0021338137849837599 -0.014879319407228017 0.0033851315683425631 -0.012977643449518572 -0.014490045882973002 -0.01417706530414564 -0.017277456256345095 0.0062590427323976142 0.0028400788400367188 -0.0008610058985424674 0.001985408811094139 0.0048315954273559347
leaf_weight=286.63945619761944 127.16784235835075 68.917631134390831 191.71481657028198 205.99480973184109 71.323087394237518 69.08186537027359 32.697501122951508 382.95722968876362 11.477737158536909 115.64405708014965 94.121292561292648 18.974251598119736 17.205667123198509 18.7025096565485 145.22233982384205 314.91163446009159 33.649752914905548 63.593369394540787 244.9574921131134
leaf_count=1152 510 276 770 825 286 277 131 1537 46 464 377 76 69 75 583 1265 135 255 984
internal_value=0 -0.0054196 0.00300284 -0.0088186 0.000116996 -0.0019285 -0.000510827 0.000487935 -0.00572168 -0.00384602 -0.00754469 0.000814874 0.000338099 0.00113078 0.0026757 0.00555029 -0.00684934 -0.000686319 0.00715099
internal_weight=0 920.671 1594.28 578.723 747.775 556.06 484.737 452.039 372.728 303.811 169.192 134.618 341.948 324.742 272.39 846.509 52.3523 75.0711 531.597
internal_count=10093 3691 6402 2319 3001 2231 1945 1814 1494 1218 678 540 1372 1303 1093 3401 210 301 2136
is_linear=0
shrinkage=0.01


Tree=5
num_leaves=20
num_cat=0
split_feature=10 10 5 7 10 7 7 1 10 5 7 10 5 10 10 8 8 0 0
split_gain=1817.17 476.654 373.471 328.971 150.751 99.1478 90.6857 73.5355 62.2399 58.2073 56.1213 43.4806 42.2403 39.8917 34.598 32.7716 38.8044 30.9399 42.0802
threshold=205.50000000000003 474.50000000000006 1.0000000180025095e-35 3.5000000000000004 77.500000000000014 3.5000000000000004 2.5000000000000004 111.50000000000001 153.50000000000003 1.0000000180025095e-35 8.5000000000000018 649.50000000000011 1.0000000180025095e-35 379.50000000000006 124.50000000000001 16.500000000000004 21.500000000000004 30.500000000000004 59.500000000000007
decision_type=2 2 2 2 2 2 2 2 2 2 2 2 2 2 2 2 2 2 2
left_child=3 2 6 8 -5 7 13 -4 -1 15 14 -3 -10 -2 -11 -6 -17 -9 -19
right_child=1 11 5 4 9 -7 -8 17 12 10 -12 -13 -14 -15 -16 16 -18 18 -20
leaf_value=0.016362769680017503 0.012443650861067664 -0.0099182727964731709 0.0067240796963752196 0.015821186024361816 -0.0016570462985533059 -0.012025908900161768 -0.0004334740351690306 -0.014140729631257551 0.014120721806262684 0.0075491928409876967 -0.011767400995174518 -0.015278029645095659 0.0043231983009691692 0.0021056284144729664 -0.0038700923401113652 0.015090630513938819 -0.0024289578290315971 -0.0018768541914223624 -0.016824637730266989
leaf_weight=480.18513548374176 161.59392243623734 243.45980387926102 58.028529822826385 67.534137785434723 40.132731094956398 248.56298710405827 135.13755798339844 37.702161237597466 90.659230500459671 39.097984686493874 62.426401555538177 423.54279443621635 86.403122454881668 48.829168647527695 79.535952836275101 42.497063666582108 17.692466720938683 130.23657120764256 21.484461799263954
leaf_count=1935 650 975 233 272 161 995 542 151 365 157 250 1695 347 196 319 171 71 522 86
internal_value=0 -0.00702171 -0.00201481 0.0103251 0.00247159 -0.00757151 0.00596055 -0.00307964 0.0144885 -0.000758082 -0.00413958 -0.0133319 0.0093691 0.0100569 -8.8446e-05 0.00533365 0.0099665 -0.00609418 -0.00404892
internal_weight=0 1508.58 841.575 1006.16 348.917 496.015 345.561 247.452 657.247 281.383 181.06 667.003 177.062 210.423 118.634 100.322 60.1895 189.423 151.721
internal_count=10093 6045 3375 4048 1401 1987 1388 992 2647 1129 726 2670 712 846 476 403 242 759 608
is_linear=0
shrinkage=0.01


Tree=6
num_leaves=20
num_cat=0
split_feature=7 5 5 7 1 0 0 8 7 8 8 7 7 8 8 7 8 7 7
split_gain=398.002 173.553 113.204 96.2853 87.7407 73.0284 63.5356 65.9474 55.5314 51.276 61.8661 52.2634 38.6753 39.1745 38.841 35.8176 32.3506 28.2202 24.0635
threshold=3.5000000000000004 1.0000000180025095e-35 1.0000000180025095e-35 8.5000000000000018 103.50000000000001 29.500000000000004 60.500000000000007 5.5000000000000009 4.5000000000000009 17.500000000000004 6.5000000000000009 7.5000000000000009 10.500000000000002 21.500000000000004 16.500000000000004 1.0000000180025095e-35 27.500000000000004 7.5000000000000009 7.5000000000000009
decision_type=2 2 2 2 2 2 2 2 2 2 2 2 2 2 2 2 2 2 2
left_child=2 12 15 8 -4 -6 7 -7 -3 10 17 -11 13 14 18 -1 -15 -10 -2
right_child=1 3 4 -5 5 6 -8 -9 9 11 -12 -13 -14 16 -16 -17 -18 -19 -20
leaf_value=0.0070340267153531592 -0.010893451519216741 -0.013666065706442646 0.0059361831225725019 -0.014124041800174039 -0.01130456794042287 -0.0084747414869274194 -0.013838904433887559 0.002101744537496477 -0.014645386025809989 0.0034031353805270203 -0.01277236939512561 -0.014266553835210614 -0.014018788363129064 -0.017076559345615569 0.0061749772883187273 0.0027694196546127381 -0.00081856652227129648 0.0020283285331300577 0.00059442479674570801
leaf_weight=530.96900835633278 21.447756737470627 68.954722106456757 191.53248693048954 206.13017579913139 71.356944561004639 69.096669733524323 32.71522855758667 382.77150128781796 11.485819280147551 115.62620495259762 94.165583446621895 18.985064387321472 17.216710090637207 18.716659426689148 145.10324884951115 314.6549975425005 33.652520328760147 63.593067333102226 105.72730468213558
leaf_count=2136 86 276 770 825 286 277 131 1537 46 464 377 76 69 75 583 1265 135 255 424
internal_value=0 -0.00531132 0.00294521 -0.00864476 0.000109367 -0.00190214 -0.000505862 0.000475767 -0.00559818 -0.00374502 -0.00739913 0.000861121 0.000338833 0.00112362 0.00264924 0.00545013 -0.00675118 -0.000614152 -0.00138318
internal_weight=0 920.805 1593.1 578.941 747.473 555.94 484.583 451.868 372.81 303.856 169.244 134.611 341.864 324.647 272.278 845.624 52.3692 75.0789 127.175
internal_count=10093 3691 6402 2319 3001 2231 1945 1814 1494 1218 678 540 1372 1303 1093 3401 210 301 510
is_linear=0
shrinkage=0.01


Tree=7
num_leaves=20
num_cat=0
split_feature=10 10 5 10 5 1 9 0 10 1 10 6 10 0 1 9 8 5 0
split_gain=1779.59 469.334 361.304 204.265 147.396 88.5309 54.0182 45.4677 42.8093 40.3967 34.9195 33.5633 31.1996 30.6259 28.8836 20.2767 18.4396 16.7948 22.2222
threshold=205.50000000000003 474.50000000000006 1.0000000180025095e-35 124.50000000000001 1.0000000180025095e-35 61.500000000000007 2.5000000000000004 59.500000000000007 649.50000000000011 103.50000000000001 77.500000000000014 1.0000000180025095e-35 375.50000000000006 29.500000000000004 974.50000000000011 1.5000000000000002 4.5000000000000009 1.0000000180025095e-35 30.500000000000004
decision_type=2 2 2 2 2 2 2 2 2 2 2 2 2 2 2 2 2 2 2
left_child=3 2 12 10 -5 -4 9 11 -3 -6 -1 13 14 -7 -2 -15 -16 -12 -19
right_child=1 8 5 4 6 7 -8 -9 -10 -11 17 -13 -14 15 16 -17 -18 18 -20
leaf_value=0.017205353282411497 0.0098255695409792034 -0.0098194979636349478 0.0028552159528990118 0.011555844752847358 0.0073928126212022939 -0.014257052890420332 0.0078656414540719723 -0.016908885792711145 -0.015136882920667493 -0.0045846098253603217 0.014542080963697889 0.0038559973809756259 0.00038212714711499673 -0.0099482654944110967 -0.010001928793319069 -0.0043606369917990771 0.004403501704966303 0.00092500120160672985 0.011323382942274108
leaf_weight=251.37373657524586 177.96757908165455 243.51975233852863 71.263529017567635 213.91005602478981 33.82734277844429 73.721463605761528 69.158414155244827 64.240015625953674 423.63620863854885 155.33949157595634 136.56699261069298 22.953240245580673 79.730695396661758 121.13138650357723 9.4704194217920286 142.80314520001411 78.135681167244911 24.908286303281784 119.9157393425703
leaf_count=1015 716 975 286 862 136 295 278 257 1695 623 551 92 320 485 38 572 314 100 483
internal_value=0 -0.00694583 -0.0019765 0.0102266 0.00542829 -0.00743988 0.000339919 -0.00916829 -0.0132061 -0.0024269 0.0144694 -0.00776469 0.00587228 -0.00855985 0.00751616 -0.00694106 0.00279132 0.0119952 0.00954567
internal_weight=0 1508.57 841.417 1005 472.235 496.113 258.325 424.849 667.156 189.167 532.765 360.609 345.304 337.656 265.574 263.935 87.6061 281.391 144.824
internal_count=10093 6045 3375 4048 1899 1987 1037 1701 2670 759 2149 1444 1388 1352 1068 1057 352 1134 583
is_linear=0
shrinkage=0.01


Tree=8
num_leaves=20
num_cat=0
split_feature=10 7 10 10 10 8 0 3 10 7 7 7 8 7 8 1 7 10 7
split_gain=1727.91 618.855 286.058 201.462 129.03 95.263 76.7398 56.1469 50.0095 49.9483 47.4153 75.1611 70.4449 102.607 96.6338 46.9382 35.8597 33.0671 30.0195
threshold=342.50000000000006 3.5000000000000004 130.50000000000003 165.50000000000003 649.50000000000011 4.5000000000000009 59.500000000000007 10.500000000000002 77.500000000000014 1.0000000180025095e-35 8.5000000000000018 4.5000000000000009 16.500000000000004 7.5000000000000009 6.5000000000000009 363.50000000000006 1.0000000180025095e-35 387.50000000000006 7.5000000000000009
decision_type=2 2 2 2 2 2 2 2 2 2 2 2 2 2 2 2 2 2 2
left_child=1 3 8 -1 9 -5 7 15 -3 17 11 -4 14 -14 -13 -7 -17 -2 -10
right_child=4 2 10 5 -6 6 -8 -9 18 -11 -12 12 13 -15 -16 16 -18 -19 -20
leaf_value=0.015573682411632395 0.0080615790280325998 0.015519894975991905 -0.01454518917659452 -0.0070104877305401762 -0.01469446439354581 0.013291033490073132 -0.012481163737654359 -0.011534792251547714 0.010336766775218074 -0.0090388798800968805 -0.010236986304102458 0.003185002605526181 0.0097938167667184547 -0.01782091483855416 -0.016356821049290687 0.011278627403734802 0.0024444360416763429 -0.0043985508545076784 -0.00015896900567202493
leaf_weight=532.2827535122633 26.079283654689789 70.546300172805786 47.464259803295135 46.605756640434265 421.45728278160095 181.74638275802135 16.971393048763275 12.466910898685454 50.176325082778931 389.57872721552849 166.05994755029678 50.873476058244705 83.145039513707161 15.489251703023909 49.468678131699562 78.676274329423904 110.35479000210762 105.78343352675438 58.815002486109734
leaf_count=2151 105 285 190 187 1686 732 68 50 202 1560 665 204 334 62 198 317 443 424 236
internal_value=0 0.0065406 -0.00152988 0.0114186 -0.010579 0.00645527 0.00803117 0.00895682 0.00898845 -0.0072402 -0.00611402 -0.00331851 -0.000606366 0.00537933 -0.00648732 0.00966257 0.00614429 -0.00191 0.00470176
internal_weight=0 1571.14 592.038 979.104 942.899 446.822 400.216 383.244 179.538 521.441 412.501 246.441 198.976 98.6343 100.342 370.777 189.031 131.863 108.991
internal_count=10099 6324 2376 3948 3775 1797 1610 1542 723 2089 1653 988 798 396 402 1492 760 529 438
is_linear=0
shrinkage=0.01


end of trees

feature_importances:
Column_7=44
Column_10=39
Column_8=30
Column_5=20
Column_0=15
Column_1=13
Column_9=5
Column_3=2
Column_6=2
Column_2=1

parameters:
[boosting: gbdt]
[objective: binary]
[metric: auc]
[tree_learner: serial]
[device_type: cpu]
[linear_tree: 0]
[data: ]
[valid: ]
[num_iterations: 200]
[learning_rate: 0.01]
[num_leaves: 20]
[num_threads: -1]
[deterministic: 0]
[force_col_wise: 0]
[force_row_wise: 0]
[histogram_pool_size: -1]
[max_depth: 9]
[min_data_in_leaf: 20]
[min_sum_hessian_in_leaf: 0.001]
[bagging_fraction: 0.906128]
[pos_bagging_fraction: 1]
[neg_bagging_fraction: 1]
[bagging_freq: 4]
[bagging_seed: 3]
[feature_fraction: 0.898212]
[feature_fraction_bynode: 1]
[feature_fraction_seed: 2]
[extra_trees: 0]
[extra_seed: 6]
[early_stopping_round: 2]
[first_metric_only: 0]
[max_delta_step: 0]
[lambda_l1: 0]
[lambda_l2: 0.573466]
[linear_lambda: 0]
[min_gain_to_split: 0]
[drop_rate: 0.1]
[max_drop: 50]
[skip_drop: 0.5]
[xgboost_dart_mode: 0]
[uniform_drop: 0]
[drop_seed: 4]
[top_rate: 0.2]
[other_rate: 0.1]
[min_data_per_group: 100]
[max_cat_threshold: 32]
[cat_l2: 10]
[cat_smooth: 10]
[max_cat_to_onehot: 4]
[top_k: 20]
[monotone_constraints: ]
[monotone_constraints_method: basic]
[monotone_penalty: 0]
[feature_contri: ]
[forcedsplits_filename: ]
[refit_decay_rate: 0.9]
[cegb_tradeoff: 1]
[cegb_penalty_split: 0]
[cegb_penalty_feature_lazy: ]
[cegb_penalty_feature_coupled: ]
[path_smooth: 0]
[interaction_constraints: ]
[verbosity: 1]
[saved_feature_importance_type: 0]
[max_bin: 255]
[max_bin_by_feature: ]
[min_data_in_bin: 3]
[bin_construct_sample_cnt: 200000]
[data_random_seed: 1]
[is_enable_sparse: 1]
[enable_bundle: 1]
[use_missing: 1]
[zero_as_missing: 0]
[feature_pre_filter: 1]
[pre_partition: 0]
[two_round: 0]
[header: 0]
[label_column: ]
[weight_column: ]
[group_column: ]
[ignore_column: ]
[categorical_feature: ]
[forcedbins_filename: ]
[objective_seed: 5]
[num_class: 1]
[is_unbalance: 0]
[scale_pos_weight: 1]
[sigmoid: 1]
[boost_from_average: 1]
[reg_sqrt: 0]
[alpha: 0.9]
[fair_c: 1]
[poisson_max_delta_step: 0.7]
[tweedie_variance_power: 1.5]
[lambdarank_truncation_level: 30]
[lambdarank_norm: 1]
[label_gain: ]
[eval_at: ]
[multi_error_top_k: 1]
[auc_mu_weights: ]
[num_machines: 1]
[local_listen_port: 12400]
[time_out: 120]
[machine_list_filename: ]
[machines: ]
[gpu_platform_id: -1]
[gpu_device_id: -1]
[gpu_use_dp: 0]
[num_gpu: 1]

end of parameters

pandas_categorical:null
