tree
version=v3
num_class=1
num_tree_per_iteration=1
label_index=0
max_feature_idx=74
objective=binary sigmoid:1
feature_names=Column_0 Column_1 Column_2 Column_3 Column_4 Column_5 Column_6 Column_7 Column_8 Column_9 Column_10 Column_11 Column_12 Column_13 Column_14 Column_15 Column_16 Column_17 Column_18 Column_19 Column_20 Column_21 Column_22 Column_23 Column_24 Column_25 Column_26 Column_27 Column_28 Column_29 Column_30 Column_31 Column_32 Column_33 Column_34 Column_35 Column_36 Column_37 Column_38 Column_39 Column_40 Column_41 Column_42 Column_43 Column_44 Column_45 Column_46 Column_47 Column_48 Column_49 Column_50 Column_51 Column_52 Column_53 Column_54 Column_55 Column_56 Column_57 Column_58 Column_59 Column_60 Column_61 Column_62 Column_63 Column_64 Column_65 Column_66 Column_67 Column_68 Column_69 Column_70 Column_71 Column_72 Column_73 Column_74
feature_infos=[0:75] [-6847:81204] [0:2] [0:11] [0:1] [0:1] [0:11] [0:30] [0:35] [4:3881] [0:1] [1384:81204] [378.5:5250.75] [1:31] [-79551:80943] [-3449:3790] [-1:1] [0.0002576655501159495:0.25] none [0:1] [0:1] none none none [0:1] none [0:1] none none none none none [0:1] none none none none [0:1] none [0:1] [0:1] [0:1] none none [0:1] [0:1] [0:1] [0:1] [0:1] [0:1] none none none [0:1] [0:1] [0:1] [0:1] [0:1] [0:1] [0:1] [0:1] [0:1] [0:1] [0:1] [0:1] [-6846:1] [0:3176] [-6641:2770] [1:12] [-1410482:73437504] [0:1] [6.7192259451711163e-05:0.99993280774054827] [0.00029116645762408168:0.99997760258018276] [3006147211.6465869:3835155211.6465869] [0:6]
tree_sizes=2236 2226 2240 2213 2218 2209 2255 2245 2258 2207 2223 2254 2244 2244 2216 2239 2228 2206 2224 2245 2226 2224 2218 2254 2218 2203 2225 2233 2220 2234 2220 2220

Tree=0
num_leaves=20
num_cat=0
split_feature=9 9 4 67 4 1 58 9 9 0 4 0 8 58 5 0 39 58 7
split_gain=1482.21 372.517 309.176 180.162 111.021 92.6239 71.6257 46.5793 38.8299 38.3684 32.6072 32.2776 31.3689 30.758 27.6589 25.2499 23.9293 19.1886 18.9412
threshold=206.50000000000003 442.50000000000006 1.0000000180025095e-35 126.50000000000001 1.0000000180025095e-35 62.500000000000007 1.0000000180025095e-35 87.500000000000014 652.50000000000011 42.500000000000007 1.0000000180025095e-35 9.5000000000000018 1.5000000000000002 1.0000000180025095e-35 1.0000000180025095e-35 11.500000000000002 1.0000000180025095e-35 1.0000000180025095e-35 4.5000000000000009
decision_type=2 2 2 2 2 2 2 2 2 2 2 2 2 2 2 2 2 2 2
left_child=3 2 6 7 13 -4 -2 -1 -3 14 -9 -12 -6 -5 15 -7 -13 -17 -19
right_child=1 8 5 4 12 9 -8 10 -10 -11 11 16 -14 -15 -16 17 -18 18 -20
leaf_value=0.43842189727117575 0.12857747969401645 -0.11074933884752253 0.25410066842113366 0.22309797204689902 0.0045991682294143771 -0.20845534638384342 0.34447390798911082 0.38303623368979234 -0.21977428474130331 -0.27494479357671298 -0.0437071172278162 0.34103885725361682 0.21805098235236803 0.43879141856804926 0.16281980555678924 -0.079579522475346332 0.15720765717326626 -0.12688092342971616 0.20772598107075671
leaf_weight=230.32986353337765 140.49373041093349 231.57758760452271 32.191281035542488 61.388024300336838 115.28970417380333 54.899859130382538 109.05108381807804 141.99099929630756 319.66690702736378 42.672163233160973 13.475419968366621 81.102064624428749 35.435363620519638 47.912604331970215 18.466316252946854 178.42454217374325 44.418976932764053 9.4827029407024401 19.4644955098629
leaf_count=923 563 928 129 246 462 220 437 569 1281 171 54 325 142 192 74 715 178 38 78
internal_value=0.0853918 -0.0554553 0.0529621 0.302362 0.166525 -0.0666706 0.223387 0.371234 -0.174281 -0.0988958 0.315415 0.245187 0.0551644 0.319303 -0.0713032 -0.0879505 0.276748 -0.0551629 0.0956793
internal_weight=0 1156.39 605.146 771.343 260.026 355.601 249.545 511.317 551.244 323.41 280.987 138.996 150.725 109.301 280.738 262.272 125.521 207.372 28.9472
internal_count=7725 4634 2425 3091 1042 1425 1000 2049 2209 1296 1126 557 604 438 1125 1051 503 831 116
is_linear=0
shrinkage=1


Tree=1
num_leaves=20
num_cat=0
split_feature=15 69 4 4 66 15 66 69 4 66 58 0 69 0 0 0 0 0 58
split_gain=658.121 307.647 114.275 112.66 93.8692 61.8048 49.2696 37.3792 36.6167 31.6881 25.5233 23.0922 22.1913 20.4846 29.156 19.924 30.0241 19.0629 17.8974
threshold=158.50000000000003 177574.50000000003 1.0000000180025095e-35 1.0000000180025095e-35 67.500000000000014 344.50000000000006 123.50000000000001 11256.000000000002 1.0000000180025095e-35 265.50000000000006 1.0000000180025095e-35 9.5000000000000018 96140.000000000015 11.500000000000002 39.500000000000007 41.500000000000007 20.500000000000004 42.500000000000007 1.0000000180025095e-35
decision_type=2 2 2 2 2 2 2 2 2 2 2 2 2 2 2 2 2 2 2
left_child=1 3 6 9 11 8 18 -6 -2 10 -1 -5 -10 -4 -15 16 -9 -13 -3
right_child=5 2 13 4 7 -7 -8 15 12 -11 -12 17 -14 14 -16 -17 -18 -19 -20
leaf_value=0.1917143655309263 -0.002535783971193565 0.097696556901958054 -0.24088176154985647 -0.034829676330549925 0.24164626708535797 -0.22720424070409706 -0.034647499287805042 -0.10770586736684407 -0.017668690191586268 -0.058146716863036685 0.29559804717398225 0.20803803241656715 -0.20865006425582444 -0.058082623754644264 -0.21570153167923373 -0.26790797931633487 0.073010754035808395 -0.059126778756593203 0.26122953367908047
leaf_weight=202.65816459059715 100.16785001754761 71.533939242362976 45.915265068411827 19.448174238204956 18.389657020568848 351.31829220056534 92.674462214112282 86.0867770165205 32.233492404222488 14.29519699513912 190.03625971078873 182.35508008301258 100.40161326527596 196.86320179700851 61.318405419588089 15.061001271009443 63.170210972428322 11.053461611270903 43.558144003152847
leaf_count=834 405 291 185 79 75 1419 375 347 130 58 790 750 404 793 248 61 255 45 181
internal_value=0 0.0807462 -0.040382 0.157969 0.081743 -0.174264 0.0737965 -0.0234118 -0.09393 0.231786 0.242425 0.171784 -0.162575 -0.118382 -0.0960014 -0.0539788 -0.0312372 0.192611 0.160798
internal_weight=0 1314.42 511.863 802.554 395.564 584.121 207.767 182.708 232.803 406.99 392.694 212.857 132.635 304.097 258.182 164.318 149.257 193.409 115.092
internal_count=7725 5367 2073 3294 1612 2358 847 738 939 1682 1624 874 534 1226 1041 663 602 795 472
is_linear=0
shrinkage=0.2


Tree=2
num_leaves=20
num_cat=0
split_feature=9 17 4 9 1 58 58 8 10 9 0 0 3 3 4 0 0 1 8
split_gain=738.282 217.007 175.634 64.5281 63.6752 50.483 48.3937 45.5786 27.2253 21.1191 20.2764 21.0662 22.2377 16.2106 15.3015 14.8501 16.991 12.5018 12.433
threshold=175.50000000000003 0.0022701504844361993 1.0000000180025095e-35 87.500000000000014 62.500000000000007 1.0000000180025095e-35 1.0000000180025095e-35 1.0000000180025095e-35 1.0000000180025095e-35 611.50000000000011 41.500000000000007 11.500000000000002 3.5000000000000004 4.5000000000000009 1.0000000180025095e-35 11.500000000000002 42.500000000000007 968.50000000000011 1.0000000180025095e-35
decision_type=2 2 2 2 2 2 2 2 2 2 2 2 2 2 2 2 2 2 2
left_child=3 9 5 -1 -4 13 7 -5 10 14 11 -6 18 17 -2 -9 -17 -3 -13
right_child=1 2 4 6 8 -7 -8 15 -10 -11 -12 12 -14 -15 -16 16 -18 -19 -20
leaf_value=0.27276718845179387 -0.067965604768755405 0.053816279557656513 0.14709195085133894 0.00023921421561248779 -0.21741763419944668 0.2045620917004749 0.24865540460559279 -0.00054667609926677726 0.081891749829286306 -0.21159636471285137 -0.25108535211457189 -0.1885297122913846 0.00065668666880482084 0.12769334615446812 -0.18164967323329143 0.19983850027797023 -0.076684659676213143 -0.078714884506611973 -0.076772916270323607
leaf_weight=208.4038911908865 91.561286136507988 60.762802541255951 38.552035465836525 124.06782583892345 62.890327721834183 121.85830637812614 108.62832295894623 20.206075891852379 24.339719012379646 345.89115378260612 51.172259151935577 75.437692478299141 77.831924393773079 50.803003519773483 100.41525730490685 137.29133287072182 9.1453331857919675 52.342084437608719 86.99217963218689
leaf_count=923 371 249 161 512 260 525 478 83 98 1442 215 304 314 207 410 574 37 211 351
internal_value=0 -0.0863906 -0.0131899 0.182536 -0.0958615 0.107449 0.13505 0.092102 -0.120823 -0.18192 -0.134883 -0.114733 -0.0872983 0.0346842 -0.127875 0.160207 0.182285 -0.00762317 -0.129265
internal_weight=0 1240.85 702.982 607.743 417.216 285.766 399.339 290.711 378.664 537.868 354.324 303.152 240.262 163.908 191.977 166.643 146.437 113.105 162.43
internal_count=7725 5118 2895 2607 1703 1192 1684 1206 1542 2223 1444 1229 969 667 781 694 611 460 655
is_linear=0
shrinkage=0.2


Tree=3
num_leaves=20
num_cat=0
split_feature=9 6 17 9 6 6 6 7 6 7 9 7 4 1 6 6 56 4 6
split_gain=513.11 248.835 86.8043 84.6551 73.7076 54.2425 60.1994 61.8882 67.2264 56.2743 42.6568 34.2276 30.3068 24.3486 22.4038 21.4369 21.2844 21.105 19.6919
threshold=249.50000000000003 3.5000000000000004 0.012903762903762906 477.50000000000006 2.5000000000000004 8.5000000000000018 4.5000000000000009 16.500000000000004 7.5000000000000009 7.5000000000000009 153.50000000000003 3.5000000000000004 1.0000000180025095e-35 981.50000000000011 9.5000000000000018 10.500000000000002 1.0000000180025095e-35 1.0000000180025095e-35 8.5000000000000018
decision_type=2 2 2 2 2 2 2 2 2 2 2 2 2 2 2 2 2 2 2
left_child=1 10 5 4 11 6 -3 9 -9 -8 -1 -2 14 -12 -7 -16 -13 -15 -6
right_child=3 2 -4 -5 18 12 7 8 -10 -11 13 16 -14 17 15 -17 -18 -19 -20
leaf_value=0.24776165942395501 -0.15397560517070596 -0.25472863067039292 0.23093344090326934 -0.16052595364206387 -0.073680526458460849 -0.33569629484988162 0.10143381041600966 0.28069716862633204 -0.28928651005696837 -0.23057539595047696 0.17955625609391679 0.0056357187390695561 -0.26066744887838839 0.16354866539571009 0.14521541010218358 -0.26377528283214308 0.14298072107173285 -0.051800474192379688 -0.19329561731682002
leaf_weight=308.29512797296047 28.322918727993965 29.649316713213921 45.289026081562042 465.80489528179169 175.89416526257992 6.8163444250822058 40.854728728532791 55.98502553999424 9.1053340435028058 39.541628360748291 139.9753425270319 83.407567277550697 66.252320602536201 30.296550467610359 21.704777166247371 5.9629419595003119 97.805563777685165 43.520309373736382 80.581394404172897
leaf_count=1449 118 122 219 2012 732 29 172 236 38 165 620 352 274 133 93 25 422 178 336
internal_value=0 0.114954 -0.0235548 -0.100288 -0.0399262 -0.0658141 0.00158716 0.0547965 0.198724 -0.0624427 0.200074 0.0479909 -0.182194 0.13072 -0.0292315 0.0527179 0.0800306 0.037294 -0.111688
internal_weight=0 843.249 321.161 931.817 466.012 275.872 175.136 145.487 65.0904 80.3964 522.087 209.536 100.736 213.792 34.4841 27.6677 181.213 73.8169 256.476
internal_count=7725 3753 1373 3972 1960 1154 733 611 274 337 2380 892 421 931 147 118 774 311 1068
is_linear=0
shrinkage=0.2


Tree=4
num_leaves=20
num_cat=0
split_feature=9 17 6 6 4 4 69 6 9 6 9 6 0 6 0 6 6 6 4
split_gain=338.843 135.583 128.121 91.2315 47.9007 40.077 37.6171 32.2858 31.7751 27.7891 26.0135 24.3541 20.7415 19.983 15.4748 14.4819 28.8944 14.4554 14.3679
threshold=151.50000000000003 0.0024660949948306274 3.5000000000000004 7.5000000000000009 1.0000000180025095e-35 1.0000000180025095e-35 84488.000000000015 2.5000000000000004 62.500000000000007 10.500000000000002 680.50000000000011 4.5000000000000009 12.500000000000002 8.5000000000000018 42.500000000000007 3.5000000000000004 4.5000000000000009 4.5000000000000009 1.0000000180025095e-35
decision_type=2 2 2 2 2 2 2 2 2 2 2 2 2 2 2 2 2 2 2
left_child=3 10 5 15 9 7 -7 -3 -5 11 18 -4 -8 17 -14 -1 -17 -6 -2
right_child=1 2 4 8 13 6 12 -9 -10 -11 -12 -13 14 -15 -16 16 -18 -19 -20
leaf_value=0.22216285761344473 -0.03645606543511342 0.17472454220866063 -0.30098340379186395 0.2388761258344356 -0.21975280929134047 0.12916035659090472 -0.19867277234210692 -0.094220352361817555 -0.085047086798025889 -0.29741595615526761 -0.17161692331020739 0.083498628975740827 0.02252919337470876 -0.22208209906260531 -0.21368421744939675 -0.14018140125656467 0.17992060008137295 -0.058577813374686809 -0.12658038022072279
leaf_weight=272.49117058515549 136.16683566570282 171.13605533540249 6.4357305914163581 13.88903586566448 28.170291855931282 80.83228388428688 26.501529186964035 19.482526391744614 70.820348724722862 9.1776629835367185 258.86245888471603 87.507501870393753 99.070783540606499 80.859940886497498 11.778675258159636 13.415696039795874 57.850008383393288 101.22186839580536 148.39446842670441
leaf_count=1418 578 809 26 75 121 345 114 82 307 37 1205 364 405 353 53 56 276 428 650
internal_value=0 -0.0503275 0.00647217 0.155305 -0.0896313 0.0801691 0.0215044 0.146991 -0.0304073 0.0219425 -0.125721 0.0551191 -0.0421872 -0.144245 -0.00375889 0.201037 0.118881 -0.0946655 -0.0836507
internal_weight=0 1265.6 722.175 428.466 313.373 408.802 218.183 190.619 84.7094 103.121 543.424 93.9432 137.351 210.252 110.849 343.757 71.2657 129.392 284.561
internal_count=7702 5570 3137 2132 1329 1808 917 891 382 427 2433 390 572 902 458 1750 332 549 1228
is_linear=0
shrinkage=0.2


Tree=5
num_leaves=20
num_cat=0
split_feature=9 9 6 6 7 7 7 6 6 7 9 4 6 8 9 5 9 1 6
split_gain=245.378 100.334 103.907 47.2303 39.9646 28.1142 26.3316 58.2856 73.3907 35.2029 23.0778 22.0061 27.2274 24.66 19.8958 18.5298 18.4489 16.1958 15.4943
threshold=137.50000000000003 383.50000000000006 3.5000000000000004 7.5000000000000009 3.5000000000000004 6.5000000000000009 15.500000000000002 7.5000000000000009 4.5000000000000009 6.5000000000000009 799.50000000000011 1.0000000180025095e-35 2.5000000000000004 2.5000000000000004 333.50000000000006 1.0000000180025095e-35 62.500000000000007 248.50000000000003 8.5000000000000018
decision_type=2 2 2 2 2 2 2 2 2 2 2 2 2 2 2 2 2 2 2
left_child=3 2 4 -1 -2 -5 9 8 -8 18 15 12 -6 -14 17 -3 -7 -13 -4
right_child=1 10 6 5 11 16 7 -9 -10 -11 -12 14 13 -15 -16 -17 -18 -19 -20
leaf_value=0.18946776775770161 -0.093581642748164398 -0.089902789805562572 0.049763468220543172 0.17184442079455003 0.18084181896052462 0.20115784936875475 -0.2301408915040879 -0.15646691187938791 0.19621564740322484 -0.21290079554616537 -0.16236233541983236 0.17460083799337078 -0.21620082103266169 0.27776445112193993 -0.10776175796230623 0.051770664124861046 -0.14227350317168838 0.037129291392965467 -0.14820506311315465
leaf_weight=271.80965237319469 47.588461309671402 339.33369986712933 42.905270949006081 25.327018544077873 150.29011957347393 6.8091696202754965 20.761350020766258 66.299588307738304 65.048516020178795 91.77592346072197 176.03954979777336 48.841398924589157 13.252675235271456 5.0193957835435858 25.854621604084969 40.968515634536743 38.438420534133911 113.04248486459255 24.130304306745529
leaf_count=1548 207 1531 181 120 786 42 92 294 280 400 882 219 56 21 110 183 165 479 106
internal_value=0 -0.0388878 0.0106911 0.151704 0.0775369 0.00582872 -0.0761212 -0.0165041 0.0920285 -0.132898 -0.102522 0.100531 0.152885 -0.0752435 0.0531299 -0.0745735 -0.0883048 0.0791809 -0.0222963
internal_weight=0 1271.15 714.81 342.384 403.889 70.5746 310.921 152.109 85.8099 158.811 556.342 356.301 168.562 18.2721 187.739 380.302 45.2476 161.884 67.0356
internal_count=7702 5827 3231 1875 1878 327 1353 666 372 687 2596 1671 863 77 808 1714 207 698 287
is_linear=0
shrinkage=0.2


Tree=6
num_leaves=20
num_cat=0
split_feature=17 17 4 6 6 5 6 14 67 6 17 8 16 6 17 1 17 16 60
split_gain=174.553 72.2916 73.895 46.4435 39.2634 26.8877 22.1493 20.0773 19.2613 15.8946 20.2026 15.7284 13.1861 11.9761 12.281 10.7588 9.5169 8.2599 8.23369
threshold=0.0074350469872857946 0.0016273403776383042 1.0000000180025095e-35 8.5000000000000018 3.5000000000000004 1.0000000180025095e-35 10.500000000000002 937.50000000000011 77.500000000000014 1.0000000180025095e-35 0.0033613540324949724 1.0000000180025095e-35 0.0064309346567411095 3.5000000000000004 0.0030627943190559281 951.50000000000011 0.0024660949948306274 0.0002695783502459017 1.0000000180025095e-35
decision_type=2 2 2 2 2 2 2 2 2 2 2 2 2 2 2 2 2 2 2
left_child=1 18 6 5 -2 7 9 11 -6 10 -3 17 15 14 -13 16 -11 -4 -1
right_child=4 2 3 -5 8 -7 -8 -9 -10 12 -12 13 -14 -15 -16 -17 -18 -19 -20
leaf_value=-0.15638424305194074 0.19458580516415833 0.047192954963664505 0.1862463445593901 -0.17715210326659533 0.1493718360026775 0.11916108247330795 -0.22186781971072495 -0.10541293197103326 -0.018349577281722106 -0.022715217872552932 0.18852851300616413 -0.022402072270419723 -0.092017038126908451 -0.053544826960393838 0.1184461483677165 0.0046044098699486542 0.12840494725533871 -0.072736847421591047 -0.086796606372110341
leaf_weight=136.16272194683552 186.17163501679897 84.795499011874199 4.4700258225202552 97.866448312997818 43.579639881849289 45.400288835167885 10.191008523106573 133.78131300210953 71.445076748728752 20.757757365703583 77.780095055699348 38.154699593782425 28.617628529667854 45.365443393588066 68.827750682830811 98.613473549485207 80.141636416316032 124.0340164899826 143.14029450714588
leaf_count=711 1226 394 21 478 264 201 43 594 319 88 485 168 127 201 307 420 359 549 747
internal_value=0 -0.0316252 -0.00551192 -0.0525517 0.137973 -0.0258147 0.0599274 -0.0418636 0.0457167 0.0676629 0.115332 -0.0114048 0.0334421 0.0320052 0.0683951 0.0516975 0.0973734 -0.0627638 -0.121029
internal_weight=0 1238.1 958.797 557.9 301.196 460.034 400.897 414.633 115.025 390.706 162.576 280.852 228.13 152.348 106.982 199.513 100.899 128.504 279.303
internal_count=7702 5893 4435 2519 1809 2041 1916 1840 583 1873 879 1246 994 676 475 867 447 570 1458
is_linear=0
shrinkage=0.2


Tree=7
num_leaves=20
num_cat=0
split_feature=17 72 4 67 5 0 8 2 72 67 39 56 1 62 3 0 12 7 7
split_gain=124.169 51.4337 50.8559 23.4316 20.9861 16.9933 15.848 14.1193 14.5637 13.7733 13.5045 11.9223 11.0215 10.5232 10.041 9.07228 9.04657 8.78 13.5237
threshold=0.0074350469872857946 0.8134294929224154 1.0000000180025095e-35 79.500000000000014 1.0000000180025095e-35 42.500000000000007 2.5000000000000004 1.0000000180025095e-35 0.50472585558143712 238.50000000000003 1.0000000180025095e-35 1.0000000180025095e-35 1.0000000180025095e-35 1.0000000180025095e-35 3.5000000000000004 8.5000000000000018 1483.0360896329107 15.500000000000002 8.5000000000000018
decision_type=2 2 2 2 2 2 2 2 2 2 2 2 2 2 2 2 2 2 2
left_child=1 2 5 -2 6 7 12 14 -9 -8 -5 -12 -4 -10 -1 -6 -3 18 -14
right_child=3 16 4 10 15 -7 9 8 13 -11 11 -13 17 -15 -16 -17 -18 -19 -20
leaf_value=0.051249821859630999 0.18164806390623328 0.13172085851805793 0.17498423362153528 0.11599977232625745 -0.15694441412399318 -0.27615740303034136 0.10489847820355525 0.083476938953751606 -0.015240970420574988 -0.082892414957646196 -0.087937872826493887 0.093130653144030254 -0.056511533693955521 -0.225353231235078 0.1372836941276345 0.11530742262473806 -0.10956239024808477 -0.039175515520936177 -0.15079843476913135
leaf_weight=126.32617296278477 135.10915721952915 5.8015345036983481 6.5986569821834555 83.211519338190556 4.9251572191715232 5.5633269846439353 41.414805009961128 64.702005758881569 84.697011306881905 24.193819954991341 32.833915591239929 24.989367641508579 140.64320303499699 10.060499921441076 96.320728227496147 41.24883271753788 259.38793535530567 174.59689676761627 108.49318510293961
leaf_count=603 1008 32 32 496 21 24 190 365 382 112 159 146 647 43 494 187 1436 819 506
internal_value=0 -0.0263808 -0.00419518 0.122261 -0.0437269 0.0510647 -0.0557538 0.0563273 0.010818 0.0355041 0.0647509 -0.00950715 -0.0697022 -0.0390441 0.0887844 0.0843495 -0.10395 -0.0737962 -0.0978801
internal_weight=0 1194.97 929.784 276.144 542.115 387.67 495.941 382.106 159.46 65.6086 141.035 57.8233 430.332 94.7575 222.647 46.174 265.189 423.733 249.136
internal_count=7702 5893 4425 1809 2514 1911 2306 1887 790 302 801 305 2004 425 1097 208 1468 1972 1153
is_linear=0
shrinkage=0.2


Tree=8
num_leaves=20
num_cat=0
split_feature=9 9 8 9 3 3 4 8 58 16 58 2 69 9 16 69 49 39 14
split_gain=99.51 32.1509 22.5144 21.329 26.8852 32.6063 18.0845 17.248 14.5479 13.1579 12.9413 12.4065 11.418 10.1308 9.78483 11.1275 8.88624 8.8223 7.82581
threshold=177.50000000000003 79.500000000000014 2.5000000000000004 410.50000000000006 10.500000000000002 4.5000000000000009 1.0000000180025095e-35 2.5000000000000004 1.0000000180025095e-35 8.0405462557385434e-05 1.0000000180025095e-35 1.0000000180025095e-35 711745.50000000012 143.50000000000003 0.00037453188774311442 275647.00000000006 1.0000000180025095e-35 1.0000000180025095e-35 1243.5000000000002
decision_type=2 2 2 2 2 2 2 2 2 2 2 2 2 2 2 2 2 2 2
left_child=1 -1 6 4 5 7 8 9 13 -2 -11 12 17 -3 -7 -16 18 -5 -8
right_child=3 2 -4 11 -6 14 16 -9 -10 10 -12 -13 -14 -15 15 -17 -18 -19 -20
leaf_value=0.18824238605940799 0.11381641005274759 0.093768919112118876 0.17432485593841041 0.043721135557211313 -0.21264494822885813 0.17481517059690807 0.026575698916043174 0.083395303270391033 0.18809651967935825 -0.074337833232416314 0.029728150506525244 -0.10093839161774748 -0.081410399744914638 -0.06120806413732182 0.089882861545317855 -0.046112717300521619 -0.23059139788965335 -0.063278370746249687 -0.071904610529430951
leaf_weight=90.896074347198009 19.03409643471241 45.948671877384186 51.506701350212097 85.293620556592941 23.487628728151321 33.574913829565048 111.45558199286461 47.360345125198364 40.02610594779253 253.17375984787941 58.478622652590275 206.88548308610916 110.7842079102993 25.830811023712158 87.897482201457024 32.539033934473991 6.3951418921351424 47.344330325722694 44.615893565118313
leaf_count=799 100 258 328 431 115 172 561 221 344 1176 317 1102 601 123 437 153 30 235 208
internal_value=0 0.0834758 0.0539023 -0.0326757 -0.00643517 0.00293651 0.0308998 -0.0286697 0.0925387 -0.0448623 -0.0547879 -0.0649882 -0.0342312 0.0379456 0.0802969 0.0530858 -0.0117345 0.00539604 -0.00177289
internal_weight=0 416.675 325.779 1005.85 555.546 532.058 274.272 378.047 111.806 330.686 311.652 450.308 243.422 71.7795 154.011 120.437 162.467 132.638 156.071
internal_count=7711 2651 1852 5060 2691 2576 1524 1814 725 1593 1493 2369 1267 381 762 590 799 666 769
is_linear=0
shrinkage=0.2


Tree=9
num_leaves=20
num_cat=0
split_feature=9 6 17 6 7 3 0 7 7 7 7 7 7 39 6 0 6 6 6
split_gain=69.7848 28.966 24.0915 37.808 35.7564 20.287 21.6177 18.6671 16.862 37.2833 25.5778 22.4174 15.3085 14.8321 15.1263 14.5245 13.4273 19.5398 19.1308
threshold=129.50000000000003 7.5000000000000009 0.002936863895118165 3.5000000000000004 3.5000000000000004 10.500000000000002 41.500000000000007 6.5000000000000009 15.500000000000002 20.500000000000004 26.500000000000004 6.5000000000000009 3.5000000000000004 1.0000000180025095e-35 2.5000000000000004 6.5000000000000009 5.5000000000000009 4.5000000000000009 8.5000000000000018
decision_type=2 2 2 2 2 2 2 2 2 2 2 2 2 2 2 2 2 2 2
left_child=1 12 -2 4 -4 6 13 -3 11 16 -11 -5 -1 -6 -15 -14 17 -10 -18
right_child=2 7 3 8 5 -7 -8 -9 9 10 -12 -13 15 14 -16 -17 18 -19 -20
leaf_value=-0.070160499626611181 -0.048573425651198925 0.14101862865574341 -0.1134067535195569 -0.0038434606547125272 0.13713124738603952 -0.17361517410662897 -0.14360670598726769 -0.10114435522104284 -0.16205019931065653 -0.22631893198795561 0.019325968216693797 -0.16509934534166859 -0.25883173944254956 0.080256479695502134 -0.11133018438725813 0.17144083721974568 -0.2871809912958147 0.25056126335593887 0.10716451668512478
leaf_weight=11.772455640137194 550.71973219513893 18.452209465205669 43.977229446172714 61.17037159204483 173.27954329550266 11.595910616219042 14.490632489323614 37.315900355577469 4.8517563045024863 31.303961291909218 35.839857921004295 78.440864019095898 2.6063294485211363 74.551963187754154 20.450699031352997 150.72968643158674 6.0280867516994503 31.763530381023884 17.594387575984001
leaf_count=89 2908 110 199 278 962 57 70 193 22 154 173 388 17 434 88 1310 27 148 84
internal_value=0 0.104187 -0.0183314 0.00920631 0.0535583 0.0787128 0.0894651 -0.0202609 -0.0469916 0.00565987 -0.0963576 -0.0948187 0.146129 0.102396 0.0384998 0.162979 0.119173 0.193865 0.00114247
internal_weight=0 220.877 1156.06 605.339 338.346 294.369 282.773 55.7681 266.993 127.382 67.1438 139.611 165.108 268.282 95.0027 153.336 60.2378 36.6153 23.6225
internal_count=7711 1719 5992 3084 1810 1611 1554 303 1274 608 327 666 1416 1484 522 1327 281 170 111
is_linear=0
shrinkage=0.2


Tree=10
num_leaves=20
num_cat=0
split_feature=9 4 9 58 7 7 7 0 9 7 0 16 1 7 7 7 15 73 3
split_gain=53.3522 23.7267 27.0938 14.6105 19.0194 16.6623 34.7894 14.443 14.9758 14.0139 18.2844 12.5978 9.57486 9.51465 8.31002 8.09743 9.81559 8.89879 8.01226
threshold=79.500000000000014 1.0000000180025095e-35 468.00000000000006 1.0000000180025095e-35 3.5000000000000004 14.500000000000002 20.500000000000004 7.5000000000000009 352.50000000000006 15.500000000000002 41.500000000000007 4.4175679383408021e-05 300.50000000000006 6.5000000000000009 7.5000000000000009 10.500000000000002 118.50000000000001 3172337611.6465874 3.5000000000000004
decision_type=2 2 2 2 2 2 2 2 2 2 2 2 2 2 2 2 2 2 2
left_child=-1 2 3 5 -5 13 -7 14 9 11 12 -9 -11 -2 -3 -6 -17 -18 -13
right_child=1 7 -4 4 15 6 -8 8 -10 10 -12 18 -14 -15 -16 16 17 -19 -20
leaf_value=0.16878591415842492 0.025201693748237504 8.5017189600700187e-05 -0.037190661477118789 -0.3345000406036544 0.20678970311343681 0.16386194461645712 -0.05182473052354563 0.21270907825265994 -0.065137444583297288 0.13674321749928986 -0.13919523498672878 -0.073657172313873615 0.029962095937834041 -0.089668768678565242 -0.2000180348361289 0.13020259890842539 0.21896375475364538 -0.092139344536758261 0.0010033354837291834
leaf_weight=71.240812599658966 61.626856133341789 11.36222532391548 194.83537913858891 3.0455554649233809 34.473061464726925 73.779055319726467 49.538558781147003 7.3160080611705771 240.44029860198498 47.116413526237011 19.774209432303905 136.59983640164137 114.83832922577858 53.128253296017647 30.107847698032856 61.363586626946926 3.9586268365383175 16.844301640987396 98.884598590433598
leaf_count=799 297 59 1080 15 278 373 257 46 1336 263 108 672 575 254 163 530 22 92 492
internal_value=0 -0.0082941 0.0227328 0.0553761 0.112181 0.0265724 0.0774147 -0.0325625 -0.0253347 -0.00272132 0.0391955 -0.0341174 0.0614839 -0.0282021 -0.146105 0.125779 0.0903247 -0.0277165 -0.0423961
internal_weight=0 1259.03 552.593 357.758 119.685 238.073 123.318 706.44 664.97 424.529 181.729 242.8 161.955 114.755 41.4701 116.64 82.1665 20.8029 235.484
internal_count=7711 6912 3198 2118 937 1181 630 3714 3492 2156 946 1210 838 551 222 922 644 114 1164
is_linear=0
shrinkage=0.2


Tree=11
num_leaves=20
num_cat=0
split_feature=17 9 39 5 67 56 5 16 7 7 9 41 7 7 9 68 12 9 61
split_gain=40.2997 19.264 21.9736 12.5394 12.2809 12.7252 9.47804 8.03295 7.08397 6.96659 6.79366 6.76226 6.42637 7.70564 7.74328 6.55392 6.1626 6.11082 6.10387
threshold=0.012903762903762906 799.50000000000011 1.0000000180025095e-35 1.0000000180025095e-35 580.50000000000011 1.0000000180025095e-35 1.0000000180025095e-35 8.0405462557385434e-05 4.5000000000000009 3.5000000000000004 200.50000000000003 1.0000000180025095e-35 27.500000000000004 15.500000000000002 190.50000000000003 3.5000000000000004 1588.925879590309 349.50000000000006 1.0000000180025095e-35
decision_type=2 2 2 2 2 2 2 2 2 2 2 2 2 2 2 2 2 2 2
left_child=1 2 4 7 5 6 9 -4 -7 -1 -11 -9 13 14 -13 -15 -3 -8 -10
right_child=-2 16 3 -5 -6 8 17 11 18 10 -12 12 -14 15 -16 -17 -18 -19 -20
leaf_value=-0.087063121374504282 0.16086977930205504 -0.054291187640083477 0.073194884334269766 0.081438861645754979 -0.085673979943758333 -0.0076517054415544145 0.14278290900413657 -0.056849828466446942 0.059002802992046882 0.049787652796493935 -0.017997649978238512 0.1991102165566023 0.24757375950781302 0.0889056888444274 0.002025701280493663 -0.14223777047359284 -0.15680646490487851 -0.0082892289195010092 0.13290069613884825
leaf_weight=35.252329461276531 59.667147107422352 94.928428560495377 23.736354358494282 37.032589592039585 35.616801127791405 40.061376452445984 30.840706340968609 350.8127279728651 134.4542368799448 92.989092387259007 159.72879718244076 9.1839861646294576 3.5177987813949576 5.8162428364157703 41.291044630110264 20.99985708296299 31.133491396903992 16.103882312774658 68.160630084574223
leaf_count=170 771 646 148 200 207 207 210 1776 709 539 797 101 21 37 232 132 213 75 520
internal_value=0 -0.00649148 0.00197437 -0.0294678 0.0272265 0.0342841 0.00897305 -0.038599 0.0690887 -0.0046872 0.00701329 -0.044856 0.00725362 -0.00581712 0.0401279 -0.0911137 -0.0803386 0.0916014 0.084236
internal_weight=0 1231.66 1105.6 492.391 613.208 577.591 334.915 455.358 242.676 287.97 252.718 431.622 80.8089 77.2911 50.475 26.8161 126.062 46.9446 202.615
internal_count=7711 6940 6081 2647 3434 3227 1791 2447 1436 1506 1336 2299 523 502 333 169 859 285 1229
is_linear=0
shrinkage=0.2


Tree=12
num_leaves=20
num_cat=0
split_feature=17 6 6 0 0 3 69 8 72 39 12 6 14 15 17 6 72 67 40
split_gain=31.3909 26.3246 18.2163 18.0236 17.9507 18.9089 19.2207 17.2783 16.9152 13.9242 10.1132 9.95097 8.26935 7.97717 7.60149 7.14232 11.7688 9.35495 6.79061
threshold=0.0087337909992372242 3.5000000000000004 10.500000000000002 42.500000000000007 11.500000000000002 3.5000000000000004 695745.50000000012 1.0000000180025095e-35 0.7247357104461567 1.0000000180025095e-35 1501.0253560394488 2.5000000000000004 -5947.4999999999991 658.50000000000011 0.016001024065540197 2.5000000000000004 0.78738129367496879 229.50000000000003 1.0000000180025095e-35
decision_type=2 2 2 2 2 2 2 2 2 2 2 2 2 2 2 2 2 2 2
left_child=2 -2 3 4 -1 6 7 15 9 -7 -10 -11 -9 -14 -3 16 -6 -17 -12
right_child=1 14 -4 -5 5 8 -8 12 10 11 18 -13 13 -15 -16 17 -18 -19 -20
leaf_value=-0.065357783664947752 0.15847686001618475 -0.046105714458393329 -0.15715585221440026 -0.11470820220036111 0.042759483946738494 0.1286494301178108 -0.079805231533201029 -0.12203514264589588 0.26510593999282012 0.095983299627849988 -0.061862163133009851 -0.03766773271910516 0.059244242444439092 -0.10386792931370262 0.13423403152400057 -0.11574063270887365 -0.15102719959608776 0.018105189213669576 0.048103736968317996
leaf_weight=163.64511184021831 80.585122808814049 51.719738662242889 34.630319766700268 62.681361816823483 62.819733034819365 109.54629425704479 138.11985624581575 11.08143876492977 4.1836330741643897 39.521333366632462 74.635122910141945 49.352728150784969 212.01996199041605 12.081240519881247 10.681793145835398 69.866464920341969 14.915145635604857 29.42553423345089 31.401412114500999
leaf_count=924 1017 298 204 368 378 644 781 60 24 236 450 229 1137 85 144 341 88 145 184
internal_value=0 0.0834683 -0.0158249 -0.0112164 -0.00479842 0.00678295 -0.0154383 0.00622841 0.0463502 0.0811501 -0.0164146 0.0220523 0.0417008 0.0501536 -0.014084 -0.0408757 0.00455692 -0.0762265 -0.0291948
internal_weight=0 142.987 1119.93 1085.3 1022.62 858.97 550.329 412.21 308.641 198.42 110.22 88.8741 235.183 224.101 62.4015 177.027 77.7349 99.292 106.037
internal_count=7737 1459 6278 6074 5706 4782 3015 2234 1767 1109 658 465 1282 1222 442 952 466 486 634
is_linear=0
shrinkage=0.2


Tree=13
num_leaves=20
num_cat=0
split_feature=17 6 6 8 72 48 44 66 13 12 66 16 8 16 73 12 48 17 6
split_gain=24.2193 37.1333 14.4639 9.43426 8.30607 8.1413 7.1626 6.46712 13.4808 9.16929 8.67733 6.89983 6.97386 7.12789 6.56171 6.45316 7.12648 6.8517 5.72308
threshold=0.0056980519480519494 3.5000000000000004 10.500000000000002 2.5000000000000004 0.92740996237233475 1.0000000180025095e-35 1.0000000180025095e-35 515.50000000000011 22.500000000000004 1515.6756039925551 395.50000000000006 8.0405462557385434e-05 5.5000000000000009 0.0001072903965465949 3322328011.6465874 1578.3146181343234 1.0000000180025095e-35 0.016001024065540197 8.5000000000000018
decision_type=2 2 2 2 2 2 2 2 2 2 2 2 2 2 2 2 2 2 2
left_child=2 3 4 6 5 7 -2 10 9 -9 11 -1 13 -13 -10 16 17 -3 -17
right_child=1 15 -4 -5 -6 -7 -8 8 14 -11 -12 12 -14 -15 -16 18 -18 -19 -20
leaf_value=0.071859667409765529 0.088246961163162926 -0.075330915506975044 -0.16192633085491112 0.19410596418600609 -0.07857006168331096 -0.14342346105706458 -0.23804312754803339 0.15412690563829512 0.045590675549177964 -0.092560592074371395 -0.095722596845632071 -0.17831862601537865 0.10527931630694357 -0.011198358826038347 0.40819783931815135 0.092371253629897343 0.18360496843692117 0.1196729001884809 -0.058064327696293244
leaf_weight=42.875817649066448 124.88665632531047 101.9763748049736 27.31487675011158 39.305989112704992 76.540511831641197 17.156240411102772 2.0926495492458335 8.9770466610789317 3.2783724144101125 15.267745986580847 44.407306551933289 9.6766491010785085 19.55999892950058 636.87848120927811 5.3178731352090836 27.641705576330423 4.2729107327759257 7.1298662498593322 15.138790987432001
leaf_count=260 1226 528 181 497 574 85 14 57 22 99 250 53 104 3377 34 168 21 108 79
internal_value=0 0.0433172 -0.0204398 0.10889 -0.015922 -0.00988997 0.0815886 -0.00685067 0.0790875 0.000548895 -0.010667 -0.00525003 -0.0102839 -0.0138905 0.28381 -0.0266829 -0.0515764 -0.0619033 0.0390583
internal_weight=0 322.445 907.251 166.285 879.936 803.396 126.979 786.239 32.841 24.2448 753.398 708.991 666.115 646.555 8.59625 156.16 113.379 109.106 42.7805
internal_count=7737 2641 5096 1737 4915 4341 1240 4256 212 156 4044 3794 3534 3430 56 904 657 636 247
is_linear=0
shrinkage=0.2


Tree=14
num_leaves=20
num_cat=0
split_feature=9 0 2 3 69 9 4 69 0 17 66 0 9 9 69 66 12 13 66
split_gain=18.056 14.0858 15.037 16.6748 12.6433 12.2064 9.63089 9.5893 9.18187 8.89024 8.03542 7.97388 12.38 11.355 7.47928 7.12649 6.9719 6.55661 6.32627
threshold=62.500000000000007 42.500000000000007 1.0000000180025095e-35 3.5000000000000004 7935.0000000000009 520.50000000000011 1.0000000180025095e-35 574896.00000000012 6.5000000000000009 0.001606426739198877 589.50000000000011 54.500000000000007 600.50000000000011 208.50000000000003 4150152.0000000005 8.5000000000000018 1513.1305984829162 9.5000000000000018 153.50000000000003
decision_type=2 2 2 2 2 2 2 2 2 2 2 2 2 2 2 2 2 2 2
left_child=-1 2 3 4 9 8 7 18 -4 -2 -5 12 -3 17 -8 -11 -15 -13 -6
right_child=1 11 5 10 6 -7 14 -9 -10 15 -12 13 -14 16 -16 -17 -18 -19 -20
leaf_value=0.15625219094551943 -0.13994023484692031 -0.18590192554500201 -0.11963853624769688 0.070292296735912904 0.015100527552125601 -0.081531497266416744 -0.057058025606820176 -0.058395577355591512 -0.00057659870277796982 -0.03384299467893797 -0.087084240490699627 0.3339972826356894 0.11139236044795527 0.094428800172141419 0.17370110647857795 0.19826330254912772 -0.2062605902122624 0.016416707620214448 0.11714648270160451
leaf_weight=27.128350060433149 4.4480429962277404 38.21962296590209 27.215151231735945 223.8119527362287 69.182693265378475 122.09819098562002 175.33317701891065 44.91455365717411 360.05636343359947 6.5622539184987572 13.190432794392107 3.9390550181269663 6.0649285018444052 3.9314371272921553 5.1353564858436576 23.137527797371149 9.5064667090773565 6.0879679396748543 36.966096371412277
leaf_count=528 29 232 160 1420 471 832 961 256 2103 45 93 20 46 28 34 185 71 32 191
internal_value=0 -0.00672811 -0.00130703 0.0200632 -0.00673043 -0.026585 -0.0187395 0.0184774 -0.00914519 0.107888 0.0613018 -0.0947835 -0.144082 -0.000259355 -0.0498431 0.147382 -0.117969 0.154885 0.0511747
internal_weight=0 1179.8 1112.05 602.682 365.68 509.37 331.532 151.063 387.272 34.1478 237.002 67.7495 44.2846 23.4649 180.469 29.6998 13.4379 10.027 106.149
internal_count=7737 7209 6780 3685 2172 3095 1913 918 2263 259 1513 429 278 151 995 230 99 52 662
is_linear=0
shrinkage=0.2


Tree=15
num_leaves=20
num_cat=0
split_feature=17 4 8 0 0 1 17 16 8 48 59 68 9 9 13 14 68 1 62
split_gain=14.1746 12.5484 8.96235 8.36983 9.42056 7.18805 10.8329 8.06359 9.58339 7.45212 6.83483 9.47601 6.20098 10.0868 9.19839 5.84095 6.69322 6.6462 11.2766
threshold=0.0074350469872857946 1.0000000180025095e-35 2.5000000000000004 11.500000000000002 42.500000000000007 951.50000000000011 0.003603615302703686 0.0013802629072204231 2.5000000000000004 1.0000000180025095e-35 1.0000000180025095e-35 8.5000000000000018 208.50000000000003 561.50000000000011 9.5000000000000018 -1610.9999999999998 7.5000000000000009 659.50000000000011 1.0000000180025095e-35
decision_type=2 2 2 2 2 2 2 2 2 2 2 2 2 2 2 2 2 2 2
left_child=3 -2 10 -1 5 6 15 -8 -9 -7 -3 -12 14 -14 -6 -5 17 -17 -19
right_child=1 2 -4 4 12 9 7 8 -10 -11 11 -13 13 -15 -16 16 -18 18 -20
leaf_value=-0.054541495224920078 0.11039849065628204 -0.0034669136459842529 0.12614214343469621 -0.059039837625430719 0.21150943508969836 -0.015013429725224875 0.14283457393740515 0.015796046514939301 0.17106365853951441 -0.19113490057260751 -0.28959768025473948 0.11072921636254739 -0.17646374262288114 0.048633322357855134 -0.1062025175322807 -0.038288171213202042 0.05255234953102849 0.1667773765773515 -0.18739506780744739
leaf_weight=153.0218452103436 76.426533028483391 70.227272614836693 18.34444310516119 64.344890914857388 5.7516410350799543 336.92808502912521 34.21574705094099 126.65222288295627 17.513721413910389 9.1980069875717145 7.2043137513101083 2.9316155277192593 31.325468961149454 10.252123467624186 7.7100045904517174 110.17166581004858 85.446194738149643 14.999223597347738 4.0313167870044699
leaf_count=907 1000 531 238 367 30 1875 244 735 129 47 56 27 234 76 43 609 475 88 26
internal_value=0 0.0499569 0.00270891 -0.0115625 -0.00386377 0.00165061 0.0180949 0.0564846 0.035397 -0.0200716 -0.0263166 -0.174139 -0.083372 -0.121074 0.0333037 -0.00653092 0.00935096 -0.0193495 0.0877485
internal_weight=0 175.134 98.7076 1011.56 858.54 803.501 457.375 178.382 144.166 346.126 80.3632 10.1359 55.0392 41.5776 13.4616 278.993 214.648 129.202 19.0305
internal_count=7737 1852 852 5885 4978 4595 2673 1108 864 1922 614 83 383 310 73 1565 1198 723 114
is_linear=0
shrinkage=0.2


Tree=16
num_leaves=20
num_cat=0
split_feature=6 6 7 4 6 17 7 6 6 6 17 6 7 6 7 17 6 73 6
split_gain=18.5278 26.9144 25.0285 19.4565 24.5433 17.4879 9.58564 11.5116 19.8996 14.7796 14.2375 9.86401 21.7484 29.3861 12.0738 10.685 10.3351 8.67934 8.50963
threshold=8.5000000000000018 9.5000000000000018 19.500000000000004 1.0000000180025095e-35 10.500000000000002 0.0069204980842911884 16.500000000000004 7.5000000000000009 4.5000000000000009 3.5000000000000004 0.0021810276755049427 2.5000000000000004 5.5000000000000009 7.5000000000000009 3.5000000000000004 0.0027586259379328193 4.5000000000000009 3060104011.6465874 3.5000000000000004
decision_type=2 2 2 2 2 2 2 2 2 2 2 2 2 2 2 2 2 2 2
left_child=5 -2 3 4 -3 6 11 8 9 -8 -10 14 13 -13 -1 -16 17 -14 -7
right_child=1 2 -4 -5 -6 18 7 -9 10 -11 -12 12 16 -15 15 -17 -18 -19 -20
leaf_value=-0.073970060046359851 -0.21006036515237747 0.15727031376059647 -0.14325753546456141 -0.068360638493117146 -0.22082955335029567 0.11144502473419843 0.018880038639827644 -0.18257228533099401 0.0030091024738881453 -0.15532817072684429 0.17447246512117989 -0.10300477597546838 0.17271377136136781 0.13913898668898603 -0.011247347453628454 0.076103558019115544 -0.17109365254445119 -0.073928037911876507 0.017448797504872156
leaf_weight=58.286291107535362 36.163945384323597 52.262389499694109 43.945676937699318 41.294862020760775 7.2636816501617423 92.86081750318408 212.75330386683345 9.5061504095792753 29.540774941444397 20.733302220702171 55.702921062707901 35.705297999083996 5.5585414096713057 43.963797062635422 125.62653610110283 100.16076405346394 51.323184579610825 68.258625686168671 66.007066551595926
leaf_count=306 203 286 265 278 39 1340 1283 55 190 125 279 188 31 227 736 686 290 368 476
internal_value=0 -0.0574835 -0.0185376 0.0364407 0.109094 0.0120799 0.00025327 0.0266577 0.0332861 0.00299075 0.115563 -0.0174875 -0.0508652 0.0306657 0.00664302 0.027618 -0.102652 -0.0539014 0.07264
internal_weight=0 180.931 144.767 100.821 59.5261 975.987 817.119 328.236 318.73 233.487 85.2437 488.883 204.809 79.6691 284.074 225.787 125.14 73.8172 158.868
internal_count=7651 1071 868 603 325 6580 4764 1932 1877 1408 469 2832 1104 415 1728 1422 689 399 1816
is_linear=0
shrinkage=0.2


Tree=17
num_leaves=20
num_cat=0
split_feature=6 6 7 6 9 16 6 7 0 16 6 7 7 6 69 7 7 6 7
split_gain=12.776 19.4039 17.2282 12.3513 12.219 9.5795 9.22705 11.345 10.566 9.4109 8.12474 8.74353 25.9014 20.1287 7.53886 8.56539 16.087 11.9581 14.3952
threshold=8.5000000000000018 9.5000000000000018 19.500000000000004 10.500000000000002 165.50000000000003 0.0085838491010904825 3.5000000000000004 3.5000000000000004 19.500000000000004 0.00070922021488869526 4.5000000000000009 15.500000000000002 5.5000000000000009 7.5000000000000009 829254.50000000012 17.500000000000004 19.500000000000004 6.5000000000000009 26.500000000000004
decision_type=2 2 2 2 2 2 2 2 2 2 2 2 2 2 2 2 2 2 2
left_child=4 -2 3 5 6 -3 7 -1 9 -9 -8 12 -12 -13 15 -6 -17 -18 -19
right_child=1 2 -4 -5 14 -7 10 8 -10 -11 11 13 -14 -15 -16 16 17 18 -20
leaf_value=-0.064971829807141071 -0.18445683659268045 0.092852383941487759 -0.12354550437801855 -0.092100912798453866 -0.0081712548584336221 -0.14706560315065273 -0.14227107589873705 0.17592628102424676 0.1690170281443264 -0.016606799820913839 0.12006341802456505 0.16967785879648206 -0.20993577302697486 -0.23204359591360355 -0.037613094469327139 0.15297530268162007 -0.010998933304001465 -0.14127351927495257 0.22588332399154584
leaf_weight=16.303151804953814 33.360096026211977 67.530675910413265 41.195992220193148 24.479356270283461 379.11277836561203 6.7462992370128623 12.538282662630079 13.786356937140225 57.779945870861411 33.600798461586237 19.186230327934027 28.041020561009645 17.569692268967628 5.3983367308974257 179.647231310606 41.353050298988819 128.17622109502554 5.0172429755330112 17.920330852270126
leaf_count=127 203 384 265 182 2163 37 65 177 845 455 123 252 96 28 1139 245 738 32 95
internal_value=0 -0.0490692 -0.0160365 0.0293668 0.00984803 0.069887 0.053139 0.0880641 0.112062 0.0411598 0.00155177 0.0283974 -0.0386589 0.101383 -0.00195832 0.0092804 0.0435605 0.0130489 0.143761
internal_weight=0 173.312 139.952 98.7563 955.431 74.277 204.204 121.47 105.167 47.3872 82.7336 70.1953 36.7559 33.4394 751.227 571.58 192.467 151.114 22.9376
internal_count=7651 1071 868 603 6580 421 2168 1604 1477 632 564 499 219 280 4412 3273 1110 865 127
is_linear=0
shrinkage=0.2


Tree=18
num_leaves=20
num_cat=0
split_feature=5 9 9 7 7 0 6 6 6 6 0 17 7 6 6 6 69 14 6
split_gain=10.527 14.7419 9.79054 7.72248 20.0174 20.8695 14.0379 13.9453 15.0054 16.3462 10.886 9.6636 9.27387 16.8696 13.2374 12.3997 9.30305 7.9094 7.66291
threshold=1.0000000180025095e-35 665.50000000000011 62.500000000000007 14.500000000000002 19.500000000000004 11.500000000000002 1.0000000180025095e-35 7.5000000000000009 6.5000000000000009 5.5000000000000009 56.500000000000007 0.0033277962347729793 6.5000000000000009 4.5000000000000009 7.5000000000000009 8.5000000000000018 766321.50000000012 1580.5000000000002 4.5000000000000009
decision_type=2 2 2 2 2 2 2 2 2 2 2 2 2 2 2 2 2 2 2
left_child=2 -2 -1 6 5 -5 11 8 9 -6 12 -4 14 -14 18 16 -16 -10 -8
right_child=1 -3 3 4 7 -7 10 -9 17 -11 -12 -13 13 -15 15 -17 -18 -19 -20
leaf_value=0.14929961345329759 0.085484713957748565 -0.087261214108210305 -0.0062354495025385382 -0.12598578967657709 -0.010758422654547175 0.083956383295278908 -0.04444402833689879 -0.1163313980251149 0.18675806328130704 -0.33977556167729944 0.17663248965996714 0.11501835512089131 -0.029191996914740823 -0.1499055255276403 0.14725598766901737 -0.058067524941163545 -0.081902265045653386 -0.11924790449245702 -0.23073217915034686
leaf_weight=15.178952388465403 106.75673943385482 23.612179636955261 77.390782386064529 20.747145518660545 184.2209799066186 165.42529513500631 109.1427138261497 52.911583174020052 21.3529257029295 5.5441948175430289 8.0735076665878278 39.063003892078996 109.94182521104813 79.857906218618155 39.853597864508629 28.025774087756872 8.1100425794720632 3.4928750023245803 8.987305246293543
leaf_count=417 794 176 469 128 1271 1072 630 359 128 29 58 462 678 489 202 176 49 18 46
internal_value=0 0.0538971 -0.00646118 -0.0090257 0.00993556 0.0601744 -0.0259355 -0.0250924 -0.00229135 -0.0215896 -0.0440339 0.0348838 -0.0489887 -0.0803478 -0.0181481 0.0467085 0.107885 0.141642 -0.0598979
internal_weight=0 130.369 977.32 962.141 453.695 186.172 508.446 267.523 214.611 189.765 391.993 116.454 383.919 189.8 194.119 75.9894 47.9636 24.8458 118.13
internal_count=7651 970 6681 6264 3005 1200 3259 1805 1446 1300 2328 931 2270 1167 1103 427 251 146 676
is_linear=0
shrinkage=0.2


Tree=19
num_leaves=20
num_cat=0
split_feature=8 17 5 72 1 17 16 3 69 2 67 17 67 69 66 69 67 73 17
split_gain=8.45582 8.72823 6.93978 7.79151 6.37742 5.92294 5.83997 5.65917 9.55892 7.05055 7.86463 6.80394 5.76643 8.15962 6.22583 6.04902 5.67615 5.31075 8.26081
threshold=5.5000000000000009 0.0011540684742855167 1.0000000180025095e-35 0.8403511915427343 1187.5000000000002 0.016001024065540197 -0.028174603174603168 3.5000000000000004 19185.000000000004 1.0000000180025095e-35 89.500000000000014 0.0048900047824007664 265.50000000000006 829254.50000000012 722.50000000000011 2742576.0000000005 166.50000000000003 3283275211.6465874 0.0013297895855548072
decision_type=2 2 2 2 2 2 2 2 2 2 2 2 2 2 2 2 2 2 2
left_child=2 -2 5 6 -5 7 -4 8 -1 11 -11 -9 -10 17 -15 -16 -12 -14 -19
right_child=1 -3 3 4 -6 -7 -8 9 12 10 16 -13 13 14 15 -17 -18 18 -20
leaf_value=0.048093590507386361 -0.16054157378754408 0.1222063222035899 -0.2752479147113529 -0.12532335571039138 0.12456820319202029 0.12991760385147055 0.071157929671651785 0.010163458801142868 -0.051128889187872208 -0.093115021213673099 0.08335894671453975 0.090420065488539647 0.093985473306536227 -0.068827622755260748 -0.064543589863282083 0.26306322840226898 -0.021669303708331592 0.25323187956231713 -0.01971655288990121
leaf_weight=64.632498048245907 4.343951202929019 35.962446309626102 1.3077004924416531 16.42071054130793 4.7469577193260184 11.419463936239479 99.456413192674518 160.07821975648403 290.95223749615252 45.925387164577842 27.002080667763948 56.810255073010921 35.010966159403324 78.225267924368382 3.8639251217246047 4.0493893846869469 79.387920193374157 4.0564678981900206 64.415820728987455
leaf_count=512 37 347 8 127 39 350 731 989 1867 309 174 485 199 517 34 34 518 29 345
internal_value=0 0.089504 -0.00307192 0.0416406 -0.0670812 -0.00898768 0.0647865 -0.0108208 -0.0237565 0.00829018 -0.0246235 0.0314095 -0.0334758 -0.00630033 -0.051554 0.110884 0.00535938 0.0314621 -0.00113726
internal_weight=0 40.3064 1047.76 121.932 21.1677 925.83 100.764 914.41 545.207 369.204 152.315 216.888 480.574 189.622 86.1386 7.91331 106.39 103.483 68.4723
internal_count=7651 384 7267 905 166 6362 739 6012 3537 2475 1001 1474 3025 1158 585 68 692 573 374
is_linear=0
shrinkage=0.2


Tree=20
num_leaves=20
num_cat=0
split_feature=9 0 16 0 5 26 73 0 9 0 58 44 6 17 6 6 13 6 67
split_gain=8.29048 8.00715 7.20645 6.64255 5.42314 5.40071 5.2918 4.66255 9.19552 7.15125 10.1513 6.2852 3.90715 9.16654 6.27321 3.85169 3.96227 4.93087 3.78954
threshold=799.50000000000011 34.500000000000007 0.00033858143149959426 4.5000000000000009 1.0000000180025095e-35 1.0000000180025095e-35 3354598411.6465874 35.500000000000007 163.50000000000003 19.500000000000004 1.0000000180025095e-35 1.0000000180025095e-35 5.5000000000000009 0.0015048917474408917 4.5000000000000009 3.5000000000000004 21.500000000000004 1.5000000000000002 310.50000000000006
decision_type=2 2 2 2 2 2 2 2 2 2 2 2 2 2 2 2 2 2 2
left_child=3 6 -3 -1 5 7 -2 9 -9 -5 12 18 14 -14 -11 16 17 -4 -12
right_child=1 2 15 4 -6 -7 -8 8 -10 10 11 -13 13 -15 -16 -17 -18 -19 -20
leaf_value=-0.12828843898145847 -0.020795887631839909 -0.13223659373344349 0.12859260954174168 -0.0082247883042257785 0.049834933801609284 0.19135515633860756 -0.12145260727400267 0.059371811592580676 -0.058243300201622078 0.0089211142425857839 0.074494485060107446 -0.18475880813332649 0.24873133968442424 -0.043572345036993282 0.10887739587571568 0.26966919335729878 0.21114808919796776 -0.19279502282697772 0.17489309144068158
leaf_weight=13.557322919368742 37.169434186071157 4.9480668976902988 3.0121057629585248 405.05247368104756 115.11111675575376 5.388819955289363 48.032594408839941 34.31824984960258 110.53770485147834 120.87528123706579 47.802244519814849 2.4312457367777816 3.8714447170495978 70.124776368960738 31.049165058881044 4.7168484553694716 3.2298852354288101 3.2708573862910271 22.837781175971031
leaf_count=89 303 43 23 2721 886 36 402 312 711 799 527 13 24 421 195 37 26 27 120
internal_value=0 -0.0518672 0.0631919 0.00723384 0.00922075 0.00371172 -0.0780706 0.00236321 -0.0302266 0.00909197 0.0325157 0.0969364 0.0114436 -0.0260823 0.0297568 0.134174 0.0530564 -0.0412835 0.108357
internal_weight=0 104.38 19.1778 982.958 969.4 854.289 85.202 848.9 144.856 704.044 298.992 73.0713 225.921 73.9962 151.924 14.2297 9.51285 6.28296 70.64
internal_count=7715 861 156 6854 6765 5879 705 5843 1023 4820 2099 660 1439 445 994 113 76 50 647
is_linear=0
shrinkage=0.2


Tree=21
num_leaves=20
num_cat=0
split_feature=66 7 8 67 7 6 6 6 6 9 17 8 7 66 14 4 32 3 14
split_gain=7.65148 8.07221 7.67128 9.88308 7.20845 8.29911 13.0444 13.117 12.6948 10.5465 9.2544 9.22624 9.18292 6.86117 6.72831 6.43666 6.17429 6.77688 6.15826
threshold=23.500000000000004 23.500000000000004 1.0000000180025095e-35 154.50000000000003 14.500000000000002 7.5000000000000009 4.5000000000000009 3.5000000000000004 9.5000000000000018 652.50000000000011 0.0019249295983400033 2.5000000000000004 19.500000000000004 111.50000000000001 -1528.9999999999998 1.0000000180025095e-35 1.0000000180025095e-35 7.5000000000000009 3706.5000000000005
decision_type=2 2 2 2 2 2 2 2 2 2 2 2 2 2 2 2 2 2 2
left_child=1 16 -3 -4 -2 6 7 10 -7 -8 18 -12 15 -14 -11 -10 17 -1 -6
right_child=4 2 3 -5 5 8 9 -9 12 14 11 -13 13 -15 -16 -17 -18 -19 -20
leaf_value=0.098145738484548051 -0.021785765115144188 -0.1737034951833735 0.14535880841968449 -0.15700846861358209 -0.055837193336767399 -0.16735898548649097 0.11797996620323643 -0.13503650872456446 0.12763363844139039 0.15503244385042181 0.019784154437924951 0.13726974627796448 0.040861231436020468 -0.14757170247150675 -0.11748784581304944 -0.062184307425332666 -0.19158380296792302 -0.055669840604480963 0.15852287117381067
leaf_weight=91.065326899290085 495.5359673127532 10.999059626832606 11.036235598847272 6.1652016378939143 70.340032532811165 22.874703038483858 82.023296002298594 24.209727421402931 24.650703959167004 4.1871079802513149 126.86980683915317 33.286022005602717 12.364506930112841 18.861443862318993 13.63808850198984 9.4558477289974672 2.8295248169451943 12.631102073937653 5.1236646398901931
leaf_count=892 3302 86 160 38 479 149 514 148 140 29 903 320 79 147 105 61 20 106 37
internal_value=0 0.0456543 -0.048598 0.0350771 -0.00517971 0.0131984 0.0266816 0.00300259 -0.0415574 0.0878482 0.0175455 0.044695 0.00380191 -0.0737013 -0.0500199 0.0748147 0.0707606 0.079161 -0.0399543
internal_weight=0 134.726 28.2005 17.2014 943.421 447.885 359.678 259.829 88.2072 99.8485 235.62 160.156 65.3325 31.226 17.8252 34.1066 106.526 103.696 75.4637
internal_count=7715 1302 284 198 6413 3111 2535 1887 576 648 1739 1223 427 226 134 201 1018 998 516
is_linear=0
shrinkage=0.2


Tree=22
num_leaves=20
num_cat=0
split_feature=66 32 39 9 12 0 9 6 49 0 6 59 74 74 68 58 8 1 74
split_gain=4.9694 5.30996 5.07539 7.72987 5.44125 4.615 4.54465 4.51023 4.3825 4.15844 4.32048 4.81651 4.22678 3.83586 3.74396 6.08547 3.78283 3.66408 3.77149
threshold=23.500000000000004 1.0000000180025095e-35 1.0000000180025095e-35 468.00000000000006 1515.467478393047 4.5000000000000009 1575.0000000000002 2.5000000000000004 1.0000000180025095e-35 23.500000000000004 1.0000000180025095e-35 1.0000000180025095e-35 1.5000000000000002 3.5000000000000004 9.5000000000000018 1.0000000180025095e-35 1.5000000000000002 17.500000000000004 4.5000000000000009
decision_type=2 2 2 2 2 2 2 2 2 2 2 2 2 2 2 2 2 2 2
left_child=1 2 14 4 7 13 8 -4 -7 10 12 -12 -6 -2 -1 16 -16 -11 -19
right_child=5 -3 3 -5 9 6 -8 -9 -10 17 11 -13 -14 -15 15 -17 -18 18 -20
leaf_value=0.10377501086744681 -0.2168522944728154 -0.17516328384255242 0.059777400975144869 -0.21507957924035503 -0.21976780252217953 0.0011211450322974898 -0.14440931639069918 -0.1505830115616279 -0.082254860030192334 -0.19104849815020825 0.21799120305334307 -0.057085957030347481 0.12482992854116591 0.011257520601537804 -0.16787755732334075 0.16556785404350455 0.033342006057764627 0.12713013079972293 -0.13955043242221027
leaf_weight=55.629166323691607 6.6948041990399343 3.8798078354448071 6.1903012078255406 5.396472916007041 2.0748715791851344 885.41205312311649 8.2546973973512632 9.7313960958272201 25.25321788713336 3.013717219233512 13.309520142152907 2.8012073673307887 2.2676333915442228 4.7926583886146545 6.8382308632135409 5.6331283096224061 7.0240468885749578 5.9728671219199878 2.4460270144045353
leaf_count=607 47 26 73 34 22 6100 78 73 153 24 103 21 41 35 57 64 80 53 24
internal_value=0 0.0370687 0.0444046 -0.00291177 0.0238073 -0.00427178 -0.00264797 -0.0697263 -0.00125258 0.0710085 0.1236 0.169776 -0.0475002 -0.126522 0.0776309 0.00201456 -0.0692309 -0.0247879 0.0448652
internal_weight=0 132.208 128.329 53.204 47.8075 930.407 918.92 15.9217 910.665 31.8858 20.4532 16.1107 4.3425 11.4875 75.1246 19.4954 13.8623 11.4326 8.41889
internal_count=7715 1302 1276 468 434 6413 6331 146 6253 288 187 124 63 82 808 201 137 101 77
is_linear=0
shrinkage=0.2


Tree=23
num_leaves=20
num_cat=0
split_feature=72 0 0 26 16 15 12 64 1 3 73 0 68 68 55 12 17 12 57
split_gain=4.2066 4.89729 4.19178 8.61181 4.98092 4.03684 3.92853 7.69049 5.9194 5.20847 4.90088 5.27224 4.89707 6.5946 7.35206 5.44339 8.32721 7.71495 5.29581
threshold=0.92156423580003588 38.500000000000007 7.5000000000000009 1.0000000180025095e-35 0.00076716543700474141 714.50000000000011 1584.2569272864669 1.0000000180025095e-35 157.50000000000003 3.5000000000000004 3706203211.6465874 10.500000000000002 8.5000000000000018 9.5000000000000018 1.0000000180025095e-35 1518.9911449454223 0.0011350752422180997 1518.6206229403433 1.0000000180025095e-35
decision_type=2 2 2 2 2 2 2 2 2 2 2 2 2 2 2 2 2 2 2
left_child=2 5 4 6 -1 -2 12 10 9 -9 11 -8 15 -14 18 16 -4 -18 -15
right_child=1 -3 3 -5 -6 -7 7 8 -10 -11 -12 -13 13 14 -16 -17 17 -19 -20
leaf_value=0.059902636718789461 -0.14681351492104686 0.091200870045891891 0.30988957603439815 0.23563738685272179 -0.092643409315418687 -0.033064283445818458 -0.073962951409512881 0.18370743674223214 -0.058785407357956114 -0.066931129816536691 0.0092291026377460585 0.09048005449916173 0.080123944436009259 -0.013590001545623294 -0.091967148495827183 -0.037722718483851267 -0.0041168081285554697 0.23050423170291101 0.061434279285345533
leaf_weight=10.830185726284979 17.311122644692659 8.3334609270095807 2.8472250849008551 5.8282758370041838 33.948477091267705 42.609096363186836 7.9767326172441235 7.8991196621209365 54.623454008251429 4.9212462417781353 72.443626879714429 94.24767330288887 56.446751025505364 85.203220754861832 27.37546762637794 214.08479328267276 239.40363881643862 5.0371320378035298 66.421967471018434
leaf_count=77 152 69 21 35 240 399 57 62 390 42 487 684 417 593 200 1522 1754 38 476
internal_value=0 -0.0471697 0.0039191 0.0067694 -0.0553929 -0.0672482 0.00517351 0.0270811 -0.0300609 0.089019 0.0491771 0.0772308 -0.00245795 0.0209742 0.00208127 -0.0144296 0.0057858 0.00136512 0.0194075
internal_weight=0 68.2537 989.539 944.76 44.7787 59.9202 938.932 242.112 67.4438 12.8204 174.668 102.224 696.82 235.447 179.001 461.373 247.288 244.441 151.625
internal_count=7715 620 7095 6778 317 551 6743 1722 494 104 1228 741 5021 1686 1269 3335 1813 1792 1069
is_linear=0
shrinkage=0.2


Tree=24
num_leaves=20
num_cat=0
split_feature=6 7 7 7 7 66 73 9 7 64 7 7 6 6 7 6 0 9 6
split_gain=7.26143 9.23709 11.2194 9.82094 13.3407 9.85633 10.5806 7.98111 7.36434 6.74394 6.03486 13.4972 17.1101 17.4846 12.7189 18.5492 10.1253 7.83969 12.6984
threshold=1.0000000180025095e-35 3.5000000000000004 10.500000000000002 26.500000000000004 22.500000000000004 115.50000000000001 3429291211.6465874 680.50000000000011 24.500000000000004 1.0000000180025095e-35 15.500000000000002 19.500000000000004 1.5000000000000002 3.5000000000000004 26.500000000000004 6.5000000000000009 54.500000000000007 206.50000000000003 9.5000000000000018
decision_type=2 2 2 2 2 2 2 2 2 2 2 2 2 2 2 2 2 2 2
left_child=1 -1 -3 4 5 -4 9 -5 -6 -7 16 -12 -13 -14 -15 -16 -2 -17 -19
right_child=10 2 3 7 8 6 -8 -9 -10 -11 11 12 13 14 15 17 -18 18 -20
leaf_value=-0.13563628961903995 -0.028576561059360701 0.1202073423367027 0.1044647691505619 0.20961537374904632 -0.30201191877886913 -0.15585291870769982 0.058581448679205721 -0.10464859712467385 -0.064340932218824684 0.033817893522746195 0.055746348244091019 -0.25387743255447892 0.055016546657323986 -0.12243465866322129 -0.23989200704722694 0.18600484950836507 0.1660587614747743 0.13092981382951671 -0.10775054910924467
leaf_weight=11.688979698345063 443.53235883079469 53.892765427008271 40.452262910082936 15.131350811570885 6.555578842759135 23.416280183941126 34.24347110837698 3.5978872552514067 20.592862289398909 10.565191294997929 153.94126647245139 11.244078122079371 96.420126292854548 60.890865134075284 9.2622688077390176 13.287558937445281 10.262886812910436 16.612338069826365 17.681432515382767
leaf_count=76 2850 530 510 171 40 162 232 30 171 72 1108 69 792 433 57 111 76 98 136
internal_value=0 0.0324089 0.0422565 0.0146541 -0.00434982 0.0271392 -0.0193068 0.147643 -0.127906 -0.0973921 -0.00837805 0.0102299 -0.0209333 -0.00791203 -0.0594688 0.00865186 -0.0239247 0.0598222 0.00817679
internal_weight=0 220.137 208.448 154.555 135.826 108.677 68.2249 18.7292 27.1484 33.9815 833.135 379.34 225.399 214.155 117.734 56.8436 453.795 47.5813 34.2938
internal_count=7724 1994 1918 1388 1187 976 466 201 211 234 5730 2804 1696 1627 835 402 2926 345 234
is_linear=0
shrinkage=0.2


Tree=25
num_leaves=20
num_cat=0
split_feature=6 7 7 7 7 9 13 73 14 68 12 3 17 9 69 7 14 73 69
split_gain=4.75614 6.23311 7.32565 7.13064 8.93935 7.21447 6.8471 6.2365 6.94098 6.30986 6.18509 6.17632 5.90801 5.6819 5.68034 4.86753 5.76344 5.09311 4.52393
threshold=1.0000000180025095e-35 3.5000000000000004 10.500000000000002 26.500000000000004 22.500000000000004 288.50000000000006 24.500000000000004 3429291211.6465874 -851.49999999999989 8.5000000000000018 1525.0148818751256 3.5000000000000004 0.0014803857111549421 719.50000000000011 555726.50000000012 24.500000000000004 -139.49999999999997 3286385611.6465874 252427.50000000003
decision_type=2 2 2 2 2 2 2 2 2 2 2 2 2 2 2 2 2 2 2
left_child=1 -1 10 4 5 18 15 14 9 -9 -3 -10 -5 -12 -7 -6 -17 -18 -4
right_child=-2 2 3 12 6 7 -8 8 11 -11 13 -13 -14 -15 -16 16 17 -19 -20
leaf_value=-0.11364638546371129 -0.0068713732931702078 0.17144078196684856 0.15231880988918545 -0.093364884755792715 -0.33489604819797125 -0.12030613164271574 0.057977053050289801 0.0385278896486453 0.16652320923095201 -0.25656203729827859 0.075885915901861625 -0.019398675820583619 0.18654312137871548 -0.14325039046909868 0.044524562041012114 0.043823538967497938 0.039674330842931274 -0.28282079448414926 -0.018075203388208023
leaf_weight=11.338227588683365 826.38190795201808 24.079730934463441 21.335303180851046 3.3402041420340565 4.4963448643684449 25.561155535280704 7.1704526804387561 6.4396303370594961 17.66590224951506 4.3474031910300255 23.936452936381105 11.47971800342202 13.836451524868606 5.1811395883560172 11.823754739016293 6.2374798655509975 2.4653843361884302 6.5672735804691911 8.4978898465633375
leaf_count=76 5730 253 404 30 29 152 55 41 104 25 236 73 171 41 83 58 19 50 94
internal_value=0 0.0264264 0.0345568 0.0119379 -0.00386203 0.0221644 -0.105322 -0.010254 0.0443445 -0.0888205 0.0978779 0.0945611 0.130581 0.0344353 -0.0683154 -0.164516 -0.101816 -0.19829 0.104484
internal_weight=0 215.8 204.462 151.264 134.088 107.151 26.9369 77.3176 39.9327 10.787 53.1973 29.1456 17.1767 29.1176 37.3849 19.7665 15.2701 9.03266 29.8332
internal_count=7724 1994 1918 1388 1187 976 211 478 243 66 530 177 201 277 235 156 127 69 498
is_linear=0
shrinkage=0.2


Tree=26
num_leaves=20
num_cat=0
split_feature=66 14 6 8 7 6 6 6 7 6 0 6 2 67 0 0 57 1 0
split_gain=4.34136 8.28665 5.42719 4.13031 6.38213 8.71622 7.74447 13.3254 16.0151 8.24502 7.46389 7.32559 7.19031 6.11245 6.73919 7.91164 5.91766 8.28983 5.91474
threshold=774.50000000000011 1465.5000000000002 2.5000000000000004 1.0000000180025095e-35 7.5000000000000009 7.5000000000000009 2.5000000000000004 4.5000000000000009 14.500000000000002 9.5000000000000018 43.500000000000007 4.5000000000000009 1.0000000180025095e-35 580.50000000000011 41.500000000000007 52.500000000000007 1.0000000180025095e-35 2056.5000000000005 23.500000000000004
decision_type=2 2 2 2 2 2 2 2 2 2 2 2 2 2 2 2 2 2 2
left_child=3 -2 -3 4 5 11 12 10 9 -9 18 -1 -6 14 -5 -16 17 -10 -8
right_child=1 2 -4 13 6 -7 7 8 16 -11 -12 -13 -14 -15 15 -17 -18 -19 -20
leaf_value=0.0023524587981780323 -0.16807328688313361 0.24988976038493524 -0.1105204892705593 0.025864243292402729 0.055877586175180384 0.091664786313691196 -0.0987679652891299 -0.20499443212646784 -0.077860990102026184 -0.0048958893413084325 0.062457743435090196 -0.22174267699960926 -0.038629575891196734 -0.053210465374089133 -0.14635239638012171 0.066950233912089971 0.067622920854626234 0.080856479126324862 -0.2508297395151583
leaf_weight=88.400839043781161 14.518162671476604 3.3298366069793692 2.3150567449629307 475.19702342059463 66.260160413570702 48.139544572681189 23.796983297914267 23.27246991917491 39.401113154366612 12.601139802485703 5.9312259331345549 5.5432899668812743 61.360802860930562 49.325610261410475 19.032532908022407 10.225924864411352 49.15011615678668 18.932640204206109 19.592307871207595
leaf_count=627 139 28 23 3650 529 294 156 162 273 88 47 30 470 378 145 80 358 134 113
internal_value=0 -0.0902932 0.10621 0.00186482 -0.0120795 0.0231232 -0.0277117 -0.0529512 -0.0218216 -0.136152 -0.141856 -0.0124193 0.0104754 0.0135082 0.020097 -0.0719808 0.0169737 -0.0259987 -0.170335
internal_weight=0 20.1631 5.64489 1016.16 462.383 142.084 320.299 192.678 143.357 35.8736 49.3205 93.9441 127.621 553.781 504.455 29.2585 107.484 58.3338 43.3893
internal_count=7724 190 51 7534 3281 951 2330 1331 1015 250 316 657 999 4253 3875 225 765 407 269
is_linear=0
shrinkage=0.2


Tree=27
num_leaves=20
num_cat=0
split_feature=3 67 53 6 73 13 14 40 6 8 14 53 71 71 8 64 14 6 71
split_gain=3.68227 6.02123 5.98264 4.47733 4.30574 4.78174 4.97651 5.008 4.56887 4.56866 4.03313 4.04694 8.1259 7.3608 7.1502 6.10944 5.06635 5.13507 4.03057
threshold=1.0000000180025095e-35 326.50000000000006 1.0000000180025095e-35 6.5000000000000009 3448385611.6465874 14.500000000000002 -125.49999999999999 1.0000000180025095e-35 4.5000000000000009 1.5000000000000002 -7993.9999999999991 1.0000000180025095e-35 0.66896613510123648 0.55337305142447601 2.5000000000000004 1.0000000180025095e-35 -959.49999999999989 3.5000000000000004 0.75530818849668535
decision_type=2 2 2 2 2 2 2 2 2 2 2 2 2 2 2 2 2 2 2
left_child=1 2 3 -1 5 -4 7 -7 -8 -6 -2 -12 13 16 15 -14 -13 -18 -3
right_child=10 18 4 -5 9 6 8 -9 -10 -11 11 12 14 -15 -16 -17 17 -19 -20
leaf_value=-0.21007108221870097 -0.080791715696456476 0.12010710942862589 -0.1479600736131787 -0.017282389365531579 -0.017997965259255257 0.15141269543179764 -0.1960106431678974 -0.092988425301709476 0.049095570954926206 0.14673453121300137 0.010218733051516049 -0.14878279483814352 -0.22107165203153972 0.17797217343339117 0.090051900402351781 -0.011500799886210654 0.092428413211113364 -0.12051193880597247 -0.035046066492355192
leaf_weight=14.095678207464518 21.098524706438184 14.476846538484098 17.593497609719634 7.3448344506323329 25.829749592579901 8.9205188918858784 7.3129636049270612 4.5681490022689095 4.5236943997442722 8.3490082882344705 814.46759605035186 8.6158417668193596 17.684487921185799 8.5458603333681804 5.1921819923445574 8.0936305327340943 14.293391468934717 5.8131826892495146 11.532954957336186
leaf_count=100 169 90 148 46 194 68 51 32 34 78 6159 67 114 60 38 52 98 44 82
internal_value=0 -0.0323954 -0.0549363 -0.146673 -0.0283299 -0.0700289 -0.0133562 0.0681363 -0.104836 0.0243883 0.00419427 0.00628829 -0.0402497 0.0226585 -0.114773 -0.157324 -0.0267003 0.0288721 0.0521991
internal_weight=0 124.548 98.5381 21.4405 77.0976 42.9188 25.3253 13.4887 11.8367 34.1788 903.805 882.706 68.2386 37.2683 30.9703 25.7781 28.7224 20.1066 26.0098
internal_count=7724 923 751 146 605 333 185 100 85 272 6801 6632 473 269 204 166 209 142 172
is_linear=0
shrinkage=0.2


Tree=28
num_leaves=20
num_cat=0
split_feature=0 0 0 12 12 6 7 14 7 5 16 13 1 12 6 7 7 6 7
split_gain=4.96268 4.41843 5.41162 5.54077 4.45079 3.97114 8.17756 6.92725 6.80286 4.65435 4.35477 8.2212 4.94028 4.19937 6.60373 3.7057 8.27012 11.3239 16.3506
threshold=10.500000000000002 42.500000000000007 46.500000000000007 1624.9986650090102 1507.1458504103819 6.5000000000000009 22.500000000000004 -959.49999999999989 5.5000000000000009 1.0000000180025095e-35 0.0011383042958839644 14.500000000000002 101.50000000000001 1514.1591985489038 1.5000000000000002 15.500000000000002 20.500000000000004 3.5000000000000004 26.500000000000004
decision_type=2 2 2 2 2 2 2 2 2 2 2 2 2 2 2 2 2 2 2
left_child=5 15 4 -4 -3 9 7 -7 -9 10 13 12 -12 14 -1 -2 -17 -18 -19
right_child=1 2 3 -5 -6 6 -8 8 -10 -11 11 -13 -14 -15 -16 16 17 18 -20
leaf_value=0.2347007192183006 -0.004088808268336506 0.067563608785211324 -0.041399586469864316 0.1572707862182765 -0.18319143274129854 0.13462677478330254 0.17586923638303897 0.050858714600575755 -0.17979506391365882 0.058529257475656016 -0.0020582006454294066 -0.030650414348403061 -0.24287402803658567 -0.069054621488832249 -0.10103874033172117 0.051623604881502763 0.03023867590531017 -0.197245678686509 0.0025119712307352885
leaf_weight=4.8215305507183093 479.50308910943568 3.0814558528363731 31.108599927276373 6.1168640591204158 14.729189431294797 6.3205659464001682 8.8098322767764312 7.7609856575727489 12.981214258819817 10.459859158843754 4.1419358961284187 22.393881502561271 18.836908342316747 18.722539894282818 3.5301230866461992 190.74083652719855 118.37050025817007 25.209548491984606 44.555357001721859
leaf_count=38 3417 24 249 47 119 44 67 46 104 70 31 165 130 146 27 1470 1044 170 323
internal_value=0 0.00405522 -0.050517 -0.00644429 -0.13889 -0.0392871 0.0160951 -0.0390527 -0.0946546 -0.063184 -0.0811506 -0.118579 -0.200817 -0.0170111 0.0959619 0.00759267 0.0223568 -0.00739693 -0.0709181
internal_weight=0 913.415 55.0361 37.2255 17.8106 118.779 35.8726 27.0628 20.7422 82.9068 72.4469 45.3727 22.9788 27.0742 8.35165 858.379 378.876 188.135 69.7649
internal_count=7731 6863 439 296 143 868 261 194 150 607 537 326 161 211 65 6424 3007 1537 493
is_linear=0
shrinkage=0.2


Tree=29
num_leaves=20
num_cat=0
split_feature=0 6 9 0 7 1 9 7 6 7 67 16 6 16 13 0 6 8 4
split_gain=4.45278 9.86196 9.23779 8.91975 7.39626 8.4377 6.52094 7.7621 5.78701 6.24916 5.58335 6.47014 4.99839 10.2415 7.53008 5.25171 4.88233 4.779 4.62064
threshold=17.500000000000004 2.5000000000000004 566.50000000000011 43.500000000000007 3.5000000000000004 1129.5000000000002 163.50000000000003 10.500000000000002 1.5000000000000002 20.500000000000004 1.0000000180025095e-35 0.025320512820512824 1.5000000000000002 0.00089245890149101579 15.500000000000002 6.5000000000000009 1.0000000180025095e-35 2.5000000000000004 1.0000000180025095e-35
decision_type=2 2 2 2 2 2 2 2 2 2 2 2 2 2 2 2 2 2 2
left_child=12 2 3 4 5 -2 -6 17 9 -9 -4 -12 13 18 16 -14 -15 -8 -1
right_child=1 -3 10 -5 6 -7 7 8 -10 -11 11 -13 15 14 -16 -17 -18 -19 -20
leaf_value=0.068783424960535272 0.07622190104180615 -0.012493000824943258 -0.18282593874676434 -0.16642169254656963 0.16895098119452803 -0.14003153459318801 0.16079711521054041 0.040787513793532321 0.1123624007349624 -0.093923656447664552 -0.017078664709318049 0.25572828973780831 -0.11678656073940195 -0.095229926761378092 -0.028522229771951315 0.0053393388815651567 -0.23769185224054509 -0.049668983463780486 -0.05894882950128344
leaf_weight=32.620035275816917 14.760124601423742 343.36965364031494 6.9537881687283507 5.9818586856126776 30.265850071795285 12.863854728639124 36.481978727504611 44.386069538071752 24.832318775355816 19.130499757826328 64.778347130864859 2.9695703461766234 14.182359453290699 30.767007452435791 44.840226627886295 261.14698286633939 14.678304918110369 4.5572972558438769 16.523704316467047
leaf_count=322 88 2398 52 48 716 71 237 289 135 130 458 18 121 288 363 1779 89 28 101
internal_value=0 0.00994135 0.0386465 0.0616714 0.0695521 -0.0254584 0.0860307 0.0658262 0.0319527 -0.000370036 -0.0209405 -0.00261727 -0.0168863 -0.0476358 -0.0873944 -0.00123284 -0.144163 0.136983 0.0256101
internal_weight=0 611.331 267.962 193.26 187.278 27.624 159.654 129.388 88.3489 63.5166 74.7017 67.7479 414.759 139.429 90.2855 275.329 45.4453 41.0393 49.1437
internal_count=7731 4668 2270 1742 1694 159 1535 819 554 419 528 476 3063 1163 740 1900 377 265 423
is_linear=0
shrinkage=0.2


Tree=30
num_leaves=20
num_cat=0
split_feature=8 9 58 16 12 12 12 15 66 69 16 73 15 15 57 15 69 9 66
split_gain=3.78596 12.2251 5.88215 4.07978 5.04596 4.57581 3.72045 3.31481 3.28572 3.84712 4.17832 4.57967 4.19128 5.04559 4.32911 3.81517 3.8081 4.18091 3.74767
threshold=3.5000000000000004 282.50000000000006 1.0000000180025095e-35 0.0015835322674476922 1516.0989788288505 1553.1607962060566 1563.0706122559516 24.500000000000004 22.500000000000004 467175.00000000006 0.051315789473684217 3664299211.6465874 -174.49999999999997 59.500000000000007 1.0000000180025095e-35 256.50000000000006 728328.00000000012 230.50000000000003 109.50000000000001
decision_type=2 2 2 2 2 2 2 2 2 2 2 2 2 2 2 2 2 2 2
left_child=8 7 3 -3 -5 -6 -4 -2 9 10 11 -1 -12 -14 15 -15 -11 -18 -10
right_child=1 2 6 4 5 -7 -8 -9 18 16 12 -13 13 14 -16 -17 17 -19 -20
leaf_value=0.10588108959852685 0.15844307884220679 -0.1286562810616696 0.19344819843243649 0.13084392898580846 -0.20541029739923464 0.036420848738806889 -0.051969814492957192 0.017075612342949752 -0.024846780365652393 -0.16877407277012751 -0.13435376508536473 -0.028787083302190448 0.16606684030474941 -0.22391074434830857 0.11020609323198578 0.010642181258823082 0.17056443448205988 -0.061068871466669221 0.0025425544713015887
leaf_weight=45.833491127938032 27.802684942260385 18.557640004903078 6.0899711325764638 6.8903544582426575 5.1185491457581502 6.3870315551757812 3.4955587834119797 8.8865350661799294 337.64484373666346 6.3967111241072443 7.7801507059484747 12.570153558626769 6.715621116571131 4.7809253484010679 4.9362348094582549 5.4903523437678814 3.8546363329514852 9.1775069311261159 487.82089075818658
leaf_count=534 460 122 40 38 33 39 21 73 2615 49 64 124 72 25 32 34 29 57 3270
internal_value=0 0.0399627 -0.0280713 -0.0643191 0.00293018 -0.0767969 0.106516 0.125167 -0.00438261 0.0283881 0.0461318 0.076899 -0.0147429 0.0305605 -0.0339726 -0.105884 -0.050878 0.0126667 -0.00867227
internal_weight=0 83.2283 46.5391 36.9536 18.3959 11.5056 9.58553 36.6892 933.002 107.536 88.1069 58.4036 29.7033 21.9231 15.2075 10.2713 19.4289 13.0321 825.466
internal_count=7731 826 293 232 110 72 61 533 6905 1020 885 658 227 163 91 59 135 86 5885
is_linear=0
shrinkage=0.2


Tree=31
num_leaves=20
num_cat=0
split_feature=53 12 67 8 0 15 7 0 9 6 68 7 15 6 6 2 13 6 15
split_gain=3.81743 6.18573 3.79636 5.5489 5.90515 5.04744 5.46354 6.52427 9.04887 6.07067 5.0787 4.88662 4.74814 6.19963 11.2971 4.79598 4.49903 10.4151 6.02645
threshold=1.0000000180025095e-35 1738.3460468700532 436.50000000000006 3.5000000000000004 8.5000000000000018 136.50000000000003 10.500000000000002 15.500000000000002 379.50000000000006 7.5000000000000009 9.5000000000000018 1.0000000180025095e-35 118.50000000000001 8.5000000000000018 9.5000000000000018 1.0000000180025095e-35 24.500000000000004 1.5000000000000002 315.50000000000006
decision_type=2 2 2 2 2 2 2 2 2 2 2 2 2 2 2 2 2 2 2
left_child=2 -2 3 5 -5 11 7 8 9 10 -7 -1 13 -13 -15 -16 -8 -18 -19
right_child=1 -3 -4 4 -6 6 16 -9 -10 -11 -12 12 -14 14 15 -17 17 18 -20
leaf_value=-0.15202855222909506 -0.037793784511683685 0.12876141348984371 -0.025882030298082104 -0.18286441093024641 0.085860912434472358 0.15529624299304751 -0.013296364760310023 0.11934570186215464 -0.12349462823004527 0.29678451877960366 -0.14930285456009956 0.011640351335013403 -0.10577815449271483 -0.20326013341915525 0.041106060044099502 -0.073974665577653018 -0.085159353027842152 0.055805677847408024 0.28627733903192792
leaf_weight=8.2833783663809282 155.49929084908217 8.7794052464887482 134.40146603062749 2.8307037558406583 53.801666812971234 3.6909075789153594 97.539532825350761 46.761455917730927 12.406377814710138 3.9141574464738369 3.6618063300848007 363.6243644002825 16.616238826885819 14.883333347737787 31.384791892021894 25.724042903631926 9.8954727873206156 10.35516442731023 8.0269848406314832
leaf_count=49 1172 57 953 24 603 22 629 297 91 23 21 3023 104 107 209 176 59 62 50
internal_value=0 -0.028382 0.0048671 0.0106799 0.0703516 0.00546473 0.0322622 0.0765659 -0.00894142 0.117042 0.00380839 -0.00598694 -0.00308014 0.00100131 -0.0523282 -0.011 0.00717259 0.0763871 0.163284
internal_weight=0 164.279 847.802 713.4 56.6324 656.768 196.252 70.4347 23.6732 11.2669 7.35271 460.516 452.233 435.617 71.9922 57.1088 125.817 28.2776 18.3821
internal_count=7731 1229 6502 5549 627 4922 1254 454 157 66 43 3668 3619 3515 492 385 800 171 112
is_linear=0
shrinkage=0.2


end of trees

feature_importances:
Column_6=102
Column_7=70
Column_0=53
Column_9=53
Column_17=30
Column_4=23
Column_8=23
Column_16=19
Column_69=19
Column_12=18
Column_1=16
Column_66=16
Column_67=15
Column_3=14
Column_14=14
Column_58=13
Column_15=12
Column_73=11
Column_5=10
Column_13=9
Column_68=8
Column_39=7
Column_72=7
Column_2=6
Column_48=3
Column_53=3
Column_56=3
Column_57=3
Column_64=3
Column_71=3
Column_74=3
Column_26=2
Column_32=2
Column_40=2
Column_44=2
Column_49=2
Column_59=2
Column_62=2
Column_10=1
Column_41=1
Column_55=1
Column_60=1
Column_61=1

parameters:
[boosting: gbdt]
[objective: binary]
[metric: auc]
[tree_learner: serial]
[device_type: cpu]
[linear_tree: 0]
[data: ]
[valid: ]
[num_iterations: 200]
[learning_rate: 0.2]
[num_leaves: 20]
[num_threads: -1]
[deterministic: 0]
[force_col_wise: 0]
[force_row_wise: 0]
[histogram_pool_size: -1]
[max_depth: 9]
[min_data_in_leaf: 20]
[min_sum_hessian_in_leaf: 0.001]
[bagging_fraction: 0.863822]
[pos_bagging_fraction: 1]
[neg_bagging_fraction: 1]
[bagging_freq: 4]
[bagging_seed: 3]
[feature_fraction: 0.708597]
[feature_fraction_bynode: 1]
[feature_fraction_seed: 2]
[extra_trees: 0]
[extra_seed: 6]
[early_stopping_round: 2]
[first_metric_only: 0]
[max_delta_step: 0]
[lambda_l1: 0]
[lambda_l2: 0.702996]
[linear_lambda: 0]
[min_gain_to_split: 0]
[drop_rate: 0.1]
[max_drop: 50]
[skip_drop: 0.5]
[xgboost_dart_mode: 0]
[uniform_drop: 0]
[drop_seed: 4]
[top_rate: 0.2]
[other_rate: 0.1]
[min_data_per_group: 100]
[max_cat_threshold: 32]
[cat_l2: 10]
[cat_smooth: 10]
[max_cat_to_onehot: 4]
[top_k: 20]
[monotone_constraints: ]
[monotone_constraints_method: basic]
[monotone_penalty: 0]
[feature_contri: ]
[forcedsplits_filename: ]
[refit_decay_rate: 0.9]
[cegb_tradeoff: 1]
[cegb_penalty_split: 0]
[cegb_penalty_feature_lazy: ]
[cegb_penalty_feature_coupled: ]
[path_smooth: 0]
[interaction_constraints: ]
[verbosity: 1]
[saved_feature_importance_type: 0]
[max_bin: 255]
[max_bin_by_feature: ]
[min_data_in_bin: 3]
[bin_construct_sample_cnt: 200000]
[data_random_seed: 1]
[is_enable_sparse: 1]
[enable_bundle: 1]
[use_missing: 1]
[zero_as_missing: 0]
[feature_pre_filter: 1]
[pre_partition: 0]
[two_round: 0]
[header: 0]
[label_column: ]
[weight_column: ]
[group_column: ]
[ignore_column: ]
[categorical_feature: ]
[forcedbins_filename: ]
[objective_seed: 5]
[num_class: 1]
[is_unbalance: 0]
[scale_pos_weight: 1]
[sigmoid: 1]
[boost_from_average: 1]
[reg_sqrt: 0]
[alpha: 0.9]
[fair_c: 1]
[poisson_max_delta_step: 0.7]
[tweedie_variance_power: 1.5]
[lambdarank_truncation_level: 30]
[lambdarank_norm: 1]
[label_gain: ]
[eval_at: ]
[multi_error_top_k: 1]
[auc_mu_weights: ]
[num_machines: 1]
[local_listen_port: 12400]
[time_out: 120]
[machine_list_filename: ]
[machines: ]
[gpu_platform_id: -1]
[gpu_device_id: -1]
[gpu_use_dp: 0]
[num_gpu: 1]

end of parameters

pandas_categorical:null
