tree
version=v3
num_class=1
num_tree_per_iteration=1
label_index=0
max_feature_idx=10
objective=binary sigmoid:1
feature_names=Column_0 Column_1 Column_2 Column_3 Column_4 Column_5 Column_6 Column_7 Column_8 Column_9 Column_10
feature_infos=[0:75] [0:11] [0:2] [0:3] [-6847:81204] [0:1] [0:1] [0:30] [0:11] [2:3881] [0:35]
tree_sizes=1177 1169 1172 1157 1170 1177 1170 1176 1172 1174 1173 1174 1171 1172 1163 1186 1191 1179 1186 1184 1172 1174 1181 1179 1184 1168 1174 1181 1161 1176 1155 1168 1177 1162 1173 1174 1180 1175 1174 1168 1164 1165 1166 1171 1162 1158 1168 1169 1170 1154 1159 1157

Tree=0
num_leaves=10
num_cat=0
split_feature=9 9 5 8 4 8 9 5 9
split_gain=1207.96 357.32 289.237 91.4837 81.1866 64.0878 57.7164 56.2154 41.4172
threshold=176.50000000000003 465.50000000000006 1.0000000180025095e-35 9.5000000000000018 52.500000000000007 9.5000000000000018 106.50000000000001 1.0000000180025095e-35 612.50000000000011
decision_type=2 2 2 2 2 2 2 2 2
left_child=3 2 4 6 -2 -4 -1 -8 -3
right_child=1 8 5 -5 -6 -7 7 -9 -10
leaf_value=-0.42364674856134843 -0.19443155802067322 0.079725781020810377 -0.25141532662978094 0.042143344536180627 0.089396251421240941 0.21137498745590591 -0.19612943435562752 -0.38531730483785187 0.2168213661911795
leaf_weight=258.44589811563492 46.400518387556076 127.97562329471111 241.73173289000988 23.948654651641846 303.34962558746338 12.47325763106346 128.47455359995365 123.235785394907 287.63332097232342
leaf_count=1036 186 513 969 96 1216 50 515 494 1153
internal_value=-0.0925736 0.0319772 -0.0662561 -0.339275 0.0517173 -0.228562 -0.357211 -0.288859 0.174674
internal_weight=0 1019.56 603.955 534.105 349.75 254.205 510.156 251.71 415.609
internal_count=6228 4087 2421 2141 1402 1019 2045 1009 1666
is_linear=0
shrinkage=1


Tree=1
num_leaves=10
num_cat=0
split_feature=9 9 5 9 8 8 8 0 10
split_gain=877.388 201.514 152.468 97.5618 57.2094 50.1961 47.6384 44.7622 42.5148
threshold=206.50000000000003 392.50000000000006 1.0000000180025095e-35 129.50000000000003 9.5000000000000018 7.5000000000000009 9.5000000000000018 42.500000000000007 2.5000000000000004
decision_type=2 2 2 2 2 2 2 2 2
left_child=3 2 6 -1 5 8 7 -2 -5
right_child=1 -3 -4 4 -6 -7 -8 -9 -10
leaf_value=-0.25874916811192766 0.052462593406259188 0.20473560876216418 -0.12216770141979211 -0.0034945893584516874 0.22668202709104737 -0.24008353180071829 0.34095737741816867 0.34954565197510362 -0.26367897070272189
leaf_weight=342.73046258091927 183.17442166805267 509.70722252130508 178.94089204072952 126.52967508137226 19.968212306499481 93.491892516613007 33.904424473643303 22.693513110280037 31.213438853621483
leaf_count=1424 735 2056 727 513 80 383 136 91 127
internal_value=0 0.120301 0.0174842 -0.187837 -0.0981403 -0.124062 0.121716 0.0854136 -0.0551557
internal_weight=0 928.42 418.713 613.934 271.203 251.235 239.772 205.868 157.743
internal_count=6272 3745 1689 2527 1103 1023 962 826 640
is_linear=0
shrinkage=0.2


Tree=2
num_leaves=10
num_cat=0
split_feature=9 9 5 4 9 5 8 8 10
split_gain=555.244 166.972 129.115 81.148 80.9874 60.2154 59.9929 42.9975 41.3566
threshold=287.50000000000006 114.50000000000001 1.0000000180025095e-35 131.50000000000003 649.50000000000011 1.0000000180025095e-35 9.5000000000000018 3.5000000000000004 2.5000000000000004
decision_type=2 2 2 2 2 2 2 2 2
left_child=1 -1 3 -3 5 -2 7 -4 -5
right_child=4 2 6 8 -6 -7 -8 -9 -10
leaf_value=-0.2368431492702035 0.14613101994000227 -0.14887608534639471 -0.017299687700092738 0.1310680910300972 0.22374004839125969 -0.0047811894058176008 0.26811908710048143 -0.22557915521678473 -0.10773278994505174
leaf_weight=273.48698981106281 247.28450821340084 69.490217268466949 51.18691474199295 202.12088392674923 255.24132539331913 184.70407095551491 12.576192647218702 176.07926976680756 33.764221236109734
leaf_count=1217 1008 283 214 822 1067 757 51 749 139
internal_value=0 -0.109354 -0.0453617 0.0408898 0.13444 0.0816241 -0.155142 -0.178706 0.0968455
internal_weight=0 818.705 545.218 305.375 687.23 431.989 239.842 227.266 235.885
internal_count=6307 3475 2258 1244 2832 1765 1014 963 961
is_linear=0
shrinkage=0.2


Tree=3
num_leaves=10
num_cat=0
split_feature=9 9 8 8 8 9 4 7 0
split_gain=404.383 130.131 83.0466 78.817 54.3898 45.5297 44.5361 35.3236 30.8447
threshold=174.50000000000003 480.50000000000006 9.5000000000000018 7.5000000000000009 6.5000000000000009 77.500000000000014 1158.5000000000002 3.5000000000000004 7.5000000000000009
decision_type=2 2 2 2 2 2 2 2 2
left_child=5 2 3 4 6 -1 8 -5 -2
right_child=1 -3 -4 7 -6 -7 -8 -9 -10
leaf_value=-0.25312150443891684 0.29497086033949238 0.16738635268421231 0.2466069946592053 0.28033678239321963 0.33496109123334616 -0.11338391754572252 0.1226417594804772 -0.13468760698463042 -0.04321193669053594
leaf_weight=130.88587588071823 11.221318691968916 372.46713292598724 57.239676848053932 8.4942409992218 24.233906969428062 325.48512227833271 123.46591325104237 171.50001063942909 216.91478416323662
leaf_count=640 46 1613 242 35 100 1468 510 723 895
internal_value=0 0.0741702 0.0175135 -0.00613153 0.0459869 -0.153522 0.0259516 -0.114911 -0.0264171
internal_weight=0 985.537 613.07 555.83 375.836 456.371 351.602 179.994 228.136
internal_count=6272 4164 2551 2309 1551 2108 1451 758 941
is_linear=0
shrinkage=0.2


Tree=4
num_leaves=10
num_cat=0
split_feature=9 9 5 6 8 8 8 7 4
split_gain=249.857 106.016 86.6173 48.1046 35.2692 30.9753 27.781 27.5964 25.3207
threshold=142.50000000000003 383.50000000000006 1.0000000180025095e-35 1.0000000180025095e-35 3.5000000000000004 9.5000000000000018 9.5000000000000018 3.5000000000000004 62.500000000000007
decision_type=2 2 2 2 2 2 2 2 2
left_child=5 2 3 8 -4 -1 7 -6 -2
right_child=1 -3 4 -5 6 -7 -8 -9 -10
leaf_value=-0.17184403312632279 -0.078276335892744478 0.11728866745599126 0.037232599002002466 -0.19089328608424264 0.086593418668814592 0.12126817320545723 0.17669891030061213 -0.18438625421642119 0.098962707705267827
leaf_weight=298.56562352180481 36.447924718260765 462.49301768839359 57.317383959889412 28.961330011487007 16.465874195098877 15.063385903835295 10.276628538966177 164.61181312799454 273.57232178747654
leaf_count=1523 151 2060 239 120 71 64 45 748 1146
internal_value=0 0.0456727 -0.0107039 0.0550539 -0.100324 -0.157721 -0.141525 -0.1597 0.078101
internal_weight=0 1050.15 587.653 338.982 248.672 313.629 191.354 181.078 310.02
internal_count=6167 4580 2520 1417 1103 1587 864 819 1297
is_linear=0
shrinkage=0.2


Tree=5
num_leaves=10
num_cat=0
split_feature=9 9 5 5 8 8 4 8 0
split_gain=208.397 72.752 61.6953 46.7837 46.9148 47.6224 32.1962 28.7992 28.3193
threshold=201.50000000000003 662.50000000000011 1.0000000180025095e-35 1.0000000180025095e-35 1.0000000180025095e-35 6.5000000000000009 196.50000000000003 9.5000000000000018 11.500000000000002
decision_type=2 2 2 2 2 2 2 2 2
left_child=3 2 6 4 -1 8 -2 -5 -6
right_child=1 -3 -4 7 5 -7 -8 -9 -10
leaf_value=0.27053474439964292 -0.016489687185117171 0.16322702492791236 -0.043597170076965952 -0.18367781334210781 0.099359721562286077 0.066991890520385719 0.11660734068916799 0.19106529189306787 -0.1596925647056463
leaf_weight=17.472927436232567 99.192004203796387 209.37296998500824 277.80137892067432 219.01386784017086 19.080617070198059 71.922276228666306 271.75007174909115 8.4194169789552671 141.13915041089058
leaf_count=77 420 1032 1220 1198 88 329 1190 37 695
internal_value=0 0.0607579 0.0276609 -0.104111 -0.04429 -0.0681263 0.0810232 -0.169703 -0.128786
internal_weight=0 858.116 648.743 477.048 249.615 232.142 370.942 227.433 160.22
internal_count=6286 3862 2830 2424 1189 1112 1610 1235 783
is_linear=0
shrinkage=0.2


Tree=6
num_leaves=10
num_cat=0
split_feature=9 9 0 8 3 9 0 8 0
split_gain=140.251 61.7393 68.0958 52.6164 44.2338 31.7566 26.8726 25.0626 23.567
threshold=152.50000000000003 668.50000000000011 42.500000000000007 9.5000000000000018 1.5000000000000002 77.500000000000014 6.5000000000000009 1.0000000180025095e-35 7.5000000000000009
decision_type=2 2 2 2 2 2 2 2 2
left_child=5 2 3 4 6 -1 -2 -6 -7
right_child=1 -3 -4 -5 7 8 -8 -9 -10
leaf_value=-0.21470968674915503 0.18544525077943214 0.13905236143210925 0.22794853072664339 0.1938612413557575 0.20579021979059497 0.23796257856143749 -0.072803987860817515 0.019418449178051935 -0.090990416717413536
leaf_weight=97.56290166079998 16.682749688625336 181.42689600586891 53.043471068143845 48.734413847327232 32.831186801195145 8.9708409756422025 393.05703660845757 232.30399559438229 206.68637964129448
leaf_count=644 74 965 244 232 141 43 1757 1024 1111
internal_value=0 0.0340531 0.00950573 -0.00654558 -0.0210525 -0.120083 -0.062233 0.0425872 -0.0771698
internal_weight=0 958.08 776.653 723.609 674.875 313.22 409.74 265.135 215.657
internal_count=6235 4437 3472 3228 2996 1798 1831 1165 1154
is_linear=0
shrinkage=0.2


Tree=7
num_leaves=10
num_cat=0
split_feature=9 9 0 3 8 8 10 4 10
split_gain=108.552 47.8106 46.8208 46.219 28.8207 22.4678 24.4028 21.3873 16.7672
threshold=124.50000000000001 344.50000000000006 41.500000000000007 1.5000000000000002 9.5000000000000018 3.5000000000000004 1.0000000180025095e-35 185.50000000000003 1.0000000180025095e-35
decision_type=2 2 2 2 2 2 2 2 2
left_child=8 2 3 4 5 6 -2 -5 -1
right_child=1 -3 -4 7 -6 -7 -8 -9 -10
leaf_value=-0.058850985155844873 0.10645539169221525 0.074624250210426846 0.17669474366284821 -0.063351447780085154 0.16466124363633519 -0.13019060108525268 -0.10138125817545113 0.082457772161233747 -0.17610968861311427
leaf_weight=80.228603854775429 39.994299799203873 485.88965992629528 48.545513033866882 54.350917905569077 18.392529606819153 200.27075876295567 51.598621428012848 153.96267649531364 125.04589980840683
leaf_count=512 171 2395 230 247 93 973 225 696 843
internal_value=0 0.0285923 -0.0108549 -0.0284526 -0.077365 -0.0926843 -0.0106063 0.0443988 -0.130348
internal_weight=0 1053 567.115 518.57 310.256 291.864 91.5929 208.314 205.275
internal_count=6385 5030 2635 2405 1462 1369 396 943 1355
is_linear=0
shrinkage=0.2


Tree=8
num_leaves=10
num_cat=0
split_feature=9 0 8 8 8 0 10 9 8
split_gain=76.5528 60.2306 52.1147 49.017 104.905 33.4039 31.6186 15.688 13.086
threshold=371.50000000000006 42.500000000000007 9.5000000000000018 7.5000000000000009 6.5000000000000009 11.500000000000002 1.0000000180025095e-35 797.50000000000011 9.5000000000000018
decision_type=2 2 2 2 2 2 2 2 2
left_child=1 2 3 4 5 -1 -7 8 -2
right_child=7 -3 -4 -5 -6 6 -8 -9 -10
leaf_value=0.078478204337704457 0.031774925831207106 0.19167623096745012 0.15672445462767368 -0.14118016904209438 0.40267666176906119 0.0020039182224641052 -0.11887079523038922 0.12735594641580039 0.20879406643965487
leaf_weight=68.591205760836601 288.479781717062 42.538617327809334 44.505005314946175 231.92543943971395 21.394550979137421 138.73775187134743 230.02837565541267 120.02795720100403 17.607039421796799
leaf_count=322 1372 219 232 1346 100 677 1253 716 95
internal_value=0 -0.039348 -0.0527473 -0.0662723 -0.0283724 -0.0495733 -0.0734107 0.0661059 0.042043
internal_weight=0 777.721 735.182 690.677 458.752 437.357 368.766 426.115 306.087
internal_count=6332 4149 3930 3698 2352 2252 1930 2183 1467
is_linear=0
shrinkage=0.2


Tree=9
num_leaves=10
num_cat=0
split_feature=9 9 0 0 4 8 8 7 8
split_gain=61.2888 30.0953 37.5855 40.973 44.393 20.5472 19.3163 16.0657 15.7917
threshold=77.500000000000014 551.50000000000011 42.500000000000007 10.500000000000002 976.50000000000011 9.5000000000000018 1.0000000180025095e-35 3.5000000000000004 4.5000000000000009
decision_type=2 2 2 2 2 2 2 2 2
left_child=-1 2 3 -2 5 6 -5 -6 -9
right_child=1 -3 -4 4 7 -7 -8 8 -10
leaf_value=-0.18333394499131137 0.1001141345724209 0.074970546986579498 0.16326910035328657 0.058340903860869459 0.17105783350971523 0.12405737155342902 -0.097047732398963804 0.086495939362222218 -0.02624516668405967
leaf_weight=68.775839291512966 103.09621126949787 231.93181839585304 48.918422043323517 34.910415962338448 29.31440706551075 19.848113790154457 373.57756482809782 76.745458722114563 140.4429512694478
leaf_count=613 497 1352 266 160 138 107 1921 355 731
internal_value=0 0.0113261 -0.00653518 -0.0172387 -0.0351829 -0.0740886 -0.0837533 0.0324251 0.0136212
internal_weight=0 1058.79 826.854 777.935 674.839 428.336 408.488 246.503 217.188
internal_count=6140 5527 4175 3909 3412 2188 2081 1224 1086
is_linear=0
shrinkage=0.2


Tree=10
num_leaves=10
num_cat=0
split_feature=9 6 9 0 7 8 8 9 8
split_gain=53.0476 33.2618 29.3241 27.9938 26.745 30.4717 24.1588 31.8323 25.512
threshold=77.500000000000014 1.0000000180025095e-35 787.50000000000011 12.500000000000002 14.500000000000002 8.5000000000000018 7.5000000000000009 442.50000000000006 6.5000000000000009
decision_type=2 2 2 2 2 2 2 2 2
left_child=-1 3 -3 -2 5 6 8 -8 -5
right_child=1 2 -4 4 -6 -7 7 -9 -10
leaf_value=-0.18430706631682209 0.090804141746144235 -0.12826517882678859 0.1509318869925621 0.038728316823996828 -0.036793049944119277 0.20692297909469626 -0.15166696625796133 0.076729944299754341 0.32729939829961457
leaf_weight=61.269768260419369 179.83204827457666 108.35049689561129 17.357326313853264 241.92925373464823 355.81179118156433 38.741234555840492 61.842276878654957 40.163464277982712 12.781335636973379
leaf_count=631 922 582 117 1223 1910 217 366 219 65
internal_value=0 0.00691389 -0.0895969 0.0199546 0.00298237 0.0387705 0.0204386 -0.0617556 0.0533705
internal_weight=0 1056.81 125.708 931.101 751.269 395.458 356.716 102.006 254.711
internal_count=6252 5621 699 4922 4000 2090 1873 585 1288
is_linear=0
shrinkage=0.2


Tree=11
num_leaves=10
num_cat=0
split_feature=9 2 0 9 3 7 8 8 9
split_gain=45.2128 26.568 30.5146 23.9572 26.0308 18.381 22.7475 21.0966 11.8234
threshold=77.500000000000014 1.5000000000000002 42.500000000000007 808.50000000000011 1.0000000180025095e-35 12.500000000000002 9.5000000000000018 8.5000000000000018 398.50000000000006
decision_type=2 2 2 2 2 2 2 2 2
left_child=-1 2 3 4 8 7 -7 -6 -2
right_child=1 -3 -4 -5 5 6 -8 -9 -10
leaf_value=-0.17744309294190622 -0.18531154136051053 0.056885727249809004 0.13137470556333117 0.09951839307220843 0.0076415029745886742 -0.065960343269432453 0.16264849782432345 0.24134310213179147 -0.013332320011391461
leaf_weight=53.454082243144512 60.546322666108608 338.78213354945183 55.008136376738548 57.357453070580959 194.47000654041767 271.65138933062553 18.47780567407608 16.653469353914261 21.740687340497971
leaf_count=634 345 1796 326 397 999 1432 102 95 105
internal_value=0 0.0109648 -0.0113971 -0.0236756 -0.0358044 -0.0186724 -0.0513334 0.0262149 -0.139968
internal_weight=0 1034.69 695.905 640.897 583.54 501.253 290.129 211.123 82.287
internal_count=6231 5597 3801 3475 3078 2628 1534 1094 450
is_linear=0
shrinkage=0.2


Tree=12
num_leaves=10
num_cat=0
split_feature=9 8 9 7 8 3 4 7 8
split_gain=29.5656 27.6114 30.8733 29.094 32.9621 18.6455 15.7936 14.363 17.8802
threshold=61.500000000000007 3.5000000000000004 642.50000000000011 3.5000000000000004 9.5000000000000018 1.5000000000000002 -45.499999999999993 21.500000000000004 1.5000000000000002
decision_type=2 2 2 2 2 2 2 2 2
left_child=-1 6 3 -3 5 -5 -2 -8 -9
right_child=1 2 -4 4 -6 -7 7 8 -10
leaf_value=-0.18780806976064801 -0.20849580966753289 0.091312399183779147 0.077690807013699625 -0.095434598247715385 0.10381264695377267 -0.013668551235841314 0.039004147469245673 0.10105454823297266 0.40503207849122752
leaf_weight=32.56420624256134 8.9410312324762327 64.756597399711609 115.36004019528627 313.80138429999352 50.097465336322784 173.12346221506596 271.06515485048294 53.895091764628887 8.9435896798968297
leaf_count=445 52 329 801 1818 318 898 1407 290 47
internal_value=0 0.00528771 -0.0170313 -0.0352024 -0.0504768 -0.0663747 0.0519616 0.0590154 0.145075
internal_weight=0 1059.98 717.139 601.779 537.022 486.925 342.845 333.904 62.8387
internal_count=6405 5960 4164 3363 3034 2716 1796 1744 337
is_linear=0
shrinkage=0.2


Tree=13
num_leaves=10
num_cat=0
split_feature=9 10 5 8 8 7 8 0 7
split_gain=33.1267 34.387 23.0161 15.4917 16.2568 16.439 14.4636 14.1536 13.4343
threshold=251.50000000000003 2.5000000000000004 1.0000000180025095e-35 6.5000000000000009 1.0000000180025095e-35 17.500000000000004 7.5000000000000009 41.500000000000007 12.500000000000002
decision_type=2 2 2 2 2 2 2 2 2
left_child=1 2 3 4 -1 -6 -5 -4 -8
right_child=-2 -3 7 6 5 -7 8 -9 -10
leaf_value=0.15428709204034693 0.031265250964120847 -0.15710449841167071 -0.084414727003321685 0.29705789374230357 0.012352640988764501 -0.13836502967790501 0.18212773893255615 0.26640622808649383 -0.010047435962387091
leaf_weight=20.527748622000217 592.75125732272863 82.404635403305292 151.65447134152055 12.344467014074324 89.266369499266148 42.694075189530849 22.933662131428719 4.6182050108909598 39.380950748920441
leaf_count=98 3233 650 1160 62 472 268 129 26 218
internal_value=0 -0.0399999 -0.0147865 0.0258546 -0.010705 -0.0364994 0.100413 -0.0738315 0.0609138
internal_weight=0 465.825 383.42 227.147 152.488 131.96 74.6591 156.273 62.3146
internal_count=6316 3083 2433 1247 838 740 409 1186 347
is_linear=0
shrinkage=0.2


Tree=14
num_leaves=10
num_cat=0
split_feature=9 8 8 7 8 4 9 0 10
split_gain=21.6428 16.3299 26.0528 55.3514 14.0104 13.3527 14.1146 10.7842 9.22841
threshold=139.50000000000003 3.5000000000000004 1.5000000000000002 6.5000000000000009 1.0000000180025095e-35 38.500000000000007 851.50000000000011 4.5000000000000009 1.5000000000000002
decision_type=2 2 2 2 2 2 2 2 2
left_child=1 2 4 -4 -1 6 -2 -7 -9
right_child=5 -3 3 -5 -6 7 -8 8 -10
leaf_value=0.12317774361634429 -0.060697384877857322 -0.10522394501468249 -0.1098113316370502 0.6019738382312726 -0.13874998514029938 0.22745324331560651 0.16638477434444887 0.036755909432791792 -0.015501840851857568
leaf_weight=11.321206308901308 128.56338734179735 116.9997077472508 9.1257365345954913 8.1945997364819032 28.449147667735815 10.349902637302874 11.840253956615923 515.1537756472826 183.15503009408712
leaf_count=76 688 1106 72 53 244 56 93 2834 1027
internal_value=0 -0.0624733 0.0251791 0.22895 -0.064028 0.0149119 -0.0414095 0.0260762 0.0230492
internal_weight=0 174.09 57.0907 17.3203 39.7704 849.062 140.404 708.659 698.309
internal_count=6249 1551 445 125 320 4698 781 3917 3861
is_linear=0
shrinkage=0.2


Tree=15
num_leaves=10
num_cat=0
split_feature=1 10 9 10 6 4 8 8 8
split_gain=18.9327 21.3546 16.6049 19.8507 12.7361 11.4788 11.8819 10.8593 10.8552
threshold=7.5000000000000009 1.0000000180025095e-35 225.50000000000003 1.5000000000000002 1.0000000180025095e-35 462.50000000000006 7.5000000000000009 1.0000000180025095e-35 9.5000000000000018
decision_type=2 2 2 2 2 2 2 2 2
left_child=2 -2 3 4 5 6 -1 -3 -8
right_child=1 7 -4 -5 -6 -7 8 -9 -10
leaf_value=0.011935347056560889 0.11964400393282593 0.18890718961886116 0.009179804838232641 -0.13512767451352156 -0.14398186580252217 0.04687720878162438 -0.19572953207653163 -0.015770438101221047 0.079404647639602602
leaf_weight=46.974432941526175 102.48697222024202 11.115014024078844 477.15640456229448 81.458985395729542 27.993938874453306 98.225037258118391 28.590398300439119 132.67238112166524 7.0895221233367911
leaf_count=287 597 58 2661 700 213 628 275 809 40
internal_value=0 0.0499498 -0.0137682 -0.0514701 -0.0187796 0.000688086 -0.0541895 0.000209924 -0.14097
internal_weight=0 246.274 767.489 290.332 208.873 180.879 82.6544 143.787 35.6799
internal_count=6268 1464 4804 2143 1443 1230 602 867 315
is_linear=0
shrinkage=0.2


Tree=16
num_leaves=10
num_cat=0
split_feature=9 0 4 5 9 9 4 6 4
split_gain=19.7491 14.5844 13.5064 9.92282 8.94772 8.42482 11.2378 9.20407 7.82499
threshold=90.500000000000014 12.500000000000002 840.50000000000011 1.0000000180025095e-35 649.50000000000011 351.50000000000006 -1.0000000180025095e-35 1.0000000180025095e-35 13742.500000000002
decision_type=2 2 2 2 2 2 2 2 2
left_child=-1 3 5 -2 -5 6 -3 -8 -4
right_child=1 2 8 4 -6 -7 7 -9 -10
leaf_value=-0.11338641592337087 0.097578035586091932 -0.19463992352810244 0.031776791717118689 -0.027860075349015568 0.14858717121469545 0.0062706683753984338 -0.023848080258208285 -0.15176152709110222 -0.16667991826297643
leaf_weight=55.652701210230589 109.99803426116705 19.852499354630709 323.94605293124914 63.38073268532753 13.904912553727625 177.74876824766397 201.66165021061897 25.208332348614931 8.0177582129836065
leaf_count=813 598 150 1866 336 110 1004 1173 172 45
internal_value=0 0.00907974 -0.00329453 0.0590264 0.0040844 -0.0269248 -0.0508307 -0.0381408 0.0269193
internal_weight=0 943.719 756.435 187.284 77.2856 424.471 246.722 226.87 331.964
internal_count=6267 5454 4410 1044 446 2499 1495 1345 1911
is_linear=0
shrinkage=0.2


Tree=17
num_leaves=10
num_cat=0
split_feature=6 4 0 5 8 8 0 8 8
split_gain=12.4092 11.6646 10.7012 10.0673 13.841 21.245 11.9627 10.1423 12.2067
threshold=1.0000000180025095e-35 43.500000000000007 42.500000000000007 1.0000000180025095e-35 7.5000000000000009 6.5000000000000009 11.500000000000002 1.0000000180025095e-35 1.5000000000000002
decision_type=2 2 2 2 2 2 2 2 2
left_child=1 2 -1 6 5 -5 -3 -8 -9
right_child=-2 3 -4 4 -6 -7 7 8 -10
leaf_value=-0.054815771555113905 -0.06176649545057921 0.11382035850046582 0.24607549858965766 0.018051115875039301 -0.049931849497704302 0.3784591355250051 0.13007181684952226 -0.054785312150722243 0.034777243344084018
leaf_weight=134.44495867565274 111.83087132871151 70.301261655986309 4.7714345753192893 147.98634232208133 159.46596843749285 6.7141236290335646 32.616339422762394 79.773490078747272 255.44472822919488
leaf_count=900 825 411 24 871 1152 31 176 477 1521
internal_value=0 0.00887356 -0.0442803 0.0187159 -0.00860468 0.0340018 0.0383029 0.0238343 0.0134505
internal_weight=0 891.519 139.216 752.302 314.166 154.7 438.136 367.835 335.218
internal_count=6388 5563 924 4639 2054 902 2585 2174 1998
is_linear=0
shrinkage=0.2


Tree=18
num_leaves=10
num_cat=0
split_feature=3 9 10 5 3 7 7 10 7
split_gain=15.3199 12.7364 9.95146 10.6651 8.34379 7.44497 11.1105 15.1616 9.16201
threshold=1.5000000000000002 367.50000000000006 1.0000000180025095e-35 1.0000000180025095e-35 1.0000000180025095e-35 12.500000000000002 20.500000000000004 2.5000000000000004 6.5000000000000009
decision_type=2 2 2 2 2 2 2 2 2
left_child=1 2 3 -1 -4 8 -7 -8 -2
right_child=5 -3 4 -5 -6 6 7 -9 -10
leaf_value=0.031923017405619522 0.016883371271657292 0.012906292224987471 -0.16458053677279677 -0.06714155751260216 -0.058014862065704047 -0.03720384434806577 0.088949161561142742 -0.1010991750346395 0.11162524075947422
leaf_weight=96.683862887322903 90.014003183692694 235.33971763402224 36.460913453251123 78.767263423651457 151.04182493686676 121.39728049561381 84.849279671907425 20.808791022747755 74.6747718565166
leaf_count=548 526 1387 318 593 1114 765 504 152 447
internal_value=0 -0.0233286 -0.0468196 -0.0125682 -0.0788381 0.0275415 0.00405205 0.0514409 0.059897
internal_weight=0 598.294 362.954 175.451 187.503 391.744 227.055 105.658 164.689
internal_count=6354 3960 2573 1141 1432 2394 1421 656 973
is_linear=0
shrinkage=0.2


Tree=19
num_leaves=10
num_cat=0
split_feature=9 4 9 3 0 10 5 0 0
split_gain=15.4312 8.70308 10.1834 10.2663 9.45502 7.98611 9.81509 7.82371 7.55617
threshold=59.500000000000007 2506.0000000000005 1109.5000000000002 1.0000000180025095e-35 41.500000000000007 1.0000000180025095e-35 1.0000000180025095e-35 57.500000000000007 7.5000000000000009
decision_type=2 2 2 2 2 2 2 2 2
left_child=-1 2 3 -2 5 6 -5 -6 -7
right_child=1 -3 -4 4 7 8 -8 -9 -10
leaf_value=-0.17755590829888024 -0.068612143238592424 0.050726277307205539 0.12112093579743194 0.058438380100638593 0.15124725634501868 0.10173561383467905 -0.01491614939430016 -0.15055077433048178 -0.028192957351705152
leaf_weight=17.725691802799702 85.164210828021169 172.46486800163984 27.141765981912613 155.48006359487772 26.910263858735565 18.829816233366728 137.292480815202 3.828487202525138 322.02323234826326
leaf_count=405 586 1036 230 861 169 105 862 25 1998
internal_value=0 0.010103 0.0010753 -0.00329229 0.00509294 -0.000172898 0.0240483 0.113177 -0.0209788
internal_weight=0 949.135 776.67 749.529 664.364 633.626 292.773 30.7388 340.853
internal_count=6277 5872 4836 4606 4020 3826 1723 194 2103
is_linear=0
shrinkage=0.2


Tree=20
num_leaves=10
num_cat=0
split_feature=8 7 8 8 7 8 9 8 2
split_gain=10.4174 16.3548 17.8775 36.1615 17.0447 13.6742 14.5812 12.0489 12.0453
threshold=3.5000000000000004 12.500000000000002 8.5000000000000018 9.5000000000000018 3.5000000000000004 4.5000000000000009 437.50000000000006 9.5000000000000018 1.5000000000000002
decision_type=2 2 2 2 2 2 2 2 2
left_child=-1 2 4 -4 -2 -6 -7 8 -3
right_child=1 7 3 -5 5 6 -8 -9 -10
leaf_value=0.026617515476281429 0.093256114064569531 -0.081657224884880142 0.32789579466136687 -0.05348493267540734 0.28370905073897423 -0.088159776358287367 0.038642186358760475 0.065480939088278858 -0.0031130834659712503
leaf_weight=311.05177076905966 56.532103434205055 233.17436090670526 20.503409717231989 19.133784972131252 5.1219347491860381 104.58178918808699 55.40649688988924 36.321035072207451 117.41589685901999
leaf_count=1828 325 1675 110 159 27 773 344 259 764
internal_value=0 -0.0179 0.0207532 0.144227 -0.00140071 -0.0338588 -0.0442506 -0.0440005 -0.0553631
internal_weight=0 648.191 261.28 39.6372 221.642 165.11 159.988 386.911 350.59
internal_count=6264 4436 1738 269 1469 1144 1117 2698 2439
is_linear=0
shrinkage=0.2


Tree=21
num_leaves=10
num_cat=0
split_feature=9 9 8 7 0 0 0 3 9
split_gain=9.31328 8.05789 7.84548 15.9835 14.2697 8.90442 8.32374 8.15285 8.36219
threshold=73.500000000000014 1242.5000000000002 9.5000000000000018 19.500000000000004 54.500000000000007 42.500000000000007 14.500000000000002 1.5000000000000002 355.50000000000006
decision_type=2 2 2 2 2 2 2 2 2
left_child=-1 2 5 4 6 7 -4 8 -2
right_child=1 -3 3 -5 -6 -7 -8 -9 -10
leaf_value=-0.12269964797241362 -0.047003389562285829 0.13252064574298614 -0.1325376330035882 0.21270225586336525 -0.47185709150064403 0.091590017547470426 0.098183473851296887 0.016330912960131942 0.0056193196115057395
leaf_weight=24.07994351349771 285.57856409810483 18.678446166217327 9.0166702792048508 20.436984322965145 2.3783540055155745 36.879532188177109 19.657864205539227 316.71130453422666 209.21633487194777
leaf_count=575 1908 169 72 146 18 249 157 1789 1164
internal_value=0 0.00296629 0.000258169 0.0759588 -0.0145552 -0.0043473 0.0253592 -0.0087214 -0.0247571
internal_weight=0 918.554 899.876 51.4899 31.0529 848.386 28.6745 811.506 494.795
internal_count=6247 5672 5503 393 247 5110 229 4861 3072
is_linear=0
shrinkage=0.2


Tree=22
num_leaves=10
num_cat=0
split_feature=8 8 9 4 7 8 7 8 9
split_gain=7.80416 53.8633 14.1006 12.2856 10.6442 12.7913 15.561 67.7065 14.4102
threshold=7.5000000000000009 6.5000000000000009 176.50000000000003 48.500000000000007 1.0000000180025095e-35 3.5000000000000004 7.5000000000000009 1.5000000000000002 456.50000000000006
decision_type=2 2 2 2 2 2 2 2 2
left_child=1 4 -2 -3 -1 6 -6 -8 -7
right_child=2 3 -4 -5 5 8 7 -9 -10
leaf_value=0.19894324125667029 -0.10158846446704251 0.65856181804828573 -0.0040173903585738217 0.23743499940040161 -0.047704796933732252 -0.070805665693720252 0.00057403087965509562 0.29889244744507149 0.033922265507884374
leaf_weight=10.281915761530398 76.806388949975371 3.0875144675374058 257.68661113828421 23.471170287579298 89.538155119866133 172.25371700152755 178.34976444579661 36.561320617794991 75.508163258433342
leaf_count=57 844 17 1652 140 528 1174 1099 209 496
internal_value=0 0.0117926 -0.0264529 0.289401 -0.00137964 -0.00515612 0.0222996 0.0514769 -0.0388876
internal_weight=0 589.052 334.493 26.5587 562.493 552.211 304.449 214.911 247.762
internal_count=6216 3720 2496 157 3563 3506 1836 1308 1670
is_linear=0
shrinkage=0.2


Tree=23
num_leaves=10
num_cat=0
split_feature=1 1 10 4 7 4 8 7 7
split_gain=8.38298 8.71992 7.96252 6.92745 7.13267 6.39919 7.37046 7.68418 6.64608
threshold=1.0000000180025095e-35 3.5000000000000004 5.5000000000000009 1612.5000000000002 23.500000000000004 800.50000000000011 4.5000000000000009 1.5000000000000002 1.5000000000000002
decision_type=2 2 2 2 2 2 2 2 2
left_child=3 -2 5 4 -1 -3 7 -7 -8
right_child=1 2 -4 -5 -6 6 8 -9 -10
leaf_value=-0.0050499765229027674 -0.048723646714055727 -0.014218155182912064 -0.1080916063375145 0.14886882962720646 0.14818669765842354 -0.21541800456556137 0.15881982757160265 0.081164013970744964 -0.0079865382877640292
leaf_weight=68.556298211216927 193.18395685963333 324.55004912428558 26.012329421937466 21.639803968369961 14.6337727997452 3.5018038116395465 10.032601602375506 96.451397523283958 159.07673066854477
leaf_count=469 1416 2141 221 145 105 21 65 572 1082
internal_value=0 -0.0116395 -6.97223e-05 0.0484204 0.0220972 0.00468677 0.0274862 0.0705036 0.00202536
internal_weight=0 812.809 619.625 104.83 83.1901 593.613 269.063 99.9532 169.109
internal_count=6237 5518 4102 719 574 3881 1740 593 1147
is_linear=0
shrinkage=0.2


Tree=24
num_leaves=10
num_cat=0
split_feature=0 1 0 9 4 7 8 8 4
split_gain=10.4347 10.3363 10.2335 8.12787 10.6153 10.5976 15.9821 14.9574 8.25718
threshold=6.5000000000000009 1.0000000180025095e-35 40.500000000000007 416.50000000000006 -69.999999999999986 15.500000000000002 8.5000000000000018 3.5000000000000004 12243.500000000002
decision_type=2 2 2 2 2 2 2 2 2
left_child=-1 -2 3 4 -3 6 -6 -7 -5
right_child=1 2 -4 8 5 7 -8 -9 -10
leaf_value=0.12553936308582214 0.056983881571257805 -0.19214085759218952 0.065670235441564681 0.018467881124261638 -0.01628395819075357 0.014799336998209279 0.14332740575642963 -0.098321887972957933 -0.27035877337370312
leaf_weight=26.531375652179122 106.45799404941499 15.779497399926184 66.320470185950398 235.94563185796142 224.34718627855182 71.176989886909723 28.120329435914755 135.96102067269385 3.8953938335180274
leaf_count=175 729 175 481 1491 1475 455 179 1078 22
internal_value=0 -0.00144119 -0.0094078 -0.0163803 -0.0315212 -0.0259533 0.00155934 -0.0594663 0.013631
internal_weight=0 888.005 781.547 715.226 475.385 459.606 252.468 207.138 239.841
internal_count=6260 6085 5356 4875 3362 3187 1654 1533 1513
is_linear=0
shrinkage=0.2


Tree=25
num_leaves=10
num_cat=0
split_feature=0 7 7 9 1 0 1 9 4
split_gain=7.34376 17.5892 7.43495 7.07397 6.54389 5.14921 5.34902 5.28939 5.26755
threshold=7.5000000000000009 6.5000000000000009 3.5000000000000004 59.500000000000007 7.5000000000000009 15.500000000000002 1.0000000180025095e-35 137.50000000000003 2738.5000000000005
decision_type=2 2 2 2 2 2 2 2 2
left_child=1 -1 4 -4 5 7 -7 -2 -9
right_child=2 -3 3 -5 -6 6 -8 8 -10
leaf_value=-0.14325399411750514 -0.23745839797087165 0.15545594086278081 -0.17146365589094234 -0.010245567196731515 0.13033104894590375 0.20511306032870169 0.023694896587727471 0.038424732714851188 -0.23027090581209297
leaf_weight=10.435855284333227 5.1818951070308712 31.078227043151855 10.914591659791766 757.03076205216348 26.394284931942821 7.5044365376234046 44.060457218438387 15.554178789258005 3.4541578516364089
leaf_count=65 39 207 371 5065 152 43 285 89 21
internal_value=0 0.0801503 -0.00582124 -0.0125659 0.0448353 0.0148727 0.0505528 -0.0610462 -0.0116509
internal_weight=0 41.5141 870.095 767.945 102.149 75.7551 51.5649 24.1902 19.0083
internal_count=6337 272 6065 5436 629 477 328 149 110
is_linear=0
shrinkage=0.2


Tree=26
num_leaves=10
num_cat=0
split_feature=7 8 8 7 8 5 7 7 8
split_gain=6.78131 19.9058 19.888 16.5377 12.9525 10.2058 9.62493 8.75209 7.96416
threshold=19.500000000000004 1.0000000180025095e-35 5.5000000000000009 17.500000000000004 7.5000000000000009 1.0000000180025095e-35 26.500000000000004 24.500000000000004 8.5000000000000018
decision_type=2 2 2 2 2 2 2 2 2
left_child=3 -2 6 -1 -4 -6 7 -3 -5
right_child=1 2 4 8 5 -7 -8 -9 -10
leaf_value=-0.0013571443810950403 0.17717332921886553 -0.040330923824772782 0.23167387205572801 -0.054042155453992019 0.10817749748765848 -0.025526193208253736 -0.1120534163364003 0.13311398054608831 -0.19581374873833704
leaf_weight=571.27007934637368 30.524713188409805 46.999844430014491 16.185789803043008 44.452702831476927 43.444061255082488 47.895315927453339 55.29631922300905 15.320903026498852 24.634107225574553
leaf_count=3874 187 327 94 347 286 406 431 110 167
internal_value=0 0.0259775 0.00538684 -0.0125442 0.0675137 0.038132 -0.0514213 0.00249953 -0.10487
internal_weight=0 255.667 225.142 640.357 107.525 91.3394 117.617 62.3207 69.0868
internal_count=6229 1841 1654 4388 786 692 868 437 514
is_linear=0
shrinkage=0.2


Tree=27
num_leaves=10
num_cat=0
split_feature=9 10 4 8 8 8 5 8 0
split_gain=7.85252 14.2753 13.407 7.39136 8.27728 20.7848 12.5538 7.68172 6.86218
threshold=344.50000000000006 2.5000000000000004 -69.999999999999986 8.5000000000000018 7.5000000000000009 6.5000000000000009 1.0000000180025095e-35 3.5000000000000004 11.500000000000002
decision_type=2 2 2 2 2 2 2 2 2
left_child=1 2 -1 4 5 7 8 -4 -6
right_child=-2 -3 3 -5 6 -7 -8 -9 -10
leaf_value=-0.21438578616729995 0.026508463943460039 -0.092816276296004835 0.025945991444897766 0.064906447019703079 0.24674946894797678 0.22990985268079445 -0.1196671076304886 -0.041493128270400692 -0.0036067623575898352
leaf_weight=11.04822806175798 375.31776223704219 73.809585802257061 163.34832511655986 74.229991442523897 5.5608407445251968 16.24672931060195 50.985594537109137 115.01585386320949 18.966856680810452
leaf_count=132 2331 738 899 570 26 102 613 784 101
internal_value=0 -0.0113067 0.00192699 0.00736724 -0.00419148 0.0109566 -0.0632072 -0.00192528 0.0541681
internal_weight=0 529.212 455.402 444.354 370.124 294.611 75.5133 278.364 24.5277
internal_count=6296 3965 3227 3095 2525 1785 740 1683 127
is_linear=0
shrinkage=0.2


Tree=28
num_leaves=10
num_cat=0
split_feature=9 0 4 1 4 4 4 10 9
split_gain=7.98877 10.9003 8.22654 5.96636 4.79451 5.64775 4.79564 4.48448 7.83038
threshold=797.50000000000011 36.500000000000007 1509.5000000000002 4.5000000000000009 4180.0000000000009 6628.0000000000009 705.50000000000011 4.5000000000000009 262.50000000000006
decision_type=2 2 2 2 2 2 2 2 2
left_child=7 4 3 -3 6 -6 -2 -1 -9
right_child=1 2 -4 -5 5 -7 -8 8 -10
leaf_value=-0.0013191457507815653 0.063720121022143417 -0.089714944608840719 0.079987469032109418 -0.49800135010281132 -0.19625147422849124 0.15508065018568046 0.17868643633987072 -0.14208220299931509 0.016646937579322219
leaf_weight=757.73713558726013 38.235409259796143 3.0777856931090337 4.1348622590303421 2.6666898652911186 4.5983553752303115 2.8639901280403137 23.512099880725145 24.919173611328006 24.629440687596798
leaf_count=5111 343 28 41 26 39 25 215 319 125
internal_value=0 0.0614181 -0.13388 -0.286164 0.0894973 -0.0610618 0.107784 -0.00513592 -0.0633468
internal_weight=0 79.0892 9.87934 5.74448 69.2099 7.46235 61.7475 807.286 49.5486
internal_count=6272 717 95 54 622 64 558 5555 444
is_linear=0
shrinkage=0.2


Tree=29
num_leaves=10
num_cat=0
split_feature=3 1 9 9 9 1 4 4 4
split_gain=5.52053 9.28614 5.69636 5.97619 5.03169 4.45813 6.48055 6.05494 5.53011
threshold=1.5000000000000002 1.0000000180025095e-35 139.50000000000003 137.50000000000003 1324.0000000000002 3.5000000000000004 786.50000000000011 2789.5000000000005 1489.5000000000002
decision_type=2 2 2 2 2 2 2 2 2
left_child=2 -2 3 -1 -4 6 -3 -7 -8
right_child=1 5 4 -5 -6 7 8 -9 -10
leaf_value=-0.05025098609300354 0.15892998434421376 0.023371767565057013 -0.0037834336096006318 -0.35919330006481376 0.15138392324367855 0.0085770265020835255 -0.38395067367781938 0.08053379087927974 -0.084364361236651531
leaf_weight=69.056199349462986 18.990103535354137 16.194138015620414 437.50186062976718 2.4725089259445658 8.3904187306761724 236.9620918482542 3.3222823720425358 58.161837611347437 8.9959020363166911
leaf_count=977 118 111 2794 18 90 1589 20 378 62
internal_value=0 0.0234934 -0.00923158 -0.0615708 -0.000819779 0.0154849 -0.0598607 0.0227876 -0.168372
internal_weight=0 342.626 517.421 71.5287 445.892 323.636 28.5123 295.124 12.3182
internal_count=6157 2278 3879 995 2884 2160 193 1967 82
is_linear=0
shrinkage=0.2


Tree=30
num_leaves=10
num_cat=0
split_feature=8 7 7 8 7 9 0 7 9
split_gain=5.59435 16.4705 23.3625 13.214 8.31663 8.43456 6.31778 6.13907 12.2435
threshold=8.5000000000000018 16.500000000000004 18.500000000000004 9.5000000000000018 15.500000000000002 367.50000000000006 45.500000000000007 20.500000000000004 275.50000000000006
decision_type=2 2 2 2 2 2 2 2 2
left_child=-1 3 -3 4 5 -2 -5 8 -4
right_child=1 2 7 6 -6 -7 -8 -9 -10
leaf_value=-0.003335299191144345 0.35682260228070956 -0.18940633021098735 -0.19997907377799112 0.06125960283428597 0.043013363854453257 0.030831850120384807 -0.23161665915353502 0.15314435569995463 0.097999531729686229
leaf_weight=748.51856537722051 15.671149091795092 22.234789690002799 8.1422030935063976 22.123439032584432 7.5035163834691039 4.0059644095599642 3.2649847716093054 17.574241783469915 16.413294151425362
leaf_count=5297 89 166 92 197 55 26 31 146 101
internal_value=0 0.0436801 -0.0241564 0.126591 0.223152 0.291102 0.0225942 0.063376 -0.00134519
internal_weight=0 116.934 64.3645 52.5691 27.1806 19.6771 25.3884 42.1297 24.5555
internal_count=6200 903 505 398 170 115 228 339 193
is_linear=0
shrinkage=0.2


Tree=31
num_leaves=10
num_cat=0
split_feature=7 8 9 0 9 0 7 0 8
split_gain=6.47924 11.4387 14.6431 12.2561 8.98422 6.91063 6.59879 6.95039 5.40046
threshold=27.500000000000004 1.0000000180025095e-35 199.50000000000003 35.500000000000007 686.50000000000011 12.500000000000002 6.5000000000000009 7.5000000000000009 4.5000000000000009
decision_type=2 2 2 2 2 2 2 2 2
left_child=6 2 -2 4 -3 -4 7 -1 -9
right_child=1 3 5 -5 -6 -7 -8 8 -10
leaf_value=-0.19881994468849529 -0.31528010857496808 -0.19464333266427308 -0.11309202369040745 0.079636095288714792 0.047235107596009594 0.23741260933771424 0.010817569110327918 -0.061953495835335153 0.0053714885598922582
leaf_weight=9.2638363484293205 2.9320523962378529 36.484852380119264 2.7283526733517638 11.178359424695371 7.3260739333927622 11.109291709959505 595.30148361902684 81.578917699865997 114.3133337656036
leaf_count=59 17 316 25 89 59 77 4345 488 837
internal_value=0 -0.0625234 0.0816119 -0.106569 -0.154176 0.167889 0.000156876 -0.0307644 -0.0226887
internal_weight=0 71.759 16.7697 54.9893 43.8109 13.8376 800.458 205.156 195.892
internal_count=6312 583 119 464 375 102 5729 1384 1325
is_linear=0
shrinkage=0.2


Tree=32
num_leaves=10
num_cat=0
split_feature=8 8 4 9 8 7 7 9 7
split_gain=6.09111 11.192 8.04899 5.46468 5.15 5.03261 9.86647 8.57949 7.17706
threshold=7.5000000000000009 6.5000000000000009 33.500000000000007 341.50000000000006 1.0000000180025095e-35 20.500000000000004 26.500000000000004 395.50000000000006 16.500000000000004
decision_type=2 2 2 2 2 2 2 2 2
left_child=1 2 3 4 -1 7 -7 8 -2
right_child=5 -3 -4 -5 -6 6 -8 -9 -10
leaf_value=0.077314553129586683 -0.041529292782454368 0.15810765061241203 0.017925259179162944 0.0026834453860026318 -0.12444301470056979 0.086090996517766596 -0.074073192969959886 0.0072496567957950732 -0.14615794196862536
leaf_weight=5.7387307696044436 101.51308151427656 20.273912603035569 449.77918349485844 42.218324348330498 38.246484689414501 41.355585702694952 24.330014034174383 105.40005080029368 35.314102838747203
leaf_count=28 932 150 2963 235 378 326 223 661 365
internal_value=0 0.0127297 0.00719321 -0.0487447 -0.0979675 -0.0223251 0.0267365 -0.0356366 -0.0686478
internal_weight=0 556.257 535.983 86.2035 43.9852 307.913 65.6856 242.227 136.827
internal_count=6261 3754 3604 641 406 2507 549 1958 1297
is_linear=0
shrinkage=0.2


Tree=33
num_leaves=10
num_cat=0
split_feature=9 7 7 9 9 0 4 1 9
split_gain=4.54637 4.41812 6.61717 8.1622 11.1785 7.9119 7.05375 6.69849 15.4409
threshold=61.500000000000007 7.5000000000000009 4.5000000000000009 264.50000000000006 243.50000000000003 39.500000000000007 4334.0000000000009 4.5000000000000009 323.50000000000006
decision_type=2 2 2 2 2 2 2 2 2
left_child=-1 2 3 4 5 -2 7 -5 -9
right_child=1 -3 -4 6 -6 -7 -8 8 -10
leaf_value=-0.13167524639326705 0.049933380851297171 0.008796067911432455 -0.06359150253116648 -0.076214662019859158 0.27689781067429592 -0.18162145767811969 -0.24755443992921214 -0.2667717004576437 0.11831499766451017
leaf_weight=10.511683728080241 53.831334408372641 616.54177434369922 96.607248615473509 39.657203420996666 7.8277475014328948 6.497502736747264 5.9803487025201312 4.9265277534723309 23.526756981387734
leaf_count=448 336 4374 689 240 43 41 42 26 157
internal_value=0 -0.000150533 -0.023236 0.0042049 0.0541016 0.0246532 -0.0417099 -0.0231931 0.0507173
internal_weight=0 855.396 238.855 142.247 68.1566 60.3288 74.0908 68.1105 28.4533
internal_count=6396 5948 1574 885 420 377 465 423 183
is_linear=0
shrinkage=0.2


Tree=34
num_leaves=10
num_cat=0
split_feature=4 0 7 1 7 7 4 4 10
split_gain=2.54516 3.23153 12.2902 3.46521 7.05067 7.64636 4.73433 8.15275 4.10214
threshold=2556.5000000000005 6.5000000000000009 4.5000000000000009 1.0000000180025095e-35 19.500000000000004 17.500000000000004 372.50000000000006 219.50000000000003 1.0000000180025095e-35
decision_type=2 2 2 2 2 2 2 2 2
left_child=1 2 -1 4 5 6 7 -3 -8
right_child=-2 3 -4 -5 -6 -7 8 -9 -10
leaf_value=-0.22523036304481936 0.024373999386233858 0.01590633640396245 0.14749907803034737 -0.011756559995969669 0.12306688171184153 -0.21959661066192471 0.034055898412524065 0.27180769948379951 -0.11603026609081209
leaf_weight=4.3182712970301536 154.50165061233565 20.27975035645068 17.262690167874098 598.00206273794174 23.928242792375386 5.8452599830925456 15.193006320856513 6.4769926527515045 13.781716777943073
leaf_count=26 1092 150 126 4433 186 50 100 46 91
internal_value=0 -0.00395857 0.0720033 -0.00637039 0.0312594 -0.00460288 0.0184109 0.0788804 -0.0375341
internal_weight=0 705.088 21.581 683.507 85.505 61.5767 55.7315 26.7567 28.9747
internal_count=6300 5208 152 5056 623 437 387 196 191
is_linear=0
shrinkage=0.2


Tree=35
num_leaves=10
num_cat=0
split_feature=3 9 7 10 7 7 4 8 8
split_gain=7.82002 4.59709 4.96623 7.92298 3.64069 7.09604 9.36434 7.0914 11.4801
threshold=1.0000000180025095e-35 460.50000000000006 24.500000000000004 1.0000000180025095e-35 26.500000000000004 23.500000000000004 685.50000000000011 7.5000000000000009 6.5000000000000009
decision_type=2 2 2 2 2 2 2 2 2
left_child=1 2 -1 -4 5 7 -7 8 -2
right_child=4 -3 3 -5 -6 6 -8 -9 -10
leaf_value=-0.10903873985293043 0.014498668081844366 0.0019728590508816825 0.22737992374878946 -0.13947420157905233 -0.033075155250516193 0.012525544803451508 0.18592844766609329 -0.022995511830762597 0.18666852237201836
leaf_weight=53.778878304176033 378.03050335170701 38.284339290112257 4.7128843823447806 4.4593208241276443 82.707188996486366 30.917428310960531 20.755526109598577 224.00573829980567 16.023633785545826
leaf_count=487 2407 253 34 63 693 224 151 1820 116
internal_value=0 -0.0526928 -0.085873 0.0495742 0.00648034 0.0113707 0.0824721 0.00540996 0.0215597
internal_weight=0 101.235 62.9511 9.17221 752.44 669.733 51.673 618.06 394.054
internal_count=6248 837 584 97 5411 4718 375 4343 2523
is_linear=0
shrinkage=0.2


Tree=36
num_leaves=10
num_cat=0
split_feature=10 2 7 10 10 4 4 7 7
split_gain=3.55353 3.09877 4.67564 6.64364 5.18733 8.5157 6.95581 5.13761 4.72315
threshold=10.500000000000002 1.5000000000000002 6.5000000000000009 1.0000000180025095e-35 1.0000000180025095e-35 1296.5000000000002 586.50000000000011 5.5000000000000009 27.500000000000004
decision_type=2 2 2 2 2 2 2 2 2
left_child=1 -1 4 8 7 6 -6 -3 -4
right_child=-2 2 3 -5 5 -7 -8 -9 -10
leaf_value=-0.0084802195558664334 -0.13593036759041291 -0.046604237162167543 0.083131964338514525 -0.0013236215392574925 0.018750348370263424 -0.15432397628994418 0.24005409641452538 -0.25193040415085693 -0.059707938234934123
leaf_weight=560.21731867268682 7.6056255190633228 32.529082650318742 92.103968182578683 114.15648094005883 21.430075708776716 7.9621203355491152 7.6113839950412503 5.6238797865808001 10.198946181684731
leaf_count=4153 94 210 640 834 135 54 46 36 72
internal_value=0 0.000222534 0.0169375 0.0318556 -0.0260089 0.0273051 0.0775732 -0.0776327 0.0688333
internal_weight=0 851.833 291.616 216.459 75.1565 37.0036 29.0415 38.153 102.303
internal_count=6274 6180 2027 1546 481 235 181 246 712
is_linear=0
shrinkage=0.2


Tree=37
num_leaves=10
num_cat=0
split_feature=0 7 0 8 6 4 9 9 9
split_gain=4.81691 6.52422 5.39819 5.83397 10.4575 6.6607 5.66426 8.78793 5.15802
threshold=19.500000000000004 13.500000000000002 26.500000000000004 5.5000000000000009 1.0000000180025095e-35 200.50000000000003 426.50000000000006 275.50000000000006 949.50000000000011
decision_type=2 2 2 2 2 2 2 2 2
left_child=1 -1 3 4 5 -2 7 -7 -3
right_child=2 8 -4 -5 -6 6 -8 -9 -10
leaf_value=0.041867555660242084 -0.075185414126757097 -0.016532655814644349 0.001229302744861235 -0.083405452680312117 -0.23425407764077591 0.092863677800420721 0.17910363514696093 -0.11920008681116277 0.12090852188993911
leaf_weight=192.80733946990222 20.456536417361349 199.50346910953522 285.25144917378202 78.27219648193568 7.0587562983855596 22.581880808807909 11.979423895478247 11.78882874548435 11.423228099942206
leaf_count=1315 147 1492 2142 674 61 147 86 55 119
internal_value=0 0.0152884 -0.0150012 -0.0454075 -0.00506572 0.0195635 0.0614754 0.0199504 -0.00901839
internal_weight=0 403.734 437.389 152.138 73.8654 66.8067 46.3501 34.3707 210.927
internal_count=6238 2926 3312 1170 496 435 288 202 1611
is_linear=0
shrinkage=0.2


Tree=38
num_leaves=10
num_cat=0
split_feature=1 7 8 8 10 8 8 7 8
split_gain=7.88946 7.19694 10.6206 18.8415 7.92663 7.82342 20.9187 17.9755 7.83962
threshold=7.5000000000000009 14.500000000000002 8.5000000000000018 9.5000000000000018 1.0000000180025095e-35 3.5000000000000004 1.5000000000000002 16.500000000000004 6.5000000000000009
decision_type=2 2 2 2 2 2 2 2 2
left_child=1 2 -1 -4 -5 6 7 -3 -7
right_child=-2 5 3 4 -6 8 -8 -9 -10
leaf_value=-0.004278167696405182 0.031961167299363526 -0.1999958438748006 0.31792405591727146 -0.11894396120366867 0.13281400818205835 -0.099088088192394091 0.27569036479482928 0.028673285446484304 -0.022252794463697087
leaf_weight=306.3910902319476 205.41841618763283 17.438413165509701 11.640688583254816 10.587537903338673 9.2480566278099996 94.497787210159004 10.638780720531939 63.148784851655364 121.31381506472826
leaf_count=2165 1467 103 71 90 70 751 69 452 1032
internal_value=0 -0.0130336 0.00710699 0.117486 -0.00146365 -0.0351901 0.0138995 -0.0210545 -0.0559367
internal_weight=0 644.905 337.867 31.4763 19.8356 307.038 91.226 80.5872 215.812
internal_count=6270 4803 2396 231 160 2407 624 555 1783
is_linear=0
shrinkage=0.2


Tree=39
num_leaves=10
num_cat=0
split_feature=2 9 9 1 4 1 1 8 8
split_gain=5.68893 8.20521 6.33569 6.15966 4.06948 4.02484 3.36202 3.32545 4.10996
threshold=1.0000000180025095e-35 251.50000000000003 199.50000000000003 10.500000000000002 4180.0000000000009 1.0000000180025095e-35 9.5000000000000018 2.5000000000000004 4.5000000000000009
decision_type=2 2 2 2 2 2 2 2 2
left_child=1 2 4 5 -1 -2 -7 -8 -9
right_child=3 -3 -4 -5 -6 6 7 8 -10
leaf_value=0.047989700754032583 0.030291138860924494 0.090667371812368988 -0.16501094693046159 -0.24323483704643656 -0.1859446303090192 -0.017338230666393544 0.1863917361233928 -0.1320211931404458 0.071391488246650273
leaf_weight=24.293604852631692 91.616749549750239 55.650468941777945 10.044146079570053 4.3842809777706853 3.2563985446467987 629.70771926734596 5.890296038240197 5.3096974333748248 14.605621729977427
leaf_count=245 664 351 74 32 27 4689 34 38 105
internal_value=0 0.0419877 -0.0301377 -0.0103551 0.0195855 -0.00894592 -0.0144348 0.0561427 0.0166477
internal_weight=0 93.2446 37.5941 751.514 27.55 747.13 655.513 25.8056 19.9153
internal_count=6259 697 346 5562 272 5530 4866 177 143
is_linear=0
shrinkage=0.2


Tree=40
num_leaves=10
num_cat=0
split_feature=1 8 0 8 7 9 4 5 8
split_gain=3.88333 6.28699 6.64806 5.82679 6.6043 6.06204 5.74702 5.40121 4.96101
threshold=7.5000000000000009 1.5000000000000002 11.500000000000002 1.0000000180025095e-35 19.500000000000004 359.50000000000006 664.50000000000011 1.0000000180025095e-35 10.500000000000002
decision_type=2 2 2 2 2 2 2 2 2
left_child=8 2 -2 4 7 -5 -7 -4 -1
right_child=1 -3 3 5 -6 6 -8 -9 -10
leaf_value=-0.0092394927371200492 0.12222193574254599 0.047822249569674111 0.12088822829477984 -0.16486821952721226 0.23315243585511869 -0.09233280010227729 0.16986703906679471 -0.21222545778992696 0.097435666009462171
leaf_weight=612.68208913272247 9.5086343474686128 145.31502219196409 3.4817748665809614 22.21181576885283 4.9890380948781967 9.1596343666315061 5.0919637829065314 4.1097727082669735 17.817782700061798
leaf_count=4605 63 1062 21 162 36 54 35 25 144
internal_value=0 0.02554 -0.0297429 -0.0594543 0.0574714 -0.0998576 0.00204653 -0.0599907 -0.00620515
internal_weight=0 203.868 58.5526 49.044 12.5806 36.4634 14.2516 7.59155 630.5
internal_count=6207 1458 396 333 82 251 89 46 4749
is_linear=0
shrinkage=0.2


Tree=41
num_leaves=10
num_cat=0
split_feature=8 0 0 7 4 4 7 8 7
split_gain=3.28555 3.08626 4.95894 2.87899 2.72303 4.43206 5.38009 3.05932 2.50849
threshold=10.500000000000002 54.500000000000007 13.500000000000002 14.500000000000002 18373.000000000004 9434.0000000000018 9.5000000000000018 7.5000000000000009 6.5000000000000009
decision_type=2 2 2 2 2 2 2 2 2
left_child=4 2 3 -2 5 8 -7 -8 -1
right_child=1 -3 -4 -5 -6 6 7 -9 -10
leaf_value=-0.028598943102633952 -0.14886993775906329 -0.13760977917240655 0.17521531141471614 0.12682527788933232 -0.14905963982274198 0.29851106277622125 0.11262796455963503 -0.096824172339803172 -0.0022838743611285016
leaf_weight=190.75528571708128 3.8330278098583284 2.3399914428591719 12.036934137344359 2.3291443809866905 5.2684569917619219 3.8930435115471473 6.8345536403357965 4.5275190398097038 601.54686685092747
leaf_count=1277 32 15 107 23 37 23 45 34 4627
internal_value=0 0.0732371 0.101141 -0.0441907 -0.00750761 -0.00655997 0.0997547 0.0290131 -0.00862321
internal_weight=0 20.5391 18.1991 6.16217 812.826 807.557 15.2551 11.3621 792.302
internal_count=6220 177 162 55 6043 6006 102 79 5904
is_linear=0
shrinkage=0.2


Tree=42
num_leaves=10
num_cat=0
split_feature=8 8 4 0 1 9 8 7 8
split_gain=5.7338 9.73345 6.11308 4.55196 4.51214 4.11931 6.68984 5.32165 13.0361
threshold=7.5000000000000009 6.5000000000000009 2031.0000000000002 10.500000000000002 10.500000000000002 180.50000000000003 8.5000000000000018 16.500000000000004 9.5000000000000018
decision_type=2 2 2 2 2 2 2 2 2
left_child=1 4 3 -3 -1 6 -2 8 -8
right_child=5 2 -4 -5 -6 -7 7 -9 -10
leaf_value=0.0099518602264341161 -0.13763677887752676 -0.032037489940160271 -0.034050922983876179 0.27702824666059439 -0.19981074963462653 -0.0089081288850408179 0.21399116969960588 -0.10116476421463355 -0.09992440571740166
leaf_weight=524.02618299098685 28.637842797674239 2.2617574557662037 4.9271608293056479 11.177818182855843 4.0027467003092161 237.56198865734041 10.403302801772954 14.29064581915736 10.516934927552937
leaf_count=3568 553 21 47 81 32 1641 71 185 56
internal_value=0 0.0133101 0.155911 0.225209 0.00831231 -0.0210446 -0.0660896 -0.00760254 0.0565431
internal_weight=0 546.396 18.3667 13.4396 528.029 301.411 63.8487 35.2109 20.9202
internal_count=6255 3749 149 102 3600 2506 865 312 127
is_linear=0
shrinkage=0.2


Tree=43
num_leaves=10
num_cat=0
split_feature=9 7 8 9 0 9 7 7 8
split_gain=4.53192 3.51077 6.34303 6.35952 4.23968 4.17427 5.2149 3.65507 7.08294
threshold=59.500000000000007 14.500000000000002 9.5000000000000018 920.50000000000011 43.500000000000007 1451.5000000000002 19.500000000000004 19.500000000000004 1.0000000180025095e-35
decision_type=2 2 2 2 2 2 2 2 2
left_child=-1 -2 3 7 -4 -5 -7 -3 -9
right_child=1 2 4 5 -6 6 -8 8 -10
leaf_value=-0.15447572789776873 0.012502152169121421 -0.050663173129773587 0.1281240593611804 0.11485778441323224 -0.098969931231112085 -0.31015577671187838 0.12054134568554145 0.089671996745156135 -0.023301126909449792
leaf_weight=7.5207242851611218 437.53852246515453 146.76370051596314 18.803616529330615 20.647013060748581 3.8772004768252364 2.157419439405202 2.1054256148636341 25.21781088039279 178.50630726292729
leaf_count=396 3010 999 157 192 36 22 25 179 1303
internal_value=0 0.000138672 -0.01345 -0.0196662 0.0889559 0.0777218 -0.100197 -0.0266144 -0.00926794
internal_weight=0 835.617 398.078 375.398 22.6808 24.9099 4.26285 350.488 203.724
internal_count=6319 5923 2913 2720 193 239 47 2481 1482
is_linear=0
shrinkage=0.2


Tree=44
num_leaves=10
num_cat=0
split_feature=0 2 0 4 1 4 1 2 9
split_gain=3.37423 5.13517 3.26735 2.87221 4.58507 3.69141 3.22525 2.57534 6.89757
threshold=9.5000000000000018 1.5000000000000002 8.5000000000000018 280.50000000000006 8.5000000000000018 350.50000000000006 1.5000000000000002 1.0000000180025095e-35 608.50000000000011
decision_type=2 2 2 2 2 2 2 2 2
left_child=1 2 -1 4 6 -5 -3 8 -2
right_child=7 3 -4 5 -6 -7 -8 -9 -10
leaf_value=-0.17082089931661326 0.0029826407408456686 -0.055841681034793415 0.034745609843257273 0.2736741569184612 -0.18780279806952785 0.07752188581024512 0.10431958589968254 -0.0036207701338164117 0.13532888614852326
leaf_weight=6.4663897966966015 71.695674271322787 7.6502137286588612 5.7511850181035697 4.1853424916043869 3.7424501068890086 37.285366041585803 14.181739683263002 675.48951677931473 20.057618994265795
leaf_count=43 543 57 44 30 25 273 93 5069 168
internal_value=0 0.0439635 -0.0747161 0.0656945 0.0128777 0.098122 0.0481986 0.000651792 0.0320666
internal_weight=0 79.2627 12.2176 67.0451 25.5744 41.4707 21.832 767.243 91.7533
internal_count=6345 565 87 478 175 303 150 5780 711
is_linear=0
shrinkage=0.2


Tree=45
num_leaves=10
num_cat=0
split_feature=7 8 8 0 8 9 7 8 8
split_gain=4.76348 4.37779 5.09067 5.04451 3.86138 4.16093 3.58806 9.32713 7.83724
threshold=2.5000000000000004 9.5000000000000018 4.5000000000000009 21.500000000000004 2.5000000000000004 351.50000000000006 3.5000000000000004 5.5000000000000009 2.5000000000000004
decision_type=2 2 2 2 2 2 2 2 2
left_child=1 2 4 -4 5 -1 7 8 -2
right_child=6 -3 3 -5 -6 -7 -8 -9 -10
leaf_value=0.16035632536225475 0.14016854973832202 -0.23824325899676022 -0.050835057258583963 0.10492695316848138 -0.14952593757911609 -0.13383679920824859 0.0007016154684171003 0.15915344931693273 -0.15205246873899336
leaf_weight=3.8742165863513973 5.5906149186193916 4.5812878869473925 20.064114672131836 14.010604742914436 19.4235037593171 3.5687969103455544 732.28897999366745 19.227724259719253 10.137125078588724
leaf_count=20 34 43 128 95 115 22 5663 125 66
internal_value=0 -0.0524337 -0.0379816 0.0133675 -0.102855 0.0194214 0.00369531 0.0661726 -0.0478775
internal_weight=0 65.5225 60.9412 34.0747 26.8665 7.44301 767.244 34.9555 15.7277
internal_count=6311 423 380 223 157 42 5888 225 100
is_linear=0
shrinkage=0.2


Tree=46
num_leaves=10
num_cat=0
split_feature=9 7 7 8 0 9 7 9 10
split_gain=2.58666 2.06846 8.45386 10.4809 5.83263 4.88861 6.33939 6.12411 5.39229
threshold=1451.5000000000002 23.500000000000004 24.500000000000004 5.5000000000000009 7.5000000000000009 251.50000000000003 26.500000000000004 238.50000000000003 2.5000000000000004
decision_type=2 2 2 2 2 2 2 2 2
left_child=1 -1 3 -3 -4 6 8 -8 -6
right_child=-2 2 4 -5 5 -7 7 -9 -10
leaf_value=-0.0061253585021908731 0.1081214394987339 -0.0060630134698612878 0.21497033033367352 0.28486342054787395 0.090922380804995914 0.026683961414763726 -0.070974372505716157 -0.32190959564451838 -0.20472417946025878
leaf_weight=670.56502457614988 8.5848496183752996 9.7506024315953272 4.7774821016937485 9.9245739802718145 14.938864984083922 71.202811012044549 29.779276715358719 4.3700811341404906 2.8230275199748567
leaf_count=4951 100 73 45 61 123 475 394 32 48
internal_value=0 -0.00140716 0.0200194 0.141605 0.00118787 -0.00732893 -0.0539313 -0.1042 0.0427719
internal_weight=0 818.132 147.567 19.6752 127.892 123.114 51.9113 34.1494 17.7619
internal_count=6302 6202 1251 134 1117 1072 597 426 171
is_linear=0
shrinkage=0.2


Tree=47
num_leaves=10
num_cat=0
split_feature=8 8 7 4 0 0 4 7 7
split_gain=3.47175 10.2568 6.46563 6.39301 5.04915 5.79284 5.00141 4.46285 5.80329
threshold=7.5000000000000009 6.5000000000000009 1.0000000180025095e-35 18373.000000000004 42.500000000000007 46.500000000000007 1312.0000000000002 14.500000000000002 16.500000000000004
decision_type=2 2 2 2 2 2 2 2 2
left_child=1 2 -1 4 7 -6 -3 -4 -9
right_child=-2 6 3 -5 5 -7 -8 8 -10
leaf_value=0.1675767234304758 -0.014385819808955314 0.25255008497270309 0.019829480186180054 -0.27732613146889673 0.24166511915682751 0.03017950681197399 0.037913896585283102 -0.09165269098151857 -0.0047850072612872305
leaf_weight=9.7426964901387674 299.50609759613872 10.141855651512744 245.04892741376534 3.0755613390356293 7.3085037935525206 17.21247111260891 7.6151937618851653 36.86994118290022 182.52908199676313
leaf_count=56 2592 91 1554 21 55 136 69 247 1427
internal_value=0 0.0126454 0.00733826 0.00412147 0.00596596 0.0941675 0.161459 0.00128389 -0.0194293
internal_weight=0 519.544 501.787 492.044 488.969 24.521 17.757 464.448 219.399
internal_count=6248 3656 3496 3440 3419 191 160 3228 1674
is_linear=0
shrinkage=0.2


Tree=48
num_leaves=10
num_cat=0
split_feature=8 8 9 8 9 7 7 9 5
split_gain=2.28936 9.2052 5.11468 4.93296 8.72094 5.45887 9.3342 8.60792 6.47738
threshold=7.5000000000000009 6.5000000000000009 636.50000000000011 8.5000000000000018 595.50000000000011 3.5000000000000004 10.500000000000002 522.50000000000011 1.0000000180025095e-35
decision_type=2 2 2 2 2 2 2 2 2
left_child=1 -1 3 5 -5 -2 -7 8 -8
right_child=2 -3 -4 4 -6 6 7 -9 -10
leaf_value=0.0051229688818432281 0.11867203243677549 0.1536522331386749 0.044652682061508797 0.021217033304658225 -0.30806499597547166 -0.13765188113538734 0.038571533769500871 0.10338574478501426 -0.085947434895841612
leaf_weight=510.42478604777716 7.4028798602521411 17.123470054008067 52.57118371501565 96.708729030564427 3.1962330043315879 39.988748393021524 23.263269349467009 17.52747143805027 58.619077159557492
leaf_count=3566 45 169 435 793 20 376 138 79 681
internal_value=0 0.00998117 -0.0119139 -0.0239852 0.0102906 -0.0472997 -0.0562175 -0.0233208 -0.0505657
internal_weight=0 527.548 299.278 246.706 99.905 146.801 139.399 99.4098 81.8823
internal_count=6302 3735 2567 2132 813 1319 1274 898 819
is_linear=0
shrinkage=0.2


Tree=49
num_leaves=10
num_cat=0
split_feature=9 9 8 8 8 7 8 9 9
split_gain=3.72234 3.00693 3.18276 2.85857 9.01394 16.1076 3.78712 4.73099 3.75407
threshold=116.50000000000001 1275.5000000000002 8.5000000000000018 1.5000000000000002 3.5000000000000004 9.5000000000000018 8.5000000000000018 108.50000000000001 82.500000000000014
decision_type=2 2 2 2 2 2 2 2 2
left_child=3 -2 -3 -1 5 -5 -6 8 -8
right_child=1 2 -4 4 6 -7 7 -9 -10
leaf_value=-0.11280929870081857 0.0037633477217264323 0.14308741284921822 -0.15864114152999639 -0.069655252076335286 -0.099125554102789407 0.46342826751898109 -0.070067659242519578 -0.19594490257996142 0.15471755423892739
leaf_weight=17.309361525345594 733.96752771548927 10.5103916618973 1.4988200794905413 5.1846436122432333 29.047165987314656 3.8576087132096291 4.493442104663699 3.064521236345171 8.29927711188793
leaf_count=244 4915 137 17 66 721 21 92 18 61
internal_value=0 0.00539701 0.104117 -0.0424074 -0.0195985 0.161158 -0.0563617 0.022144 0.0758523
internal_weight=0 745.977 12.0092 71.256 53.9467 9.04225 44.9044 15.8572 12.7927
internal_count=6292 5069 154 1223 979 87 892 171 153
is_linear=0
shrinkage=0.2


Tree=50
num_leaves=10
num_cat=0
split_feature=9 9 10 9 8 0 4 10 4
split_gain=3.82327 2.98131 9.8515 9.26719 2.51147 4.27274 4.01718 4.51484 5.41669
threshold=1505.5000000000002 40.500000000000007 1.0000000180025095e-35 20.500000000000004 10.500000000000002 55.500000000000007 870.50000000000011 1.0000000180025095e-35 400.50000000000006
decision_type=2 2 2 2 2 2 2 2 2
left_child=1 2 3 -1 -3 6 7 8 -6
right_child=-2 4 -4 -5 5 -7 -8 -9 -10
leaf_value=0.14020247253263227 0.15022005501253935 -0.01137776152748377 -0.18531667899936616 1.1359980382403914 0.069296116630866642 -0.20212681481540473 0.19201275012153401 0.1340429541314358 -0.36854091520235999
leaf_weight=1.0622880817390972 5.9578675813972941 783.51503414288163 1.4247284887824205 0.48518052743747819 2.2550687361508661 2.0744566842913619 8.4016625639051181 4.7261677980422974 2.0661381855607033
leaf_count=25 84 5832 163 36 22 13 94 37 20
internal_value=0 -0.00885355 0.186788 0.517041 -0.00960817 0.0610092 0.0935726 0.000714466 -0.14476
internal_weight=0 806.011 2.9722 1.54747 803.039 19.5235 17.449 9.04737 4.32121
internal_count=6326 6242 224 61 6018 186 173 79 42
is_linear=0
shrinkage=0.2


Tree=51
num_leaves=10
num_cat=0
split_feature=4 1 7 1 4 3 9 7 4
split_gain=3.48759 5.63052 6.4347 5.31344 4.61533 3.52877 7.77709 8.222 6.43215
threshold=2994.5000000000005 8.5000000000000018 2.5000000000000004 1.0000000180025095e-35 4925.5000000000009 2.5000000000000004 527.50000000000011 17.500000000000004 1489.5000000000002
decision_type=2 2 2 2 2 2 2 2 2
left_child=5 2 4 -4 -2 -1 8 -8 -7
right_child=1 -3 3 -5 -6 6 7 -9 -10
leaf_value=0.0041338039305472063 -0.32009780626141865 0.12130970129402377 0.17283605528390777 0.012783628326327659 0.008639397550353211 -0.073006302656509772 -0.50920090171198129 -0.019758544259604389 0.1599138750185789
leaf_weight=665.34289402607828 3.6292230635881415 25.41680806921795 9.173106369096784 76.852205581730232 3.1176537312567234 20.107479217462249 2.8009393550455561 2.6020439974963665 6.0634391591884187
leaf_count=5184 24 191 70 584 18 155 22 21 47
internal_value=0 0.038166 0.0152474 0.0300886 -0.170936 0.00102821 -0.0641599 -0.279569 -0.0185113
internal_weight=0 118.189 92.7722 86.0253 6.74688 696.917 31.5739 5.40298 26.1709
internal_count=6316 887 696 654 42 5429 245 43 202
is_linear=0
shrinkage=0.2


end of trees

feature_importances:
Column_8=113
Column_9=96
Column_7=72
Column_4=52
Column_0=50
Column_10=24
Column_1=21
Column_5=17
Column_3=11
Column_2=6
Column_6=6

parameters:
[boosting: gbdt]
[objective: binary]
[metric: auc,l2]
[tree_learner: serial]
[device_type: cpu]
[linear_tree: 0]
[data: ]
[valid: ]
[num_iterations: 200]
[learning_rate: 0.2]
[num_leaves: 10]
[num_threads: -1]
[deterministic: 0]
[force_col_wise: 0]
[force_row_wise: 0]
[histogram_pool_size: -1]
[max_depth: 7]
[min_data_in_leaf: 20]
[min_sum_hessian_in_leaf: 0.001]
[bagging_fraction: 0.703356]
[pos_bagging_fraction: 1]
[neg_bagging_fraction: 1]
[bagging_freq: 1]
[bagging_seed: 3]
[feature_fraction: 0.911603]
[feature_fraction_bynode: 1]
[feature_fraction_seed: 2]
[extra_trees: 0]
[extra_seed: 6]
[early_stopping_round: 2]
[first_metric_only: 0]
[max_delta_step: 0]
[lambda_l1: 0]
[lambda_l2: 0.131732]
[linear_lambda: 0]
[min_gain_to_split: 0]
[drop_rate: 0.1]
[max_drop: 50]
[skip_drop: 0.5]
[xgboost_dart_mode: 0]
[uniform_drop: 0]
[drop_seed: 4]
[top_rate: 0.2]
[other_rate: 0.1]
[min_data_per_group: 100]
[max_cat_threshold: 32]
[cat_l2: 10]
[cat_smooth: 10]
[max_cat_to_onehot: 4]
[top_k: 20]
[monotone_constraints: ]
[monotone_constraints_method: basic]
[monotone_penalty: 0]
[feature_contri: ]
[forcedsplits_filename: ]
[refit_decay_rate: 0.9]
[cegb_tradeoff: 1]
[cegb_penalty_split: 0]
[cegb_penalty_feature_lazy: ]
[cegb_penalty_feature_coupled: ]
[path_smooth: 0]
[interaction_constraints: ]
[verbosity: -1]
[saved_feature_importance_type: 0]
[max_bin: 255]
[max_bin_by_feature: ]
[min_data_in_bin: 3]
[bin_construct_sample_cnt: 200000]
[data_random_seed: 1]
[is_enable_sparse: 1]
[enable_bundle: 1]
[use_missing: 1]
[zero_as_missing: 0]
[feature_pre_filter: 1]
[pre_partition: 0]
[two_round: 0]
[header: 0]
[label_column: ]
[weight_column: ]
[group_column: ]
[ignore_column: ]
[categorical_feature: ]
[forcedbins_filename: ]
[objective_seed: 5]
[num_class: 1]
[is_unbalance: 0]
[scale_pos_weight: 1]
[sigmoid: 1]
[boost_from_average: 1]
[reg_sqrt: 0]
[alpha: 0.9]
[fair_c: 1]
[poisson_max_delta_step: 0.7]
[tweedie_variance_power: 1.5]
[lambdarank_truncation_level: 30]
[lambdarank_norm: 1]
[label_gain: ]
[eval_at: ]
[multi_error_top_k: 1]
[auc_mu_weights: ]
[num_machines: 1]
[local_listen_port: 12400]
[time_out: 120]
[machine_list_filename: ]
[machines: ]
[gpu_platform_id: -1]
[gpu_device_id: -1]
[gpu_use_dp: 0]
[num_gpu: 1]

end of parameters

pandas_categorical:null
