tree
version=v3
num_class=1
num_tree_per_iteration=1
label_index=0
max_feature_idx=10
objective=binary sigmoid:1
feature_names=Column_0 Column_1 Column_2 Column_3 Column_4 Column_5 Column_6 Column_7 Column_8 Column_9 Column_10
feature_infos=[18:95] [-6847:81204] [0:2] [0:11] [0:3] [0:1] [0:1] [0:11] [1:31] [1:63] [3:3881]
tree_sizes=6274 6339 6346 6346 6358 6340 6351 6343 6351 6354 6377 6365 6315

Tree=0
num_leaves=60
num_cat=0
split_feature=10 10 5 7 10 7 1 7 10 5 10 5 7 7 8 8 0 0 7 9 7 7 8 8 8 8 1 7 6 1 8 5 8 7 0 7 8 7 8 8 10 10 8 0 7 8 0 7 10 10 9 10 8 8 7 10 7 0 8
split_gain=1521.65 423.664 338.484 290.318 149.583 112.914 67.8249 63.5093 59.1771 58.3879 51.2352 46.8837 40.8117 46.2361 32.7471 39.1672 32.39 36.1449 31.3408 30.0811 27.8876 25.8137 24.498 26.2421 20.514 23.5276 19.5655 19.2993 18.8456 18.5967 17.2066 16.9354 16.8518 39.2712 16.343 15.2466 14.975 20.222 13.0266 11.0865 9.91799 9.08991 8.7512 8.70806 8.55601 8.53181 7.40876 7.24463 7.00423 6.59754 6.18116 5.73438 8.6475 12.8336 5.70118 5.65448 5.48417 5.14967 5.0045
threshold=205.50000000000003 447.50000000000006 1.0000000180025095e-35 3.5000000000000004 87.500000000000014 3.5000000000000004 202.50000000000003 1.0000000180025095e-35 136.50000000000003 1.0000000180025095e-35 679.50000000000011 1.0000000180025095e-35 8.5000000000000018 4.5000000000000009 17.500000000000004 8.5000000000000018 31.500000000000004 60.500000000000007 2.5000000000000004 3.5000000000000004 10.500000000000002 8.5000000000000018 16.500000000000004 21.500000000000004 22.500000000000004 16.500000000000004 1035.5000000000002 7.5000000000000009 1.0000000180025095e-35 974.50000000000011 6.5000000000000009 1.0000000180025095e-35 27.500000000000004 6.5000000000000009 28.500000000000004 5.5000000000000009 5.5000000000000009 5.5000000000000009 27.500000000000004 2.5000000000000004 477.50000000000006 388.50000000000006 29.500000000000004 29.500000000000004 7.5000000000000009 15.500000000000002 35.500000000000007 9.5000000000000018 365.50000000000006 593.50000000000011 1.5000000000000002 62.500000000000007 15.500000000000002 7.5000000000000009 5.5000000000000009 153.50000000000003 7.5000000000000009 24.500000000000004 4.5000000000000009
decision_type=2 2 2 2 2 2 2 2 2 2 2 2 2 2 2 2 2 2 2 2 2 2 2 2 2 2 2 2 2 2 2 2 2 2 2 2 2 2 2 2 2 2 2 2 2 2 2 2 2 2 2 2 2 2 2 2 2 2 2
left_child=3 2 7 8 51 6 43 41 57 22 28 18 13 -11 15 -15 -8 39 -10 26 24 32 30 56 25 29 34 50 31 -9 -6 40 36 -34 -13 -16 44 -38 -25 -18 -3 -2 -14 -4 -7 -36 -42 -32 -45 -30 -26 -5 53 -53 -27 -28 -24 -1 -59
right_child=1 10 5 4 9 21 16 20 11 12 -12 19 42 14 35 -17 17 -19 -20 -21 -22 -23 23 38 27 54 55 -29 49 -31 47 -33 33 -35 45 -37 37 -39 -40 -41 46 -43 -44 48 -46 -47 -48 -49 -50 -51 -52 52 -54 -55 -56 -57 -58 58 -60
leaf_value=0.27973138630871835 0.39798491669341496 0.10780704395683888 0.07232848844843541 0.47252567468973816 0.25003238638559505 -0.16828988379095988 -0.18453015508016463 0.23750356009349777 0.44861919263616901 -0.20657398362796542 -0.2036965926445532 -0.076814701587964593 -0.16324538735632377 0.23236015095830798 0.471830952618147 -0.14106250196512327 -0.17452053926661465 -0.25271103040818954 0.033004427823203106 0.43882787894331304 -0.20622311438307855 -0.23584419453880318 0.47189239651031017 -0.1682898837909601 -0.0078803882571081146 0.38794004151810013 0.19064211574540846 -0.17723684974363385 0.12712611309026864 0.02838267849415485 -0.16705630854359055 -0.15333459260444959 -0.25373927753320524 0.40860859509708897 0.20006919424791575 0.19057778383345764 -0.062543529011152302 -0.26781095791048631 0.24098016091633573 0.11753516179840279 -0.13347401879046566 0.24050130932112251 0.095417531471419861 0.32441377875345101 0.12916459444524991 0.38741461971715913 -0.016878226887316036 0.11063877431358955 0.11924165943351318 -0.066416078804869869 0.24064000361145454 0.40942544643103262 0.43418007614189991 -0.0078803882571082534 0.23023493322916638 -0.027359784963648728 0.2898586308581198 0.36285471955137844 0.47439624149295617
leaf_weight=6.7266237437725058 95.169269263744354 14.948052763938902 8.4705632328987104 39.612339824438095 13.2041132748127 4.9826842546463022 30.145239740610123 45.093292504549026 95.916671901941299 16.941126465797424 312.16516855359077 5.4809526801109305 45.093292504549026 22.172944933176041 13.2041132748127 22.172944933176041 5.2318184673786154 13.204113274812697 7.7231605947017661 19.432468593120575 6.9757579565048209 74.491129606962204 21.674676507711411 4.9826842546462995 5.4809526801109376 32.387447655200958 5.9792211055755642 9.9653685092926008 21.176408082246784 26.906494975090027 9.2179658710956556 124.0688379406929 5.9792211055755597 7.972294807434082 22.422079145908356 18.435931742191315 46.837231993675232 33.633118718862534 7.2248921692371368 81.466887563467026 39.612339824438095 18.186797529459 5.9792211055755606 40.110608249902725 14.200650125741959 17.439394891262054 51.819916248321533 6.2283553183078757 7.9722948074340811 10.214502722024916 12.705844849348066 5.7300868928432482 17.937663316726685 5.4809526801109314 13.702381700277327 20.17987123131752 10.961905360221861 20.17987123131752 316.64958438277245
leaf_count=27 382 60 34 159 53 20 121 181 385 68 1253 22 181 89 53 89 21 53 31 78 28 299 87 20 22 130 24 40 85 108 37 498 24 32 90 74 188 135 29 327 159 73 24 161 57 70 208 25 32 41 51 23 72 22 55 81 44 81 1271
internal_value=0.117833 -0.0240778 0.0876773 0.32788 0.165074 -0.0348281 0.075528 0.259848 0.414403 0.0836871 -0.148842 0.325657 0.00973064 0.0889311 0.155904 0.045129 -0.00391239 0.0513838 0.417481 0.220314 0.175674 -0.144048 0.228431 0.320214 0.194561 0.231087 0.159756 0.0417985 -0.0831308 0.159304 0.0841191 -0.102921 -0.0830284 0.122769 0.238912 0.310333 -0.111763 -0.14953 0.0708741 0.0988956 -0.043484 0.373137 -0.133293 0.257861 0.0484592 0.283535 -0.0680964 -0.0575135 0.290631 0.062918 0.16486 0.421466 0.348962 0.207593 0.342159 0.0227484 0.413027 0.464423 0.467954
internal_weight=0 1215.28 641.271 824.385 286.255 374.698 186.602 266.574 538.13 217.494 574.005 194.574 144 92.9271 75.9859 44.3459 130.048 99.9028 103.64 90.934 153.218 188.096 73.4946 44.8442 146.242 118.09 71.5015 28.1522 261.84 71.9998 28.6504 230.449 113.605 13.9515 45.3424 31.64 99.6537 80.4704 12.2076 86.6987 106.38 113.356 51.0725 56.5535 19.1833 39.8615 91.4323 15.4463 48.0829 31.3909 18.1868 68.761 29.1487 11.211 46.0898 26.1591 32.6366 343.556 336.829
internal_count=8187 4878 2574 3309 1149 1504 749 1070 2160 873 2304 781 578 373 305 178 522 401 416 365 615 755 295 180 587 474 287 113 1051 289 115 925 456 56 182 127 400 323 49 348 427 455 205 227 77 160 367 62 193 126 73 276 117 45 185 105 131 1379 1352
is_linear=0
shrinkage=1


Tree=1
num_leaves=60
num_cat=0
split_feature=10 7 10 10 5 10 5 5 7 1 10 10 7 8 1 7 7 7 8 7 8 8 8 7 7 7 7 8 8 8 8 0 0 5 7 5 0 0 8 8 10 0 5 10 1 8 10 0 7 0 6 0 9 6 0 7 7 3 1
split_gain=1011.27 285.163 177.647 137.015 126.024 81.0516 76.8783 53.1992 50.7082 40.9489 34.5917 32.9455 28.4572 23.8054 23.5714 23.1885 22.0664 28.0939 23.9628 25.7431 22.0365 20.9218 19.5081 20.3941 19.082 16.8656 18.0954 13.3376 21.9392 13.0628 12.6388 13.0561 12.2899 12.0235 11.7679 14.0244 11.7632 17.127 11.0181 17.0769 10.612 10.4405 12.5419 10.0768 9.75666 9.71358 8.88234 8.93303 8.7738 8.48982 8.06349 7.58452 7.01418 6.96289 6.84727 6.46898 6.37099 6.25348 5.7497
threshold=257.50000000000006 3.5000000000000004 447.50000000000006 130.50000000000003 1.0000000180025095e-35 165.50000000000003 1.0000000180025095e-35 1.0000000180025095e-35 3.5000000000000004 487.50000000000006 788.50000000000011 76.500000000000014 1.0000000180025095e-35 4.5000000000000009 223.50000000000003 7.5000000000000009 8.5000000000000018 4.5000000000000009 17.500000000000004 7.5000000000000009 8.5000000000000018 7.5000000000000009 13.500000000000002 4.5000000000000009 2.5000000000000004 4.5000000000000009 10.500000000000002 14.500000000000002 9.5000000000000018 21.500000000000004 7.5000000000000009 30.500000000000004 28.500000000000004 1.0000000180025095e-35 9.5000000000000018 1.0000000180025095e-35 60.500000000000007 33.500000000000007 22.500000000000004 16.500000000000004 113.50000000000001 28.500000000000004 1.0000000180025095e-35 351.50000000000006 974.50000000000011 4.5000000000000009 520.50000000000011 35.500000000000007 7.5000000000000009 44.500000000000007 1.0000000180025095e-35 57.500000000000007 1.5000000000000002 1.0000000180025095e-35 58.500000000000007 1.0000000180025095e-35 8.5000000000000018 4.5000000000000009 2752.5000000000005
decision_type=2 2 2 2 2 2 2 2 2 2 2 2 2 2 2 2 2 2 2 2 2 2 2 2 2 2 2 2 2 2 2 2 2 2 2 2 2 2 2 2 2 2 2 2 2 2 2 2 2 2 2 2 2 2 2 2 2 2 2
left_child=1 5 4 11 12 40 24 25 14 13 33 -3 -2 -8 -6 22 17 -9 20 -20 -19 56 -13 -24 58 -5 27 28 -27 -29 -11 -32 -15 46 -23 -36 37 -16 39 44 -1 42 -42 -39 -14 -43 49 -48 -40 55 -10 -33 -34 -35 -47 -4 -17 -46 -7
right_child=2 3 10 7 8 6 9 16 50 30 -12 15 38 32 36 21 -18 18 19 -21 -22 34 23 -25 -26 26 -28 29 -30 -31 31 51 52 53 35 -37 -38 43 48 -41 41 45 -44 -45 57 54 47 -49 -50 -51 -52 -53 -54 -55 -56 -57 -58 -59 -60
leaf_value=0.30281860912562264 0.18184432933907943 0.28007230782365122 0.10812775801729307 -0.25313985002464756 0.081378503477674211 0.2851963569584291 -0.25675450216283319 -0.30587231200202264 -0.23167847494805427 -0.25784571891352398 -0.27489185450287601 -0.1399895615566579 0.050032527989343739 -0.092486099342196038 -0.20669635589250782 0.25918738927699081 -0.25906912573544688 0.013282744332423022 0.18953656048584244 -0.28264348756629409 -0.26702801376393914 -0.22488858335321546 -0.11562471910480904 0.31685450693163469 -0.019936933589893239 0.1163476020872603 -0.23105581234697425 0.24938162804573671 -0.30107252311581634 -0.012154929549861087 -0.30365071018364681 0.039185474584366123 0.096578041051796112 -0.22465564856368758 0.19173991395678655 -0.1417970213086967 -0.30473655875194894 0.059737194697682711 -0.0054260516024904016 0.16643273944955495 0.24077237008520191 0.055566803333609964 -0.13691558060593123 -0.11979845145400146 -0.19923663588759344 0.27463543525627587 -0.21837664081160271 -0.11259928487174722 -0.27755252227258598 -0.21932152154131901 0.021124537820323544 -0.21158019221676519 0.27959154134953451 -0.091565829978191668 0.040000723570982527 -0.079104851311982499 -0.011669172644671174 0.052751966228827267 0.11310468908942428
leaf_weight=257.26934629678726 73.751236155629158 53.509142830967903 12.710954993963243 6.6125750541687003 40.812577918171883 91.145252078771591 5.1994223594665518 20.574378713965416 123.26784498989582 15.925378650426863 227.63059318065643 5.7007423192262641 29.090432211756706 5.466830149292945 26.054816991090775 11.30513481795788 57.221152767539024 21.266598910093307 23.432418584823612 5.43297454714775 23.352141186594963 15.13963036239147 4.9523653984069815 29.03509296476841 9.9369239658117277 16.057570606470112 6.6862430125474921 28.2961805164814 6.9518657475709906 10.380915120244024 6.4615793526172629 29.978236019611359 12.711697176098822 156.18368144333363 8.8252672404050827 10.917361438274384 9.8420268297195417 32.37975487112999 11.638816073536875 30.809270933270454 7.1806048452854139 9.7024180889129621 6.3314522802829742 19.927988663315773 14.229008346796038 124.17240776121616 58.617697969079018 72.982882335782051 7.6880821436643592 8.7355180829763395 5.2080873996019355 5.416487216949462 27.238545805215836 18.161411285400391 5.3065017759799948 16.70065675675869 4.9153375476598731 5.2437650859355918 9.1158704012632352
leaf_count=1086 305 225 51 27 166 380 21 83 499 64 920 23 118 22 105 46 231 86 96 22 94 61 20 121 40 65 27 117 28 42 26 121 52 629 36 44 40 130 47 127 30 40 26 80 57 520 236 293 31 35 21 22 112 73 22 67 20 21 38
internal_value=0 0.143086 -0.141244 0.0039116 -0.0440688 0.225092 0.126461 -0.0931662 -0.132616 0.00676677 -0.214255 0.156 0.0881452 0.137646 -0.0438702 0.0821451 -0.161332 -0.101193 -0.0428024 0.0985284 -0.134285 -0.00708785 0.196175 0.253344 0.243838 0.0444573 0.0742896 0.108413 -0.0121802 0.179664 -0.10801 -0.049469 0.184285 -0.173921 -0.0942196 0.00798293 -0.101908 -0.0752922 0.017767 0.0507858 0.277543 0.234409 0.0647276 -0.00897571 -0.0231949 0.250694 -0.135526 -0.160132 -0.116447 -0.0500093 -0.221403 -0.000749366 0.222595 -0.210986 0.265142 0.00210673 0.178478 -0.131625 0.269961
internal_weight=0 999.124 1001.67 370.565 429.944 628.559 218.596 226.265 257.493 108.398 571.723 144.3 172.451 50.6165 129.017 90.7909 151.28 94.0585 73.4841 28.8654 44.6187 51.1027 39.6882 33.9875 110.198 74.9854 68.3728 61.6865 23.0094 38.6771 57.7817 41.8563 45.4171 344.093 34.8823 19.7426 88.2046 78.3626 98.6994 79.3725 409.963 152.693 13.5121 52.3077 48.5632 139.181 169.748 131.601 19.3269 38.1471 128.476 35.3947 39.9502 174.345 129.479 29.4116 16.2205 19.4728 100.261
internal_count=8187 4136 4051 1514 1747 2622 898 918 1041 440 2304 596 706 207 521 371 612 381 298 118 180 207 164 141 458 306 279 252 93 159 233 169 186 1384 141 80 355 315 401 323 1724 638 56 210 196 582 682 529 78 153 520 143 164 702 542 118 66 78 418
is_linear=0
shrinkage=0.2


Tree=2
num_leaves=60
num_cat=0
split_feature=10 10 5 7 7 10 1 7 10 7 6 8 7 7 0 0 7 9 8 7 7 8 8 7 8 5 10 5 7 8 7 7 6 9 8 1 0 3 0 2 1 2 9 10 10 10 1 9 3 0 8 3 10 1 5 1 4 10 8
split_gain=735.712 212.569 182.004 100.749 53.9954 51.154 42.1438 39.4769 27.7123 23.311 21.0108 20.9938 20.5394 18.2327 17.8758 20.9137 16.2648 16.2112 15.9746 14.2359 13.5062 16.4234 12.8432 37.7765 30.5208 12.135 10.5137 10.4796 10.2394 9.81119 9.64561 13.1265 9.44131 8.24897 7.17999 6.84766 6.69031 8.10373 6.55637 6.463 5.91906 5.76052 5.5266 5.10751 4.81475 4.63752 4.53534 6.24981 4.22459 4.07426 4.05725 4.0004 3.86468 4.67237 3.85424 7.97392 3.70306 3.68253 3.66774
threshold=177.50000000000003 410.50000000000006 1.0000000180025095e-35 3.5000000000000004 3.5000000000000004 78.500000000000014 111.50000000000001 2.5000000000000004 613.50000000000011 10.500000000000002 1.0000000180025095e-35 4.5000000000000009 4.5000000000000009 8.5000000000000018 29.500000000000004 59.500000000000007 1.0000000180025095e-35 1.5000000000000002 4.5000000000000009 4.5000000000000009 8.5000000000000018 28.500000000000004 16.500000000000004 7.5000000000000009 9.5000000000000018 1.0000000180025095e-35 145.50000000000003 1.0000000180025095e-35 2.5000000000000004 11.500000000000002 5.5000000000000009 9.5000000000000018 1.0000000180025095e-35 1.5000000000000002 26.500000000000004 36.500000000000007 59.500000000000007 10.500000000000002 37.500000000000007 1.0000000180025095e-35 405.50000000000006 1.0000000180025095e-35 1.5000000000000002 117.50000000000001 603.50000000000011 531.50000000000011 -1.0000000180025095e-35 1.5000000000000002 10.500000000000002 49.500000000000007 20.500000000000004 3.5000000000000004 888.50000000000011 1926.5000000000002 1.0000000180025095e-35 1035.5000000000002 1.0000000180025095e-35 372.50000000000006 16.500000000000004
decision_type=2 2 2 2 2 2 2 2 2 2 2 2 2 2 2 2 2 2 2 2 2 2 2 2 2 2 2 2 2 2 2 2 2 2 2 2 2 2 2 2 2 2 2 2 2 2 2 2 2 2 2 2 2 2 2 2 2 2 2
left_child=3 2 7 18 6 -5 46 11 16 12 14 -2 17 19 -8 -16 34 -9 25 50 21 36 24 -24 43 -1 48 29 54 -15 -14 -32 35 -30 42 -18 37 -6 57 52 -27 -31 58 -21 -37 56 -4 -48 -20 -34 -7 -26 53 -10 -28 -56 -44 -13 -3
right_child=1 8 4 5 20 13 10 9 39 -11 -12 38 30 27 15 -17 32 -19 26 22 -22 -23 23 -25 51 40 28 -29 33 41 31 -33 49 -35 -36 44 -38 -39 -40 -41 -42 -43 45 -45 -46 -47 47 -49 -50 -51 -52 -53 -54 -55 55 -57 -58 -59 -60
leaf_value=0.21861959955035368 -0.058271922579764539 -0.077635144271302511 0.29585307978579201 0.24533145901597694 -0.10452334929175328 0.013131303944012752 -0.25082852429379482 -0.30178925762554393 -0.13200644461478386 -0.29012549064673993 0.1705175587586947 0.17400080513131808 0.21420954504333978 -0.18319780398714969 -0.03153400953986546 -0.28777139833106768 -0.066808899797931171 0.032386312938791899 0.26840752261971967 0.26474567088079753 -0.23326516316583598 0.10403273296813419 0.24364274296531685 -0.24043180814691004 -0.28612544158928593 0.096871695621964904 0.26417422901120363 -0.13854601407755721 -0.13288885828819005 0.22208147457498606 -0.044242342594986939 0.14661676103910934 -0.076491854826890138 0.13747627158277981 0.15235629165214043 -0.19459196716407415 -0.25259884903687502 -0.30900003949573662 0.24378191042091843 -0.23896783391285148 -0.14460736103403168 -0.021172876892842845 0.16033243409830478 0.08327550749377445 -0.011518679063009643 -0.090462837703746635 0.0037924641652327426 0.17103519766600986 0.080444892936333695 0.12543967118607974 -0.18313095042349389 -0.085876042368073446 -0.21463199175580733 -0.22943530506543783 0.24676755619783283 -0.0050072260807762338 -0.023197698440319853 0.039981748110199389 -0.23840001024709401
leaf_weight=15.961309179663658 13.753525450825689 24.2466613650322 6.4681392759084693 49.577391311526299 79.369201898574829 7.0061133354902294 24.1775062084198 10.068399563431742 81.008115008473396 8.4852131903171522 12.695319458842276 70.848263815045357 20.697080329060555 5.6025294512510326 104.60899940133095 14.205327302217482 22.881611347198486 13.037345439195631 287.86015248298645 8.7331278324127215 80.336441978812218 10.996349602937697 39.712482929229736 7.4185746610164633 8.9244643300771731 7.5978334546089181 38.54080356657505 37.325647339224815 5.8458868116140392 8.8080359250307065 27.46198308467865 29.748272269964218 13.949011743068697 16.786772504448891 6.8349249064922324 128.44420443475246 20.632398575544357 8.4142701625823957 70.303738966584206 161.88674904406071 8.0276913046836835 6.7001216709613791 8.5517800450325065 21.371729657053947 6.0584178715944281 12.027806490659712 13.328803315758703 26.901195600628853 5.2047888189554206 5.2358873784542075 10.096212550997732 7.6999639719724646 92.123394906520844 27.126912459731102 13.211704030632974 7.9894502311944953 8.5771156847476941 9.5230048596858961 7.3484534919261923
leaf_count=70 58 99 27 225 328 29 100 41 336 35 52 310 90 23 426 60 94 53 1325 37 339 46 177 30 37 32 175 154 24 37 112 123 56 72 28 529 86 35 308 679 34 28 35 88 25 49 55 114 23 21 42 32 390 113 57 33 35 40 30
internal_value=0 -0.0875654 -0.0104368 0.176875 -0.0960538 0.0673523 -0.0231772 0.115217 -0.173517 0.0220715 -0.0731677 0.177082 0.0491342 0.0148976 -0.0951371 -0.0628638 -0.121162 -0.115376 0.235698 0.0624593 -0.169736 -0.126485 0.0930364 0.166335 0.0184763 0.0977663 0.247209 -0.0752633 0.182558 0.0370266 0.0981984 0.0552657 -0.15306 0.0667589 -0.0374986 -0.169179 -0.150104 -0.12518 0.198643 -0.208676 -0.0276038 0.118692 -0.0595483 0.138161 -0.186393 0.00336185 0.142847 0.116095 0.265161 -0.0202215 -0.103972 -0.196766 -0.183844 -0.157056 0.225835 0.153232 0.0696981 0.158344 -0.117052
internal_weight=0 1282.36 676.061 626.003 402.134 218.976 202.385 273.927 606.301 109.498 155.687 164.429 101.013 169.399 142.992 118.814 244.156 23.1057 407.026 110.963 199.749 119.412 93.8603 47.1311 46.7293 31.5868 375.44 58.4363 82.3746 21.1107 77.9073 57.2103 176.569 22.6327 67.5867 157.384 108.416 87.7835 150.675 362.145 15.6255 15.5082 60.7518 30.1049 134.503 29.1567 46.6981 40.23 293.065 19.1849 17.1023 16.6244 200.258 108.135 59.742 21.2012 17.1289 80.3713 31.5951
internal_count=8141 5357 2838 2784 1668 939 834 1170 2519 454 638 716 419 714 586 486 1001 94 1845 472 834 495 401 207 194 136 1709 242 361 88 325 235 725 96 276 648 449 363 658 1518 66 65 248 125 554 119 196 169 1348 77 71 69 839 449 265 90 70 350 129
is_linear=0
shrinkage=0.2


Tree=3
num_leaves=60
num_cat=0
split_feature=10 10 5 7 1 10 7 0 10 7 6 7 8 0 7 5 0 10 10 7 8 7 8 0 9 4 8 10 7 8 7 2 7 1 10 7 5 5 0 0 6 2 8 7 3 8 0 5 8 1 8 7 1 9 10 1 7 9 10
split_gain=514.663 145.925 121.003 75.6804 40.8095 36.9409 30.2527 24.6163 21.342 20.4257 19.1728 15.8436 15.2182 14.4643 13.7327 13.4783 13.2785 12.3773 11.1084 12.2406 16.4644 11.7456 11.1577 10.7416 10.0092 9.90217 9.68872 8.2626 8.06052 12.8721 9.21562 8.03983 7.80222 7.62443 7.57971 6.03621 9.29062 5.62053 5.33287 5.27479 5.06812 5.05847 4.34482 4.14177 3.83347 3.77687 3.72847 4.50337 3.69443 3.69302 3.62017 3.62716 3.47768 3.31724 3.05429 3.0555 4.21692 3.73672 3.041
threshold=175.50000000000003 410.50000000000006 1.0000000180025095e-35 3.5000000000000004 61.500000000000007 78.500000000000014 2.5000000000000004 59.500000000000007 613.50000000000011 8.5000000000000018 1.0000000180025095e-35 10.500000000000002 4.5000000000000009 29.500000000000004 4.5000000000000009 1.0000000180025095e-35 59.500000000000007 115.50000000000001 143.50000000000003 7.5000000000000009 7.5000000000000009 4.5000000000000009 16.500000000000004 28.500000000000004 1.5000000000000002 1.0000000180025095e-35 4.5000000000000009 165.50000000000003 5.5000000000000009 17.500000000000004 9.5000000000000018 1.0000000180025095e-35 3.5000000000000004 877.50000000000011 588.50000000000011 9.5000000000000018 1.0000000180025095e-35 1.0000000180025095e-35 37.500000000000007 59.500000000000007 1.0000000180025095e-35 1.0000000180025095e-35 5.5000000000000009 8.5000000000000018 1.5000000000000002 21.500000000000004 37.500000000000007 1.0000000180025095e-35 2.5000000000000004 704.50000000000011 18.500000000000004 2.5000000000000004 6.5000000000000009 1.5000000000000002 888.50000000000011 686.50000000000011 3.5000000000000004 1.5000000000000002 473.50000000000006
decision_type=2 2 2 2 2 2 2 2 2 2 2 2 2 2 2 2 2 2 2 2 2 2 2 2 2 2 2 2 2 2 2 2 2 2 2 2 2 2 2 2 2 2 2 2 2 2 2 2 2 2 2 2 2 2 2 2 2 2 2
left_child=3 2 6 17 16 -5 12 9 15 10 13 14 -2 -6 24 31 32 48 19 21 -21 45 -23 25 -8 -19 -25 40 29 -16 -30 58 50 34 43 53 -37 -29 49 46 42 44 -20 -17 -10 -7 47 -28 -1 -14 51 -4 -34 -22 55 56 -46 -57 -3
right_child=1 8 4 5 7 18 11 -9 41 -11 -12 -13 38 -15 28 33 -18 23 27 20 35 22 -24 26 -26 -27 39 37 30 -31 -32 -33 52 -35 -36 36 -38 -39 -40 -41 -42 -43 -44 -45 54 -47 -48 -49 -50 -51 -52 -53 -54 -55 -56 57 -58 -59 -60
leaf_value=0.077174950031544939 -0.046413367257175063 0.066440846145349064 0.16032961645520052 0.2186146759960618 -0.17574475931594555 0.065376519396720303 -0.24443598094748192 -0.23879183364946566 -0.20803512506176483 -0.19008843539166537 0.13150782883458559 -0.2509103371390573 0.16655006725850188 -0.047464106005135544 -0.11196671194776242 -0.098870334520919784 -0.21785923461834766 0.13782298368507506 -0.0036907733068727053 0.14531774021739371 -0.24620601954793764 -0.01651168045092993 0.25197580552238502 0.02649438987795967 0.017749205389794565 -0.18406550186451121 0.21547297622129324 0.21950116812983952 -0.042976999199490933 0.27046364706228321 0.11616372175472399 -0.1060180528957969 -0.065895983630899158 -0.19991041116106978 0.095730733639039334 0.13807431010425383 -0.12399518873268274 -0.020782776353436033 0.2144443310814293 -0.015616482525234024 0.080908588380996044 -0.20528357075382081 -0.17475948189972751 -0.24120429689478204 -0.11020289135149414 -0.16386305748008978 0.2407717674736361 0.091656522147636518 0.24724566084907929 0.072634110975893937 0.23915484131299977 -0.029023463756354496 0.13412191499534337 -0.07629698940366815 -0.17102407360004862 -0.071498637310925373 0.034922252542947958 -0.20155966505670106 -0.029589053692449532
leaf_weight=5.6079367846250525 13.879920423030851 18.939443379640579 13.54390585422516 45.042957991361618 43.964838489890099 5.5728624016046506 10.017401561141016 46.639654487371445 43.72840715944767 56.67640782892704 19.586143374443054 7.955108940601348 51.003901198506355 172.78974322974682 4.3332818448543575 53.801903188228607 5.0765668600797644 9.1247559338808042 7.6834241151809684 18.880030706524849 9.0911078304052371 8.0568973869085294 25.884838283061981 14.02043980360031 13.246019795536993 6.100222945213317 30.139424115419388 5.3769359588623056 28.023381188511848 15.479522705078123 29.678612172603607 52.684574276208878 10.931491315364836 55.507149487733841 6.8997197896242133 9.5308400541543961 11.681880965828896 12.144292205572128 65.372771024703979 4.2413315325975409 4.7073461115360251 151.90669111907482 26.043831244111061 9.6372958868741971 31.190361976623535 5.3432588577270508 70.13755638897419 20.386236622929573 206.23506391048431 26.030874073505402 15.06162917613983 5.5901123434305182 4.7104221433401099 9.810098007321356 67.109473556280136 14.790685206651686 10.563934475183485 23.690717726945877 41.530691131949425
leaf_count=26 58 78 58 225 190 23 41 208 192 255 82 35 235 713 19 227 22 42 32 82 39 34 127 60 54 27 152 24 114 73 125 217 47 238 29 41 49 52 311 18 21 679 113 42 133 23 342 96 1064 118 67 24 20 41 302 64 45 103 170
internal_value=0 -0.0725954 -0.008176 0.156794 -0.0783568 0.05933 0.0962797 -0.104213 -0.145561 -0.0825542 -0.0565433 0.0151855 0.152552 -0.0737054 0.0369217 -0.0994519 0.0812479 0.211246 0.0140854 0.0527389 -0.00721838 0.13108 0.188687 0.167375 -0.0969437 0.00771134 0.184815 -0.0575452 0.0773315 0.186369 0.0390661 -0.0491579 0.112917 -0.144433 -0.0999433 -0.079596 -0.00594417 0.0555837 0.172005 0.202473 -0.109151 -0.177568 -0.136191 -0.121601 -0.155225 -0.048311 0.21016 0.166411 0.242867 0.135249 0.166017 0.105444 -0.00417351 -0.160772 -0.139133 -0.111883 -0.0734996 -0.152577 0.00068024
internal_weight=0 1241.57 659.592 570.844 394.571 204.851 265.021 339.657 581.981 293.017 236.341 108.733 156.287 216.755 100.778 239.001 54.9141 365.993 159.808 103.852 58.994 44.8579 33.9417 154.15 23.2634 15.225 138.925 55.9558 77.5148 19.8128 57.702 113.155 49.8376 125.846 70.3389 40.1139 21.2127 17.5212 142.408 124.905 38.4346 342.98 33.7273 63.4392 191.074 10.9161 120.663 50.5257 211.843 77.0348 34.1956 19.134 15.6419 18.9012 147.345 80.2357 41.7543 38.4814 60.4701
internal_count=8141 5388 2869 2753 1686 926 1183 1448 2519 1240 985 461 722 903 426 1001 238 1827 701 459 252 207 161 737 95 69 668 242 331 92 239 465 216 536 298 170 90 76 664 608 166 1518 145 269 839 46 590 248 1090 353 149 82 67 80 647 345 178 167 248
is_linear=0
shrinkage=0.2


Tree=4
num_leaves=60
num_cat=0
split_feature=10 7 10 5 10 7 7 10 6 10 1 5 9 1 10 5 1 0 0 7 7 8 1 5 4 8 7 8 8 1 0 8 7 10 8 8 7 7 8 0 4 8 5 0 1 8 8 8 0 1 2 0 8 10 8 2 1 4 9
split_gain=362.396 87.3387 77.9539 49.3765 41.0662 24.5957 22.5758 21.6654 20.3459 19.5609 15.6287 14.8002 16.2735 13.8861 13.7764 13.6275 13.5951 11.8843 16.6216 11.433 11.0763 10.6448 9.94391 9.42378 6.86065 7.73645 6.22506 6.10008 10.5402 5.91615 9.02683 5.78027 5.63973 5.59197 5.54878 5.95017 5.45704 5.32355 9.45615 8.03322 5.2877 5.07154 5.99511 5.03939 4.92003 4.85929 6.41591 4.80399 4.64112 4.52113 5.21061 4.60741 5.57407 4.83926 4.4025 4.3915 5.48809 4.35292 4.32776
threshold=205.50000000000003 3.5000000000000004 365.50000000000006 1.0000000180025095e-35 130.50000000000003 8.5000000000000018 1.0000000180025095e-35 136.50000000000003 1.0000000180025095e-35 651.50000000000011 974.50000000000011 1.0000000180025095e-35 3.5000000000000004 17.500000000000004 62.500000000000007 1.0000000180025095e-35 -1.0000000180025095e-35 60.500000000000007 30.500000000000004 2.5000000000000004 7.5000000000000009 13.500000000000002 2345.5000000000005 1.0000000180025095e-35 1.5000000000000002 4.5000000000000009 4.5000000000000009 24.500000000000004 12.500000000000002 742.50000000000011 43.500000000000007 16.500000000000004 2.5000000000000004 300.50000000000006 27.500000000000004 22.500000000000004 5.5000000000000009 8.5000000000000018 28.500000000000004 50.500000000000007 1.5000000000000002 4.5000000000000009 1.0000000180025095e-35 32.500000000000007 7865.0000000000009 22.500000000000004 12.500000000000002 21.500000000000004 34.500000000000007 6213.5000000000009 1.0000000180025095e-35 51.500000000000007 13.500000000000002 473.50000000000006 20.500000000000004 1.0000000180025095e-35 696.50000000000011 1.0000000180025095e-35 1.5000000000000002
decision_type=2 2 2 2 2 2 2 2 2 2 2 2 2 2 2 2 2 2 2 2 2 2 2 2 2 2 2 2 2 2 2 2 2 2 2 2 2 2 2 2 2 2 2 2 2 2 2 2 2 2 2 2 2 2 2 2 2 2 2
left_child=1 7 3 6 14 8 33 41 16 15 29 19 13 -13 -3 49 -5 18 -18 -9 21 -16 23 31 25 -22 -23 28 32 30 58 -6 -12 -2 35 43 -30 38 44 57 -15 42 -1 -25 -17 46 -35 -33 -10 50 51 53 -53 -4 -27 56 -11 -40 -8
right_child=2 4 9 5 22 -7 10 11 48 55 27 12 -14 40 20 37 17 -19 -20 -21 24 26 -24 34 -26 54 -28 -29 36 -31 -32 47 -34 45 -36 -37 -38 -39 39 -41 -42 -43 -44 -45 -46 -47 -48 -49 -50 -51 -52 52 -54 -55 -56 -57 -58 -59 -60
leaf_value=0.22176113757523261 0.20225175304081083 0.23484587932661311 0.066258414256788897 0.2950211057513113 -0.021781706069680024 -0.1848267166873056 -0.064289994735156356 0.20683850963947314 0.014727647212089884 -0.090920000962664477 0.018066363614133725 0.24488160632601641 0.23064571824673596 -0.045120611444057108 -0.087986911974748228 -0.12510657009011425 -0.14937336877342436 -0.20548646413338889 -0.0063582537583206679 -0.065226991918178615 0.15529218445799953 0.003341671333257943 -0.1497366571392314 -0.15738034992429373 0.18970291798950267 -0.025831683057860311 0.23464652159002808 -0.2369840866456055 0.14043322573320344 0.22657043466075855 0.18261775103477207 0.23544413423002905 -0.23968343169362988 0.12389941686620219 0.059786365311011551 -0.26683193430868452 -0.067343039209568786 -0.1929755496201625 0.28733462249019337 -0.15914266342363936 0.12482213177940329 0.22513831081818514 -0.013533049345115117 -0.018239112956315962 0.070204576559046994 0.25858041994450059 -0.11307059163960057 0.016781842091295851 0.2196839844119759 0.13350529995438101 -0.086364719739692633 0.013569120607366201 -0.25828629924935403 -0.036623437585887306 -0.20221919164019386 -0.18107528422389396 -0.16576575360040571 0.016192986860938129 0.064684008294248529
leaf_weight=8.6601546108722687 47.998703196644783 27.681028380990028 30.831644862890244 4.1636757999658576 14.687331408262255 50.163067802786827 18.897661551833153 72.206807032227516 6.4096814990043667 77.053319752216339 4.8258391022682181 8.8694715052843076 17.824162229895592 48.845656380057335 6.0732305049896231 137.49305726587772 42.564103111624718 19.217724278569221 134.44082529842854 6.607186794281005 7.6827431321144095 5.5972369611263266 31.102602109313011 15.390389978885649 6.853687956929206 27.051298826932907 27.575671166181564 7.3102036565542212 11.952786371111872 9.1326659172773343 15.673868641257284 9.9150806069374102 10.803260609507559 11.725398302078252 11.716591581702231 6.4379886388778678 8.3414063155651075 31.806273192167282 4.7198515534400922 4.4306308925151816 8.2897013127803785 220.64958068728447 8.2984709590673447 31.163970828056335 5.1643933206796637 4.5957338809967032 7.0593014359474173 6.7032320797443381 14.267286971211432 5.5659984499216071 68.482790425419807 5.7692341059446317 5.9326095432043076 43.967545211315155 6.8789463043212882 124.6453270316124 83.160291031002998 4.5434035956859589 22.377624109387398
leaf_count=44 245 157 134 19 62 244 82 393 27 355 20 42 87 214 26 601 190 94 561 28 36 24 139 68 31 122 153 31 57 40 70 50 45 58 51 29 36 150 20 20 37 1286 38 137 23 23 35 28 62 24 290 24 25 182 30 604 392 20 99
internal_value=0 0.12106 -0.0683903 -0.00491981 0.0262948 -0.0588533 0.0759962 0.178411 -0.0300407 -0.113638 0.0187351 0.121757 0.0628923 0.0166928 0.112521 -0.0817469 -0.0495977 -0.0573811 -0.0409575 0.183858 0.0732002 0.151717 -0.0520659 -0.0200325 0.00903939 -0.0219429 0.196026 -0.0744287 -0.0395399 0.079752 0.0550671 0.0695966 -0.161338 0.163213 -0.0635241 -0.0909842 0.0553139 -0.118237 -0.102668 0.0550167 -0.019903 0.216973 0.108515 -0.0650021 -0.117894 0.0814104 0.0344416 0.149237 0.157348 -0.0388313 -0.0452842 -0.0125612 -0.127479 0.0058858 -0.0631554 -0.152541 -0.130024 0.159353 0.00559345
internal_weight=0 642.762 1085.49 451.921 242.511 271.226 180.694 400.251 221.063 633.566 109.315 162.643 83.829 66.0048 115.394 348.707 200.386 196.223 177.005 78.814 87.7128 39.2461 127.117 96.0146 48.4667 41.613 33.1729 43.2335 35.9233 66.0818 56.9492 31.3056 15.6291 71.3791 64.7089 52.9923 20.2942 188.158 156.351 13.6939 57.1354 237.608 16.9586 46.5544 142.657 23.3804 18.7847 16.6183 20.677 160.55 154.984 86.501 11.7018 74.7992 33.9302 284.859 160.214 9.26326 41.2753
internal_count=8214 3312 4902 2038 1143 1197 841 2169 953 2864 480 801 380 293 579 1513 864 845 751 421 422 203 564 425 219 188 177 189 158 291 251 140 65 361 285 234 93 834 684 60 251 1368 82 205 624 116 93 78 89 679 655 365 49 316 152 1351 747 40 181
is_linear=0
shrinkage=0.2


Tree=5
num_leaves=60
num_cat=0
split_feature=10 7 10 7 8 10 0 10 0 0 3 8 7 7 7 8 5 8 7 7 8 7 9 0 10 1 1 9 7 8 10 7 10 7 1 8 5 5 8 7 7 7 7 1 10 10 8 5 7 0 3 8 0 8 1 0 3 7 1
split_gain=254.854 65.6666 55.2047 39.5343 30.1979 27.9274 24.3274 19.3115 16.7234 17.7845 13.8367 12.6885 28.9688 15.0001 26.942 14.6847 12.2866 11.8309 24.2671 27.1265 13.0549 11.3854 11.2029 10.9071 10.6752 10.6701 10.1414 9.05137 14.8586 13.0229 11.9963 8.64145 7.95126 7.34264 7.22014 6.6499 7.50778 6.47109 6.12108 7.54365 5.89776 5.89157 6.60239 5.41319 5.24951 5.02927 4.74682 4.63712 4.5152 4.97062 4.37144 6.90067 4.18214 4.10574 8.9345 3.98356 4.70423 3.77916 3.82215
threshold=203.50000000000003 3.5000000000000004 437.50000000000006 2.5000000000000004 4.5000000000000009 81.500000000000014 57.500000000000007 136.50000000000003 60.500000000000007 30.500000000000004 3.5000000000000004 16.500000000000004 7.5000000000000009 4.5000000000000009 3.5000000000000004 21.500000000000004 1.0000000180025095e-35 16.500000000000004 7.5000000000000009 4.5000000000000009 7.5000000000000009 9.5000000000000018 3.5000000000000004 71.500000000000014 801.50000000000011 1953.5000000000002 17.500000000000004 3.5000000000000004 7.5000000000000009 7.5000000000000009 276.50000000000006 2.5000000000000004 365.50000000000006 4.5000000000000009 3875.0000000000005 28.500000000000004 1.0000000180025095e-35 1.0000000180025095e-35 2.5000000000000004 1.0000000180025095e-35 1.0000000180025095e-35 7.5000000000000009 8.5000000000000018 2935.0000000000005 136.50000000000003 107.50000000000001 4.5000000000000009 1.0000000180025095e-35 8.5000000000000018 52.500000000000007 1.0000000180025095e-35 15.500000000000002 59.500000000000007 21.500000000000004 1405.5000000000002 34.500000000000007 2.5000000000000004 6.5000000000000009 473.50000000000006
decision_type=2 2 2 2 2 2 2 2 2 2 2 2 2 2 2 2 2 2 2 2 2 2 2 2 2 2 2 2 2 2 2 2 2 2 2 2 2 2 2 2 2 2 2 2 2 2 2 2 2 2 2 2 2 2 2 2 2 2 2
left_child=1 7 3 4 38 -3 11 46 9 32 25 27 13 14 -13 21 31 20 19 -19 34 -14 26 44 37 -11 -18 28 33 -30 -29 55 40 -5 41 36 -20 -4 -2 -40 -6 -7 -43 -15 45 -22 47 -1 52 -50 -28 -52 57 -21 -55 56 -9 -39 -59
right_child=2 5 24 6 8 17 -8 16 -10 10 -12 12 15 43 -16 -17 22 18 35 53 23 -23 -24 -25 -26 -27 50 30 29 -31 -32 -33 -34 -35 -36 -37 -38 48 39 -41 -42 42 -44 -45 -46 -47 -48 -49 49 -51 51 -53 -54 54 -56 -57 -58 58 -60
leaf_value=0.20131966766938733 -0.23222017632905756 0.17331195206504968 -0.055455337407717978 -0.11850928827601204 0.10169641317682875 -0.14679861875815453 -0.19616112709435451 0.017899602277833517 -0.23640446891929556 0.09687953808418559 0.18093361611163417 0.099291545597767317 -0.22618798058619191 0.18850943410829843 -0.25685302238926849 -0.20700305305710798 0.21980872020557465 -0.13101098660086233 0.0056256445513099777 0.25907113509935226 -0.18863885429127591 0.12429256688475257 0.20310915086261946 0.16286829105969319 -0.14590345815238434 -0.073488996795879988 -0.15982806401866129 0.28686294221129799 0.055783198517031368 -0.12389354646174999 -0.077803704386545464 -0.056327202729299725 -0.17052484739839935 -0.26900804513561527 -0.19216238517144571 0.096186100275231667 -0.18642411707320758 -0.097491796926666777 -0.2295285058844706 0.03346058642753371 -0.073013292483239844 0.14357176951857256 -0.049955402211473508 0.013768580043466358 -0.2108294007035626 0.011090632896636395 0.20912320314347865 -0.010873349657931415 -0.24803542827220398 -0.02881714883670804 -0.055050488801559605 0.097871271206652705 -0.19116626721527305 0.20839599285832655 -0.11540663450514901 0.22901210155366619 0.19668495333789626 0.10408484951841797 -0.10589746915411549
leaf_weight=7.7622113674879083 13.64750652015209 40.977554336190224 160.46824860572815 41.499172687530518 16.702590301632881 4.7618184834718695 45.03245635330677 10.159792676568033 6.3998837023973456 73.021093651652336 70.726314768195152 26.248070999979973 4.8718573451042184 36.491647571325302 12.170206576585768 28.625497624278069 8.0327406823635084 12.158829092979429 13.36428292095661 24.280652195215225 8.5100164860487002 12.654457688331604 15.340293779969214 4.5294024050235739 172.56828543543816 18.138367712497711 7.0600353032350531 5.6978155076503745 33.755890160799026 30.356176689267159 8.7576549798250181 6.1680445969104758 11.482479825615881 19.31720207631588 5.1081631928682318 7.2952490597963324 20.44286622107029 104.98664823174477 6.2900982946157482 12.630946174263952 13.851169332861902 22.825957238674164 9.9461989104747754 8.8490399420261365 27.170127391815186 11.677214801311491 193.04077683389187 8.3365958482027054 17.071905553340915 5.5492720752954474 29.612483441829681 19.167385891079903 16.890423893928528 13.233570441603662 4.3205316066741934 38.907514065504074 13.90881936252117 7.7791233360767347 5.745089516043663
leaf_count=44 59 250 705 175 86 20 223 61 35 352 343 113 23 164 53 140 42 56 61 143 37 60 83 20 894 80 31 24 152 144 38 26 50 85 22 31 95 488 27 54 64 100 43 41 124 51 1286 38 86 27 127 87 80 64 20 242 81 36 28
internal_value=0 0.107539 -0.0569191 -0.0138172 0.0467504 0.0242759 -0.0606196 0.161177 0.0745257 0.0846409 0.114691 -0.0377469 0.00722915 0.0772532 -0.0147245 -0.11951 0.105611 -0.00816944 0.0415689 0.129389 -0.0581775 0.0245474 0.0515145 -0.125246 -0.105787 0.0628414 0.0142707 -0.0795862 -0.0969181 -0.0294851 0.0690501 0.16706 -0.031078 -0.167476 0.0237584 -0.0739033 -0.111168 -0.0839253 -0.131593 -0.0563428 0.0225584 0.0545272 0.0849225 0.154743 -0.153715 -0.0747443 0.200371 0.0933773 -0.112664 -0.195416 -0.0163862 0.00528556 -0.098409 0.205493 0.128057 0.189114 0.122448 -0.0847073 0.0144964
internal_weight=0 588.099 1048.28 557.218 242.89 230.602 314.327 357.497 210.322 203.922 161.886 269.295 129.911 83.759 38.4183 46.1518 148.357 189.625 95.096 53.9936 94.5289 17.5263 79.2129 51.8868 491.059 91.1595 63.8726 139.384 124.928 64.1121 14.4555 69.1442 42.0362 60.8164 42.6421 41.1024 33.8071 318.491 32.5686 18.921 30.5538 37.534 32.7722 45.3407 47.3574 20.1872 209.14 16.0988 158.022 22.6212 55.8399 48.7799 135.401 41.8348 17.5541 62.9761 24.0686 118.511 13.5242
internal_count=8214 3285 4929 2585 1150 1137 1435 2148 1010 975 775 1212 594 371 166 223 780 887 470 283 417 83 370 232 2344 432 287 618 556 296 62 410 200 260 185 187 156 1450 140 81 150 163 143 205 212 88 1368 82 745 113 245 214 632 227 84 384 142 552 64
is_linear=0
shrinkage=0.2


Tree=6
num_leaves=60
num_cat=0
split_feature=10 10 7 7 8 10 1 1 3 10 7 8 7 7 8 0 5 0 9 3 9 8 5 1 7 7 7 8 7 0 4 1 1 7 4 7 5 7 2 8 8 2 1 8 2 8 3 6 3 7 5 10 1 8 8 8 0 9 1
split_gain=187.313 60.8391 36.5599 34.3935 24.9047 18.9447 17.5195 14.5147 14.7374 11.9746 11.9657 12.9327 47.8346 21.2294 16.366 10.4694 10.0674 13.529 10.0067 8.94779 9.4329 8.38832 8.23653 7.46174 7.58891 8.06477 7.34196 6.71244 8.41684 8.59418 8.04507 6.6877 6.33612 6.21959 5.88754 5.88345 5.7704 5.57534 9.24125 5.35067 9.17118 5.29181 5.0693 4.85888 4.78139 4.67333 4.64656 4.54778 4.85231 4.44512 7.28946 4.43608 4.33566 4.19815 4.09 4.06838 3.91834 3.85896 3.84102
threshold=147.50000000000003 344.50000000000006 3.5000000000000004 7.5000000000000009 5.5000000000000009 651.50000000000011 -1.0000000180025095e-35 359.00000000000006 10.500000000000002 62.500000000000007 4.5000000000000009 16.500000000000004 7.5000000000000009 7.5000000000000009 7.5000000000000009 60.500000000000007 1.0000000180025095e-35 29.500000000000004 1.5000000000000002 4.5000000000000009 1.5000000000000002 4.5000000000000009 1.0000000180025095e-35 123.50000000000001 2.5000000000000004 4.5000000000000009 9.5000000000000018 4.5000000000000009 2.5000000000000004 35.500000000000007 1.5000000000000002 99.500000000000014 21.500000000000004 5.5000000000000009 1.5000000000000002 9.5000000000000018 1.0000000180025095e-35 1.5000000000000002 1.0000000180025095e-35 13.500000000000002 20.500000000000004 1.0000000180025095e-35 686.50000000000011 28.500000000000004 1.0000000180025095e-35 2.5000000000000004 7.5000000000000009 1.0000000180025095e-35 1.0000000180025095e-35 9.5000000000000018 1.0000000180025095e-35 1172.0000000000002 385.50000000000006 11.500000000000002 8.5000000000000018 4.5000000000000009 34.500000000000007 2.5000000000000004 686.50000000000011
decision_type=2 2 2 2 2 2 2 2 2 2 2 2 2 2 2 2 2 2 2 2 2 2 2 2 2 2 2 2 2 2 2 2 2 2 2 2 2 2 2 2 2 2 2 2 2 2 2 2 2 2 2 2 2 2 2 2 2 2 2
left_child=3 2 4 16 32 15 -4 8 47 -5 -8 13 33 -12 -15 27 -1 31 23 20 22 -11 -9 -19 54 -26 -14 30 29 41 -3 -18 -2 -13 49 44 51 53 -39 58 -41 -29 -33 -31 46 -34 -7 48 -6 57 -51 56 -48 -21 -25 -20 -37 -23 -30
right_child=1 5 6 9 7 35 10 19 -10 21 11 12 26 14 -16 -17 17 18 55 37 -22 34 -24 24 25 -27 -28 28 39 43 -32 42 45 -35 -36 36 -38 38 -40 40 -42 -43 -44 -45 -46 -47 52 -49 -50 50 -52 -53 -54 -55 -56 -57 -58 -59 -60
leaf_value=0.20668156933351073 0.11588629464649364 -0.15540745809055423 0.28582617737381782 0.21228998911274777 0.0062176913603734889 -0.11579941171564212 -0.17578515816431767 0.033653585702447322 -0.21018068586197561 0.11590445250386668 -0.23876613598261356 0.21905600189733745 -0.21898049024627697 0.043793028389476733 -0.13063720197842407 -0.17448105335842631 0.16115564791495934 0.21075418608598478 0.024932391217788501 0.27466519598037414 0.049657108557173202 -0.20222751242393225 -0.15497765910439218 -0.019519027693154903 -0.20402400907196611 0.058997321755100599 -0.062267980639251812 0.019519205272163536 -0.070342152950795253 0.024441108025701437 0.11023371673818878 -0.27981288370991619 -0.18640149719746613 0.068265401222214722 0.11650242851933071 -0.049112692196099844 -0.15307850237388201 0.11964011755394457 -0.1619278716050622 0.026399654297508696 -0.099713057561149232 -0.091290164343565072 0.0031086558488357353 0.17315089043568926 -0.16550594864988316 -0.050735081467192425 -0.093648337296988529 0.2322381770034786 0.14199163690755071 0.099162005007863388 -0.13631788171767026 -0.14299101420870192 0.18693114143143613 0.11011240019752647 0.23346165989431222 0.20648257356451141 0.17632198795892284 -0.01417658689621103 -0.18489816610788468
leaf_weight=133.5732457190752 6.7430924475193015 33.095467686653137 5.8492692261934272 9.89843702316284 12.002693131566046 120.08847996592522 28.862041279673576 15.806546151638029 4.6234051883220664 13.559595853090284 27.101585671305656 28.363824516534805 17.736992016434669 46.528022438287735 39.515591338276863 24.890441790223122 3.6389177888631812 10.326796121895311 5.4241094738245001 8.5670397579669935 64.874091818928719 15.480815798044206 21.705769211053848 3.8692669868469256 8.3960301727056521 9.7906825691461545 36.613051503896713 26.96597620844841 27.722866728901863 82.231946334242821 5.0463400930166236 5.0285865366458875 13.52395376563072 18.334885314106941 6.2509633451700202 4.6426952630281475 9.4429610222578066 12.976522237062456 6.8625515699386588 44.819675222039223 46.967881068587303 46.99471715092659 4.7980061769485474 9.5436964333057386 96.669300183653831 39.676975876092911 4.428488686680792 19.589822798967361 87.209773540496826 10.105069488286972 10.295708924531937 3.7665132880210868 3.8065044730901718 23.703349947929382 6.953161284327507 68.012765951454639 8.2281982451677305 6.101323500275611 20.839397579431534
leaf_count=982 35 150 28 72 67 625 139 86 21 66 129 147 89 206 198 133 22 68 24 48 308 73 97 22 48 59 188 119 127 363 22 30 61 80 28 25 52 59 32 208 225 208 24 42 542 183 22 115 477 46 48 21 20 129 50 492 42 28 100
internal_value=0 -0.0352354 0.0109287 0.134428 0.0537564 -0.078895 -0.0472002 0.078964 0.130025 0.0117214 -0.0555818 -0.0391454 0.0128537 -0.08549 -0.0365024 -0.0499962 0.168232 0.127126 0.149715 0.0379866 0.00356782 -0.0213398 -0.0758839 0.0675477 0.0148163 -0.063864 -0.114398 -0.0408404 -0.0309066 -0.000367272 -0.119634 -0.0611354 -0.0629126 0.160725 -0.0604345 -0.121263 -0.030892 0.105177 0.0212131 -0.0668865 -0.0382553 -0.0509796 -0.145952 0.0404561 -0.131679 -0.0861352 -0.105846 0.143796 0.125639 -0.0874647 -0.0199495 0.040046 0.0381971 0.156077 0.145063 0.19324 0.0957901 -0.150054 -0.120394
internal_weight=0 1206.96 586.771 331.503 337.866 620.192 248.905 277.922 123.426 71.6919 243.056 214.194 101.049 113.145 86.0436 369.118 259.812 126.238 112.773 154.496 102.386 61.7935 37.5123 39.3359 29.0091 18.1867 54.35 344.228 306.086 165.736 38.1418 13.4655 59.944 46.6987 48.2339 251.073 26.0804 52.1095 19.8391 140.35 91.7876 73.9607 9.82659 91.7756 224.993 53.2009 128.323 118.802 99.2125 41.9829 20.4008 16.6374 8.23499 32.2704 10.8224 73.4369 12.8709 21.5821 48.5623
internal_count=8150 5968 2922 2182 1718 3046 1204 1439 680 361 1176 1037 504 533 404 1697 1821 839 763 759 491 289 183 247 179 107 277 1564 1392 732 172 76 279 227 223 1349 140 268 91 660 433 327 54 405 1209 244 667 659 544 195 94 88 42 177 72 516 67 101 227
is_linear=0
shrinkage=0.2


Tree=7
num_leaves=60
num_cat=0
split_feature=10 10 7 9 7 5 1 10 6 9 1 0 8 7 0 0 0 7 1 10 5 0 3 3 8 7 8 10 5 7 8 8 10 2 1 10 3 5 1 4 8 8 10 9 2 2 10 10 1 9 5 8 8 8 1 3 10 0 10
split_gain=139.45 45.2068 30.4074 24.0339 20.7035 17.9915 16.9998 14.3299 13.0704 9.90547 12.9037 9.26651 8.27723 8.05273 7.89936 7.5482 7.22734 6.74558 6.6658 6.43652 6.30722 5.89695 5.75494 5.59545 5.44796 4.92989 5.04973 4.91794 4.83314 5.5408 5.68702 8.04443 4.2382 4.17123 4.1199 4.75812 3.87265 3.67659 3.60392 5.0263 3.53208 8.20677 3.48884 3.39427 3.39069 3.33418 3.29557 3.19663 2.97563 4.47243 2.83706 3.1827 2.80571 6.3786 2.76353 2.64243 2.6351 2.57541 2.51828
threshold=134.50000000000003 344.50000000000006 1.0000000180025095e-35 3.5000000000000004 7.5000000000000009 1.0000000180025095e-35 -1.0000000180025095e-35 651.50000000000011 1.0000000180025095e-35 1.5000000000000002 1240.5000000000002 28.500000000000004 9.5000000000000018 9.5000000000000018 60.500000000000007 24.500000000000004 60.500000000000007 5.5000000000000009 128.50000000000003 279.50000000000006 1.0000000180025095e-35 27.500000000000004 4.5000000000000009 4.5000000000000009 4.5000000000000009 9.5000000000000018 25.500000000000004 866.50000000000011 1.0000000180025095e-35 8.5000000000000018 28.500000000000004 24.500000000000004 123.50000000000001 1.0000000180025095e-35 998.00000000000011 580.50000000000011 5.5000000000000009 1.0000000180025095e-35 50.500000000000007 1.0000000180025095e-35 11.500000000000002 22.500000000000004 237.50000000000003 5.5000000000000009 1.0000000180025095e-35 1.0000000180025095e-35 365.50000000000006 501.50000000000006 696.50000000000011 1.5000000000000002 1.0000000180025095e-35 12.500000000000002 21.500000000000004 25.500000000000004 757.50000000000011 3.5000000000000004 95.500000000000014 34.500000000000007 417.50000000000006
decision_type=2 2 2 2 2 2 2 2 2 2 2 2 2 2 2 2 2 2 2 2 2 2 2 2 2 2 2 2 2 2 2 2 2 2 2 2 2 2 2 2 2 2 2 2 2 2 2 2 2 2 2 2 2 2 2 2 2 2 2
left_child=4 2 5 6 15 19 -4 14 9 22 -11 -5 48 56 28 -1 24 42 -7 52 44 -9 -8 -20 37 -23 27 -27 33 30 31 -30 -26 43 35 -35 -25 -17 -10 -40 -21 57 -13 46 -15 -29 -3 -16 55 -50 -34 -52 -2 -54 -55 -6 -14 -42 -36
right_child=1 7 3 11 12 18 8 21 38 10 -12 17 13 20 47 16 -18 -19 23 40 -22 25 -24 36 32 26 -28 45 29 -31 -32 -33 50 34 58 -37 -38 -39 39 -41 41 -43 -44 -45 -46 -47 -48 -49 49 -51 51 -53 53 54 -56 -57 -58 -59 -60
leaf_value=-0.079693031598325387 0.20042758643807224 0.10893930248560178 0.19848018825995864 -0.12433267776202453 0.23617575738417826 0.1534600054634995 -0.099624250288213326 -0.21001892329702709 0.20454517730370791 0.035215696476465282 -0.078445610765583096 0.21171808115373644 -0.27433408866242037 0.25092604381207106 -0.20499071274408004 0.16453310449274683 -0.064464261604295303 0.0055056769227284303 -0.13553439615916715 0.16113877555002545 -0.076698419549334443 -0.10542127097236097 -0.027387412783216172 0.16244097318488937 0.1993067256694091 0.15588037121194676 -0.17828114284961741 -0.14854431389863818 -0.035207754277547902 -0.14380441882325365 0.086066156076998884 -0.1837299898248822 0.17272713892498842 -0.043620131050570478 -0.082440771339631999 -0.18918945708073673 -0.076237330918365251 -0.022385548616001991 -0.02042369872367121 0.12880108385981254 -0.01155486413326836 0.19100820463482321 0.092246236420041303 0.14990499661101603 0.01591386738468286 0.071581784538690449 -0.0073343534779107744 -0.042593320268825591 -0.088868209980207419 0.15453225968286663 -0.13953808897492892 0.094611156233107507 -0.15876691928554232 0.2307078089219716 0.035526870922555485 0.04788873927489392 -0.081916497493608881 -0.23858763181552756 0.0667516494447421
leaf_weight=4.7465861439704886 52.237810544669628 10.765159040689467 12.526394426822661 6.1619678735733023 8.9853809773921984 6.6092302650213233 139.20567112416029 19.372693538665771 6.3586608543992034 98.328004442155361 66.83430177718401 26.89907693117857 5.0147243738174456 5.3956458419561386 15.499730288982393 7.5989710092544565 4.9278619959950438 13.519238486886023 16.9963957592845 6.419648244977 9.3607008010149002 192.48405992984772 64.967440851032734 5.3742355555295926 153.38785489648581 7.9887755215168061 5.1070541739463797 5.7101953178644163 112.69189342856407 25.087128788232803 12.335449919104574 16.484550192952156 10.68929135799408 40.824223920702934 5.9206445515155819 11.311654418706892 4.9306898862123489 8.8397545665502548 20.790081046521664 15.53825458884239 3.5962445586919767 4.4311817139387131 16.516625002026558 6.8182936608791342 4.3855636864900589 4.7931532561779022 80.647401914000511 7.281084716320037 5.640510752797125 5.8244975805282593 2.9688922166824341 7.6147619858384132 2.8296684697270384 7.8873505890369398 4.6957845985889435 4.6744359433650962 6.9855553060770035 4.2758675664663315 16.264837667346001
leaf_count=27 370 53 74 30 53 36 684 116 33 480 325 160 26 32 93 53 26 65 78 38 45 1105 319 23 1319 40 28 32 528 147 55 76 89 177 27 52 23 40 101 77 20 28 77 29 24 28 349 40 29 32 20 54 19 58 30 27 35 25 71
internal_value=0 -0.0271641 0.0112313 -0.0110005 0.13501 0.101151 -0.0281365 -0.066222 -0.0351756 -0.0472938 -0.0108414 0.103857 0.0275968 -0.0411782 -0.041179 0.16502 0.171066 0.129113 -0.0221649 0.149467 0.0394024 -0.104608 -0.0767179 -0.065973 0.177238 -0.0948597 -0.00845602 0.0406916 -0.0334348 -0.0576999 -0.0421438 -0.0545704 0.187613 -0.009943 -0.0455922 -0.07617 0.0493877 0.065519 0.0692425 0.0439726 0.0447337 -0.0185627 0.16728 0.0170899 0.149416 -0.0489488 0.00669255 -0.154402 0.112286 0.0356278 0.101581 0.0267499 0.178105 0.099896 0.160571 0.174327 -0.167387 -0.139397 0.0263274
internal_weight=0 1205.32 607.93 487.646 257.041 120.284 424.549 597.388 412.022 369.335 165.162 63.0969 56.267 31.1422 361.932 200.774 196.027 56.9349 33.9106 86.3736 19.1419 235.456 204.173 27.3013 191.1 216.083 23.5992 18.4921 339.151 166.599 141.512 129.176 174.661 172.552 74.3214 52.1359 10.3049 16.4387 42.687 36.3283 18.7229 12.3033 43.4157 98.2309 9.78121 10.5033 91.4126 22.7808 25.1248 11.465 21.2729 10.5837 67.6506 15.4128 12.5831 13.6598 12.0003 7.87211 22.1855
internal_count=8150 6219 3173 2425 1931 748 2093 3046 2019 1808 805 332 303 162 1697 1628 1601 302 160 588 101 1349 1003 124 1575 1233 128 100 1564 806 659 604 1482 758 327 229 46 93 211 178 111 73 237 431 56 60 402 133 141 61 163 74 477 107 88 80 61 45 98
is_linear=0
shrinkage=0.2


Tree=8
num_leaves=60
num_cat=0
split_feature=10 10 7 8 7 0 0 9 7 4 7 5 8 2 10 10 10 5 1 7 10 0 9 6 8 1 8 8 4 1 10 1 1 3 10 9 1 8 8 0 2 0 0 1 1 5 1 0 3 0 3 9 8 10 4 8 1 10 7
split_gain=100.149 37.5866 31.6412 20.3731 19.2076 17.0486 16.0307 13.0267 13.8636 13.5059 14.7019 10.4501 14.8167 9.70133 8.50535 8.41816 7.96142 6.53673 7.3114 6.43151 7.11518 6.37132 6.25722 6.20045 6.10368 5.4866 5.27378 5.66094 4.99688 4.23067 5.55108 5.97332 4.1684 4.12069 3.99187 3.97813 3.7909 3.53948 3.48748 3.17947 3.16784 4.47976 3.99246 3.76927 3.15913 6.89817 3.09167 3.03059 3.02546 2.90962 2.903 3.69209 4.793 4.50453 2.81447 2.81374 2.68599 2.65635 2.62458
threshold=143.50000000000003 520.50000000000011 2.5000000000000004 4.5000000000000009 7.5000000000000009 25.500000000000004 51.500000000000007 1.5000000000000002 4.5000000000000009 1.0000000180025095e-35 3.5000000000000004 1.0000000180025095e-35 24.500000000000004 1.5000000000000002 85.500000000000014 62.500000000000007 257.50000000000006 1.0000000180025095e-35 4.5000000000000009 1.5000000000000002 358.50000000000006 28.500000000000004 1.5000000000000002 1.0000000180025095e-35 4.5000000000000009 891.50000000000011 18.500000000000004 17.500000000000004 1.0000000180025095e-35 473.50000000000006 384.50000000000006 312.50000000000006 61.500000000000007 1.0000000180025095e-35 801.50000000000011 2.5000000000000004 3385.5000000000005 21.500000000000004 15.500000000000002 65.500000000000014 1.0000000180025095e-35 47.500000000000007 56.500000000000007 2172.0000000000005 487.50000000000006 1.0000000180025095e-35 2752.5000000000005 30.500000000000004 4.5000000000000009 38.500000000000007 1.5000000000000002 2.5000000000000004 4.5000000000000009 107.50000000000001 1.0000000180025095e-35 2.5000000000000004 36.500000000000007 273.50000000000006 9.5000000000000018
decision_type=2 2 2 2 2 2 2 2 2 2 2 2 2 2 2 2 2 2 2 2 2 2 2 2 2 2 2 2 2 2 2 2 2 2 2 2 2 2 2 2 2 2 2 2 2 2 2 2 2 2 2 2 2 2 2 2 2 2 2
left_child=4 2 3 28 14 -4 7 8 38 33 -11 16 13 23 55 -6 46 -16 -19 -14 -21 -20 36 -13 -24 -10 27 -18 35 30 31 -8 -30 -9 39 -2 -23 -28 -7 40 47 43 -43 56 -34 -46 49 -3 -45 -5 -17 52 -52 -53 -54 -1 -42 -15 -56
right_child=1 34 5 11 15 6 29 9 25 10 -12 12 19 57 17 50 26 18 21 20 -22 22 24 -25 -26 -27 37 -29 32 -31 -32 -33 44 -35 -36 -37 -38 -39 -40 -41 41 42 -44 48 45 -47 -48 -49 -50 -51 51 53 54 -55 58 -57 -58 -59 -60
leaf_value=-0.0042276974899511637 -0.21961946270932475 0.077136029630900646 -0.20708085722259106 0.12365669697430413 0.19822459766577888 -0.096949251348475096 -0.042045592971058865 0.0040827739830746473 0.025457486965916404 0.083183856610246104 -0.084691108633783707 0.014583313427362144 -0.17289018138724266 0.30801769449756983 0.15834496201357506 -0.087224963631593544 0.04707948224928607 0.2263971506370287 -0.14432384690231886 0.10707374273360666 -0.16748098238841097 0.012684870806253174 -0.094070679123647569 0.17066928992239616 0.16372641331012289 -0.0628279318346847 0.24090801524207395 -0.13842281692199845 0.13122802208867124 -0.12402293264419079 -0.19240197788410657 0.19259344646794901 -0.19527550990008771 0.1199391195776784 -0.10748745388805846 -0.029648253498892375 -0.22203925877415256 0.08395012227370191 -0.22113852455731176 -0.20981909345507344 -0.054659272993940626 0.075793248404195906 -0.15664780744135878 -0.071025347476086395 0.13688777360661492 -0.12409189434979617 0.037955669208674082 -0.045716840153832997 0.12835857381901772 0.21554116830219816 0.13751180436386998 -0.039692519623122618 0.035728906923390299 0.22995070301821477 -0.1891048067444627 0.1959629663137957 -0.15448177119212514 0.11109654248370981 -0.030255277862151445
leaf_weight=2.8934160172939292 12.888301581144335 8.4465596824884397 22.299466907978058 33.842009194195271 8.3923028036952001 21.683878019452095 20.898274458944801 15.531746387481688 64.323622711002827 33.674043595790863 53.742828272283077 75.513461962342262 18.239233955740929 6.6712677925825101 50.258819669485092 15.033255144953726 58.469756305217743 8.8334145769476873 6.7726490050554267 9.5475857034325582 5.7933595404028884 17.457174479961399 4.1652594357728985 11.45936908572912 22.344953671097755 49.585083812475204 7.8779967874288586 7.0962747186422339 5.2781511694192913 71.134672544896603 6.8716126531362525 5.1342846974730483 5.0633264034986523 58.74846076965332 142.45929761230946 6.7870836108922949 2.9393306449055663 21.488234095275402 16.464821577072144 5.4956976175308219 14.897442728281019 10.773722887039183 3.7096618413925162 10.488129436969755 6.5251563936471948 9.608971007168293 9.1463597938418371 99.347012385725975 3.9193855971097937 25.818211250007153 5.9529409259557751 4.0727721154689771 8.4072968214750308 5.6959252655506134 7.5782976001501092 82.200189545750618 43.887691169977188 5.4085329249501228 9.1024480760097504
leaf_count=18 61 40 117 246 76 100 110 73 319 159 267 354 87 33 463 76 293 74 34 51 27 112 18 59 195 258 39 33 24 380 37 26 22 286 908 31 19 111 79 32 77 54 20 55 28 45 61 482 22 218 33 21 44 26 38 822 237 26 44
internal_value=0 -0.0266873 -0.00247304 0.0430882 0.110505 -0.0379388 -0.0287586 -0.00616645 -0.0481391 0.0333212 -0.0199557 0.0623413 0.0205389 0.0594434 0.141312 0.0153814 0.0960958 0.104767 0.0611017 -0.0936943 0.00208055 0.0327143 0.059085 0.035702 0.122579 -0.0130423 0.0582377 0.0264246 -0.0801267 -0.0966616 -0.0368817 0.00601711 -0.0228296 0.095836 -0.0818141 -0.155619 -0.0240633 0.128211 -0.15195 -0.0634722 -0.0590197 -0.0872221 0.0141476 -0.107255 -0.062578 -0.0179308 0.147814 -0.0358894 -0.0151667 0.164363 -0.013075 0.0147085 -0.0192695 0.119849 -0.0577407 0.189166 -0.12962 0.225018 -0.104635
internal_weight=0 1126.04 782.615 342.523 262.1 440.093 417.793 313.754 152.057 161.697 87.4169 296.372 132.633 99.0526 197.865 64.2352 163.739 112.772 62.5128 33.5802 15.3409 53.6794 46.9067 86.9728 26.5102 113.909 94.9323 65.566 46.151 104.039 32.9042 26.0326 26.4756 74.2802 343.425 19.6754 20.3965 29.3662 38.1487 200.965 195.47 87.676 14.4834 73.1926 21.1975 16.1341 68.8066 107.794 14.4075 59.6602 55.8429 40.8097 31.041 9.7687 25.088 85.0936 58.7851 12.0798 16.6807
internal_count=8100 5987 4060 1849 2113 2211 2094 1541 756 785 426 1638 637 472 1755 358 1001 915 452 165 78 378 344 413 213 577 476 326 211 553 173 136 119 359 1927 92 131 150 179 1019 987 465 74 391 95 73 525 522 77 464 282 206 159 47 126 840 314 59 82
is_linear=0
shrinkage=0.2


Tree=9
num_leaves=60
num_cat=0
split_feature=10 10 5 7 7 0 3 6 7 7 3 1 3 7 1 7 10 7 8 10 7 0 10 8 7 8 0 5 8 7 7 8 8 8 3 1 1 10 7 1 4 10 0 1 3 9 9 8 1 8 8 8 0 10 10 1 7 0 9
split_gain=71.6131 25.8659 21.685 16.7044 14.9525 12.5362 11.2257 10.0354 9.9882 11.9074 7.77634 10.5388 7.48348 7.06073 7.05933 8.11358 6.95003 6.08998 6.06314 5.9524 5.73288 5.69213 6.21601 5.63686 5.23638 5.2272 5.21106 7.71329 5.07182 8.76789 7.76738 5.20243 4.88844 9.45526 4.83104 3.84482 4.04267 3.55172 3.45348 3.43804 3.37284 3.28688 4.35452 3.51288 3.45082 5.43464 5.60816 3.54437 4.66809 3.87311 3.13383 3.11009 2.90893 4.17402 2.88124 2.85717 2.71585 2.68067 2.65336
threshold=143.50000000000003 520.50000000000011 1.0000000180025095e-35 3.5000000000000004 8.5000000000000018 29.500000000000004 4.5000000000000009 1.0000000180025095e-35 8.5000000000000018 9.5000000000000018 4.5000000000000009 61.500000000000007 5.5000000000000009 6.5000000000000009 1405.5000000000002 6.5000000000000009 62.500000000000007 10.500000000000002 20.500000000000004 273.50000000000006 1.0000000180025095e-35 36.500000000000007 457.50000000000006 7.5000000000000009 1.5000000000000002 4.5000000000000009 29.500000000000004 1.0000000180025095e-35 16.500000000000004 4.5000000000000009 7.5000000000000009 2.5000000000000004 27.500000000000004 8.5000000000000018 5.5000000000000009 99.500000000000014 4686.0000000000009 93.500000000000014 2.5000000000000004 46.500000000000007 1.5000000000000002 1243.0000000000002 55.500000000000007 -105.49999999999999 4.5000000000000009 3.5000000000000004 2.5000000000000004 13.500000000000002 1781.5000000000002 17.500000000000004 2.5000000000000004 26.500000000000004 33.500000000000007 372.50000000000006 788.50000000000011 664.50000000000011 1.0000000180025095e-35 47.500000000000007 1.5000000000000002
decision_type=2 2 2 2 2 2 2 2 2 2 2 2 2 2 2 2 2 2 2 2 2 2 2 2 2 2 2 2 2 2 2 2 2 2 2 2 2 2 2 2 2 2 2 2 2 2 2 2 2 2 2 2 2 2 2 2 2 2 2
left_child=3 2 6 25 5 13 8 10 14 -10 11 -7 -12 35 15 20 51 18 -11 -8 -2 56 -23 -17 -9 37 27 -27 31 -30 -31 -18 33 -15 39 -4 -37 -1 -26 -21 -33 43 -43 -3 47 46 57 48 -45 54 -6 -5 -36 -54 -49 -41 -16 -46 -39
right_child=1 41 4 16 50 7 19 24 9 17 12 -13 -14 32 21 23 28 -19 -20 34 -22 22 -24 -25 38 26 -28 -29 29 30 -32 40 -34 -35 52 36 -38 58 -40 55 -42 42 -44 44 45 -47 -48 49 -50 -51 -52 -53 53 -55 -56 -57 -58 -59 -60
leaf_value=0.15410370110669777 0.082048754956023956 -0.15791373378727325 0.00086296279570194508 0.20223486815940955 0.030108007503097341 0.084313742202535819 0.14450329243880133 -0.075882288469689307 -0.31858903047770309 0.082794039240062234 0.11859842984996927 -0.047669212423625179 -0.0047573856920853858 0.14606185911521882 0.13447630723231113 0.30905022884404609 0.12980052451239674 -0.20187149201209553 -0.14551788714957203 0.20545247423383084 -0.0089618770517830553 -0.051952802862845475 -0.31886409280447953 0.068093245014050618 0.22700021395162842 0.17439296392826384 0.17581162173546341 -0.095895621973544953 -0.14293041458289737 0.20366400160298614 0.014112787197219737 -0.073117400327730953 0.2119346349892105 -0.23914536336425793 -0.16984877378398541 -0.17814340387984406 0.037462215768944936 0.071429645769775396 0.073798847551187527 -0.014000113247015318 0.097224963912486112 -0.15481937900749126 0.04861816558281061 -0.077206822653532209 -0.051858693511491784 -0.13312464607988145 0.10753730378009425 0.054249603451506756 -0.19223783365809707 -0.074080854359180576 -0.12619642448160928 -0.054387449939172931 -0.12385727695838436 0.14015685859206703 -0.073085747750121374 0.10889528495316475 -0.01050067751626043 0.039871835497182373 -0.12854392070456297
leaf_weight=6.0274024903774288 56.51016865670681 14.321472108364103 7.1982989981770507 12.427366666495798 5.4454998075962058 27.617731541395187 48.046841576695442 4.6859782710671452 6.6403655260801306 16.759066238999374 31.378747969865799 181.42543502151966 51.781397476792336 4.8121017813682538 7.9176232442259815 7.7061408162116987 7.037784904241561 5.917787253856658 6.0777748376131049 7.1584045216441146 53.870872005820274 23.158581539988521 3.8312967866659156 7.9757974147796631 11.814863815903665 9.0560161396861094 102.8612138479948 7.4025297239422789 6.2821654081344596 17.029839374125004 17.34080083668232 37.368733488023281 3.8217251449823371 4.7588065043091774 5.0267478823661795 36.140838854014874 3.7338595688343039 4.6841516196727735 12.324934296309946 13.81310121715069 5.0214484781026831 30.195429667830467 4.728348195552825 58.218743391335011 52.290863059461117 15.777307376265524 14.062626481056212 20.26444394886494 18.746012777090073 72.740538291633129 65.336252808570862 2.0777345597743979 4.2198401540517789 4.7520450353622437 10.539589479565619 16.238845564424992 13.755175337195395 16.553000420331955 5.3738189488649368
leaf_count=41 365 81 34 134 31 150 345 24 29 74 148 884 249 21 43 33 35 31 27 38 280 126 16 35 68 98 1185 47 30 167 91 183 17 29 23 194 20 26 60 71 25 210 32 333 294 89 79 103 114 429 407 21 21 21 71 79 67 92 30
internal_value=0 -0.0222171 -0.00197865 0.0983938 -0.0298815 -0.0141747 0.0388011 0.00159324 0.0125675 -0.0838446 -0.00955925 -0.0301295 0.042066 -0.0974567 0.0322164 0.0571534 0.0381858 -0.0267097 0.0208541 0.0941164 0.0377345 -0.0323353 -0.093151 0.190332 0.113503 0.144697 0.159104 0.0533179 0.017236 0.0692933 0.109049 -0.0257505 0.0301149 -0.0470175 0.046234 -0.13371 -0.157816 0.0368049 0.15078 0.0837225 -0.0523588 -0.0691026 -0.127084 -0.0620721 -0.0569798 -0.0267855 -0.00611265 -0.0734098 -0.105908 -0.0490008 -0.11409 0.165093 -0.0530579 0.0159914 0.0103768 0.0528575 0.0436552 -0.0297199 -0.0360857
internal_weight=0 1090.09 761.653 239.991 452.276 381.495 309.376 321.029 210.121 35.395 292.203 209.043 83.1601 60.4656 174.726 126.063 104.586 28.7546 22.8368 99.2558 110.381 48.6627 26.9899 15.6819 28.8258 135.405 119.32 16.4585 90.0808 40.6528 34.3706 49.428 13.3926 9.57091 51.209 47.073 39.8747 16.0854 24.1398 37.2104 42.3902 328.438 34.9238 293.515 279.193 98.6838 82.9065 180.509 76.9648 103.545 70.7818 14.5051 13.9986 8.97189 30.804 30.0519 21.6728 68.8439 10.058
internal_count=8100 5987 4060 2113 2336 1898 1724 1583 1126 161 1431 1034 397 315 965 713 686 132 101 598 645 252 142 68 152 1427 1330 145 531 288 258 243 67 50 253 248 214 97 128 188 208 1927 242 1685 1604 554 465 1050 447 603 438 155 65 42 174 150 110 386 56
is_linear=0
shrinkage=0.2


Tree=10
num_leaves=60
num_cat=0
split_feature=10 10 7 9 6 10 4 4 0 3 7 6 8 10 1 3 0 8 5 10 0 8 7 9 7 5 1 10 3 0 0 1 10 8 10 0 10 10 3 7 1 3 8 9 0 10 1 8 8 6 10 0 1 10 1 8 1 1 8
split_gain=46.5673 18.3221 17.8258 15.6461 12.0791 10.0699 10.0437 21.2074 8.75344 9.40728 6.8697 7.20126 6.71626 6.48331 6.08457 5.99306 5.89964 5.78695 5.75078 5.46398 8.00795 4.67535 4.50958 4.29798 4.23902 3.98507 7.26341 8.43322 3.99617 4.37982 3.89802 3.64648 3.60262 3.36563 3.36385 3.2825 3.21378 2.90142 3.47667 3.56773 2.84662 4.59289 2.84034 4.61351 4.55875 2.79348 4.53355 3.46794 2.77685 4.30874 4.20774 7.50893 5.9295 4.64492 3.3062 3.01216 2.85065 2.8352 2.38044
threshold=127.50000000000001 344.50000000000006 1.0000000180025095e-35 5.5000000000000009 1.0000000180025095e-35 76.500000000000014 1.0000000180025095e-35 1.5000000000000002 49.500000000000007 10.500000000000002 1.0000000180025095e-35 1.0000000180025095e-35 4.5000000000000009 155.50000000000003 99.500000000000014 3.5000000000000004 24.500000000000004 16.500000000000004 1.0000000180025095e-35 613.50000000000011 60.500000000000007 9.5000000000000018 6.5000000000000009 3.5000000000000004 10.500000000000002 1.0000000180025095e-35 819.50000000000011 588.50000000000011 8.5000000000000018 32.500000000000007 35.500000000000007 9347.0000000000018 95.500000000000014 12.500000000000002 392.50000000000006 30.500000000000004 619.50000000000011 300.50000000000006 2.5000000000000004 2.5000000000000004 103.50000000000001 4.5000000000000009 13.500000000000002 1.5000000000000002 54.500000000000007 300.50000000000006 974.50000000000011 18.500000000000004 12.500000000000002 1.0000000180025095e-35 923.50000000000011 60.500000000000007 943.50000000000011 716.50000000000011 7865.0000000000009 24.500000000000004 5954.5000000000009 17.500000000000004 24.500000000000004
decision_type=2 2 2 2 2 2 2 2 2 2 2 2 2 2 2 2 2 2 2 2 2 2 2 2 2 2 2 2 2 2 2 2 2 2 2 2 2 2 2 2 2 2 2 2 2 2 2 2 2 2 2 2 2 2 2 2 2 2 2
left_child=5 2 12 4 6 31 8 17 9 -4 58 14 -2 -10 15 -12 -16 -8 33 20 25 -9 -5 24 -18 30 27 34 35 -30 -3 -1 -25 -14 -27 -28 -21 38 39 -6 -20 -42 43 -32 -44 46 -35 -47 49 56 52 55 53 -50 -54 -52 57 -38 -7
right_child=1 19 3 22 37 10 7 21 13 -11 11 -13 18 -15 16 -17 23 -19 40 36 -22 -23 -24 32 -26 26 28 -29 29 -31 42 -33 -34 45 -36 -37 48 -39 -40 -41 41 -43 44 -45 -46 47 -48 -49 50 -51 51 -53 54 -55 -56 -57 -58 -59 -60
leaf_value=0.16719015827472683 -0.11778406766493235 -0.025716342041194287 0.049734156345995019 0.20363675108837909 0.11528204698002936 0.21694903273916033 -0.1240212946344495 0.11786486291844214 0.099724368660347937 -0.13988733541014303 0.20915484660987574 0.17001536599904765 0.1848215009883255 -0.1082176305070701 -0.25372677559169904 -0.063707259965035623 -0.0044490398030043975 -0.046111882779051934 0.14704591908142864 -0.21746001436976614 -0.15727154317360273 0.0050194805286540413 -0.023109010594131549 -0.013352828550615309 -0.22785745740497867 -0.085050978998060495 0.017375404790648762 0.23564630178235088 -0.10168961826204831 0.18572278813507379 0.070218501074266845 -0.12152423639097915 0.21310757225601634 0.16718129315788746 0.0098728280568439585 -0.12817196485168791 -0.15895619579732093 0.20158438518607982 0.11363238584650924 -0.073794566285161997 -0.080496610146497838 0.10636786944332786 0.10314690334305295 -0.06758217202713547 -0.093321242808399887 -0.12949683582916036 0.014709767314041647 0.12439881553732948 -0.035884164334696232 -0.19771579438387013 -0.075000241900390535 0.2122022537580926 -0.10141032138466188 0.077249014043675235 0.10466254724789084 -0.1866436341737451 -0.22695494115047565 -0.040915059058487531 0.045214605054197575
leaf_weight=63.287303045392036 5.7999810278415671 68.722385302186012 129.52010580897331 17.503862701356415 5.8713694140315082 13.039359845221044 92.535932146012783 22.029300667345524 7.0477825552225104 11.07358033210039 10.591649137437342 13.950122885406016 26.984070710837841 33.001964427530766 3.4372738301753989 4.3897510543465605 48.359651915729046 65.685310274362564 5.363421835005286 4.960056096315383 16.224463142454624 42.914002820849419 4.2918433248996726 4.8883260339498502 3.3334462642669669 20.250936470925808 7.0599118024110785 5.4047837555408469 3.9777649715542784 3.8897047787904739 18.89208772778511 1.5812361240386952 6.1748623624444008 23.70696584135294 54.275442317128181 46.561257213354111 9.276651017367838 6.8573878854513159 21.998767174780369 10.912677638232706 13.920231007039549 8.0250323563814145 34.433192878961563 19.342888489365578 5.2109777927398673 4.336807042360304 11.648495458066462 3.6802631393074989 27.505216732621193 12.05230902135372 41.266264706850052 2.9215951114892951 31.047583185136318 30.085587285459042 3.1971442699432364 12.731517329812048 3.998894326388835 56.769519247114658 4.5206190869212142
leaf_count=790 27 311 675 116 38 170 461 115 38 66 105 132 251 179 16 38 361 356 32 27 116 241 23 45 15 97 42 25 24 20 86 18 56 232 274 245 61 36 134 56 65 38 154 87 24 22 95 27 148 78 300 20 194 189 20 95 28 379 56
internal_value=0 -0.0132608 0.0115927 -0.00492962 -0.0130021 0.0969315 -0.0240427 -0.0523908 0.0110089 0.0345138 0.0605112 0.0389805 0.0866276 -0.0711219 0.0158797 0.129544 -0.0103478 -0.0918365 0.0991137 -0.0397001 -0.0219532 0.0436898 0.159301 0.00420846 -0.0201756 -0.0141636 -0.0380774 0.00172861 -0.0895624 0.0421217 0.0089378 0.159588 0.115495 0.12924 -0.0161753 -0.109019 -0.0625363 0.0841659 0.0619171 -0.00672801 0.0208961 -0.0116138 0.0394974 0.000523585 0.0767791 0.0935546 0.117532 -0.0126425 -0.0589096 -0.0884348 -0.0424591 -0.0850294 -0.0158695 0.0233177 -0.0813761 -0.102273 -0.0688134 -0.0581848 0.174347
internal_weight=0 1114.77 574.709 471.244 449.448 177.554 403.808 223.165 180.643 140.594 112.685 95.1251 103.465 40.0497 81.175 14.9814 66.1936 158.221 97.6653 540.058 304.246 64.9433 21.7957 62.7563 51.6931 288.021 141.42 79.9312 61.4886 7.86747 146.602 64.8685 11.0632 70.3566 74.5264 53.6212 235.812 45.6402 38.7828 16.784 27.3087 21.9453 77.8791 38.235 39.6442 43.3725 35.3555 8.01707 230.852 82.0974 148.755 56.9194 91.8355 57.5908 34.2447 53.9978 70.0451 66.0462 17.56
internal_count=8169 6367 3323 2534 2395 1802 2131 1173 958 741 994 768 789 217 636 143 493 817 762 3044 1505 356 139 477 376 1389 727 396 331 44 662 808 101 627 371 287 1539 264 228 94 135 103 351 173 178 376 327 49 1512 546 966 415 551 337 214 395 468 440 226
is_linear=0
shrinkage=0.2


Tree=11
num_leaves=60
num_cat=0
split_feature=10 10 7 9 6 8 0 0 8 4 10 8 0 7 0 5 0 0 10 7 8 8 8 1 7 10 8 7 5 7 5 7 1 8 8 7 8 3 10 0 9 8 1 7 7 1 8 0 5 0 8 8 1 0 4 1 0 1 8
split_gain=35.2886 15.7615 17.1106 13.5014 12.1317 9.33357 9.90413 9.45268 7.31171 7.14866 6.24353 6.48501 5.79114 5.34903 5.09692 4.61149 5.38606 4.41143 4.36767 5.78765 9.32162 5.72568 6.11422 8.44474 5.18088 4.53308 4.44968 4.97104 4.41012 4.30972 3.8774 3.79733 3.43018 3.41267 3.40209 3.03788 3.88121 4.66129 4.54208 4.6903 3.43679 2.93947 2.90739 2.83385 3.8911 2.60559 2.84668 2.6001 2.42399 2.31323 2.2134 2.45448 2.14238 4.73324 5.68116 2.34491 3.80347 2.47615 6.78781
threshold=93.500000000000014 344.50000000000006 1.0000000180025095e-35 4.5000000000000009 1.0000000180025095e-35 16.500000000000004 59.500000000000007 25.500000000000004 9.5000000000000018 1.5000000000000002 163.50000000000003 4.5000000000000009 29.500000000000004 9.5000000000000018 28.500000000000004 1.0000000180025095e-35 52.500000000000007 26.500000000000004 651.50000000000011 8.5000000000000018 28.500000000000004 22.500000000000004 18.500000000000004 8296.5000000000018 6.5000000000000009 372.50000000000006 21.500000000000004 9.5000000000000018 1.0000000180025095e-35 1.0000000180025095e-35 1.0000000180025095e-35 5.5000000000000009 3042.0000000000005 23.500000000000004 18.500000000000004 3.5000000000000004 7.5000000000000009 4.5000000000000009 62.500000000000007 34.500000000000007 1.5000000000000002 2.5000000000000004 904.50000000000011 1.5000000000000002 2.5000000000000004 202.50000000000003 12.500000000000002 30.500000000000004 1.0000000180025095e-35 35.500000000000007 5.5000000000000009 13.500000000000002 2935.0000000000005 41.500000000000007 1.0000000180025095e-35 -1.0000000180025095e-35 39.500000000000007 30.500000000000004 12.500000000000002
decision_type=2 2 2 2 2 2 2 2 2 2 2 2 2 2 2 2 2 2 2 2 2 2 2 2 2 2 2 2 2 2 2 2 2 2 2 2 2 2 2 2 2 2 2 2 2 2 2 2 2 2 2 2 2 2 2 2 2 2 2
left_child=12 2 10 4 5 8 7 -7 9 -4 49 -12 30 -10 -5 45 33 -6 19 20 21 22 23 -3 29 -24 27 -21 -29 -22 34 -16 48 -17 -1 41 -37 38 -38 -40 -41 -14 -31 -19 -45 -13 -47 50 -23 -2 -20 -52 55 54 -54 56 -49 58 -57
right_child=1 18 3 14 17 6 -8 -9 13 -11 11 15 35 -15 31 16 -18 43 47 26 24 32 25 -25 -26 -27 -28 28 -30 42 -32 -33 -34 -35 -36 36 37 -39 39 40 -42 -43 -44 44 -46 46 -48 52 -50 -51 51 -53 53 -55 -56 57 -58 -59 -60
leaf_value=0.24264091131616286 0.098515049409187691 -0.03051041344095963 -0.035722960888270788 -0.091825218855760143 -0.1245689068296833 -0.17042455267052228 -0.13043198033832681 0.040419586040109201 -0.1089532986070057 0.082485166800446486 -0.15708952109001323 0.1638835158269312 -0.06515016169662094 0.0060446110264177118 0.18248006078564308 0.11124235179084828 -0.1990080468933082 -0.038731418595210315 0.019306129030782767 -0.24607460681601334 0.20045096227523032 -0.0046509552017438734 0.20843337623409197 0.22503495171725274 0.2766139924225538 0.031286377774276085 -0.18195680404628486 0.065801530433872615 -0.10439545586105239 0.074965975703864776 -0.12740297042332246 0.021164577567189098 -0.26952869811211017 -0.069343775914426892 -0.092458736445273582 0.22529072587247181 0.13635311359782307 0.18418036953605676 0.12743046222099749 -0.048095045222199956 -0.31330013053774797 0.18411700138684928 -0.11265767983196051 0.20571904650849548 0.073890709815684463 0.15101902826605637 0.025527911544118216 0.023847353949437038 -0.11811423484847031 0.21458730041118779 -0.22742398845464212 -0.091250250591794091 0.14278241158864077 -0.16516710991652872 -0.13135462107080204 -0.12917007517815596 -0.21043469428433387 -0.038620609292199057 0.13736302557874991
leaf_weight=2.7678584903478605 13.315093565732242 184.61645109951496 133.83474335074425 3.9347760900855056 3.6111205071210852 8.6759575158357602 16.860178709030151 157.19887646660209 82.071401420980692 23.835737071931362 5.0231802165508261 18.542658597230911 1.8220949992537487 20.091753430664539 24.02327769622207 10.918100766837602 4.2556868344545355 5.3363410495221606 4.5748103931546202 3.7725697532296207 5.4632261693477693 12.799476973712446 6.6677349954843512 5.0026294589042655 5.4211914092302314 34.341412596404552 13.421073853969572 13.807336360216141 10.383371934294701 7.2176719307899457 5.5193287283182144 7.7985244467854491 3.7176581919193259 6.396916799247264 1.76953699439764 6.3842455521225956 5.4471490383148256 6.9838686212897292 2.867877032607792 4.8757210820913315 3.1089543886482716 45.708879366517067 5.5601058155298233 12.722984883934258 30.816432926803827 10.770169746130703 21.259070008993149 4.3786050304770452 18.072543136775494 16.36526682600379 7.3257823735475567 20.348515786230564 5.5627483576536196 16.240585684776306 5.898743525147438 5.5834619924426105 6.9596991539001465 109.76610562950373 10.583688519895075
leaf_count=38 142 907 688 23 17 51 100 926 462 129 24 186 14 110 195 54 22 35 34 23 25 60 33 25 24 164 90 62 77 32 38 41 21 31 23 57 75 78 24 36 21 713 29 104 186 105 172 30 95 205 57 153 39 117 45 40 48 747 67
internal_value=0 -0.00749662 0.0136579 -0.00105853 -0.00966072 -0.0204588 0.0141619 0.029083 -0.0447942 -0.0177214 0.0865528 0.0561567 0.124143 -0.0863894 0.117064 0.0716361 -0.00577758 0.0809586 -0.0330622 -0.0189683 -0.00890287 -0.0196786 -0.00824021 -0.0233988 0.110521 0.061487 -0.0886184 -0.0422605 -0.00766338 0.0572199 -0.0181015 0.143554 -0.0951656 0.0444781 0.114486 0.142671 0.090851 0.0514206 -0.00792607 -0.0821837 -0.159491 0.174188 -0.00743796 0.0968589 0.113639 0.104484 0.0688077 -0.0565942 -0.0716056 0.16413 -0.108405 -0.129496 -0.0462749 -0.0967904 0.00196139 -0.0358782 -0.121798 -0.0278518 0.0445894
internal_weight=0 1165.15 637.658 530.812 495.056 442.569 182.735 165.875 259.834 157.67 106.846 77.1658 87.2555 102.163 35.7566 72.1426 21.5707 52.4869 527.487 330.264 288.88 265.218 230.628 189.619 23.6622 41.0091 41.3844 27.9633 24.1907 18.241 10.0567 31.8218 34.5897 17.315 4.5374 77.1988 29.6678 23.2836 16.2997 10.8526 7.98468 47.531 12.7778 48.8758 43.5394 50.5719 32.0292 197.223 30.872 29.6804 32.2491 27.6743 164.974 27.7021 11.4615 137.272 11.3383 125.933 16.1672
internal_count=8169 7052 4008 3067 2808 2466 1077 977 1389 817 941 594 1117 572 259 570 107 342 3044 1667 1415 1305 1129 932 110 197 252 162 139 86 99 236 176 85 61 1018 291 234 156 81 57 727 61 325 290 463 277 1377 155 347 244 210 1133 201 84 932 78 854 107
is_linear=0
shrinkage=0.2


Tree=12
num_leaves=60
num_cat=0
split_feature=10 10 5 7 1 10 9 0 10 7 7 0 0 3 8 2 8 4 1 0 1 10 1 7 8 8 1 3 8 0 0 1 7 1 8 8 1 8 8 8 10 2 3 8 8 7 9 10 7 9 7 1 10 7 4 10 10 1 8
split_gain=28.4304 10.6163 10.8357 9.57448 7.36314 6.88472 6.61401 6.13242 6.05396 5.84526 7.65634 5.52308 5.41231 5.53719 5.46153 5.20927 6.06098 4.71581 4.5242 4.7479 5.0018 4.4359 4.36804 4.14951 3.88269 5.88321 3.8595 4.8708 4.8234 3.93779 3.5511 4.48876 7.78307 3.64342 3.40218 3.24258 3.06362 2.70099 3.8694 4.26367 4.33012 3.7929 2.6998 4.3762 14.332 2.89449 2.66448 3.66463 3.26353 2.61871 2.48804 2.93843 2.42825 2.0807 2.01761 1.93103 2.7249 2.59418 1.91037
threshold=113.50000000000001 251.50000000000003 1.0000000180025095e-35 10.500000000000002 30.500000000000004 62.500000000000007 4.5000000000000009 25.500000000000004 812.50000000000011 2.5000000000000004 4.5000000000000009 60.500000000000007 24.500000000000004 3.5000000000000004 1.5000000000000002 1.5000000000000002 27.500000000000004 1.5000000000000002 2425.5000000000005 39.500000000000007 372.50000000000006 437.50000000000006 3875.0000000000005 3.5000000000000004 27.500000000000004 21.500000000000004 136.50000000000003 1.5000000000000002 8.5000000000000018 34.500000000000007 56.500000000000007 4169.0000000000009 2.5000000000000004 1317.5000000000002 24.500000000000004 14.500000000000002 1307.5000000000002 4.5000000000000009 14.500000000000002 9.5000000000000018 91.500000000000014 1.5000000000000002 4.5000000000000009 24.500000000000004 26.500000000000004 1.0000000180025095e-35 1.5000000000000002 134.50000000000003 2.5000000000000004 1.5000000000000002 7.5000000000000009 598.50000000000011 169.50000000000003 6.5000000000000009 1.0000000180025095e-35 316.50000000000006 341.50000000000006 771.50000000000011 26.500000000000004
decision_type=2 2 2 2 2 2 2 2 2 2 2 2 2 2 2 2 2 2 2 2 2 2 2 2 2 2 2 2 2 2 2 2 2 2 2 2 2 2 2 2 2 2 2 2 2 2 2 2 2 2 2 2 2 2 2 2 2 2 2
left_child=5 2 7 8 46 -1 15 -2 11 42 49 12 35 14 -14 16 22 30 19 20 -19 -15 -6 26 25 -12 -7 28 -28 -30 31 -10 -33 -32 -17 -3 -21 -25 39 -39 -41 50 43 45 -45 -9 48 -48 -4 -11 58 -52 -8 -49 -18 -13 -57 -58 -40
right_child=1 3 4 -5 6 23 52 9 17 10 24 55 13 21 -16 34 54 18 -20 36 -22 -23 -24 37 -26 -27 27 -29 29 -31 33 32 -34 -35 -36 -37 -38 38 41 40 -42 -43 -44 44 -46 -47 47 53 -50 -51 51 -53 -54 -55 -56 56 57 -59 -60
leaf_value=0.17167701885318148 -0.19463529623419276 -0.02279327261048851 0.15134492761016435 -0.15666049247780511 -0.040513659162491278 0.1987202642700843 0.22374336924891197 0.17296238608355646 -0.11339384637071746 -0.17749758226509285 0.068012109598452719 -0.19605203133206217 -0.23493155520657846 0.052307041137731991 -0.015015042764975818 0.10224707324521738 0.12680144158945814 0.033495689279919812 -0.16942874917976164 -0.058972540573792753 0.38604377984240468 -0.0069800469932515506 -0.14062007658010128 0.14743791886384472 0.2054491863726412 -0.16161415006791408 -0.22588827235381084 0.11910098739098443 -0.13455288621774225 0.19436749172253309 0.16171146763810723 0.21987745189019092 -0.16577818799606628 -0.09013397697554075 -0.097573328777889309 -0.20956028140745075 0.16455749748246506 0.041234134775071631 0.20506835349358107 -0.30511475435360319 -0.024594147900962045 -0.1588023492191506 0.17052908904799394 -0.40448941036898378 0.12968846757417579 0.052980365132277801 -0.055684639437713096 0.23939709106146922 -0.069499030001644577 -0.019238489707979159 0.11951334226469063 -0.085041484415931595 0.042691223298219026 0.068527898580666852 0.0067677099760483587 0.1096762453234395 -0.18288218153934685 -0.033463737614936172 0.014435076087637517
leaf_weight=33.035726778209209 3.3086147010326377 7.0035661160945875 3.9296205528080481 20.252677716314793 136.23607089370489 12.954994805157183 5.0581865981221181 16.861815117299557 68.664266973733902 6.8907956704497364 47.032406710088253 5.8690237104892757 4.2587100863456717 104.53265725076199 338.17737769335508 17.429488901048902 9.2122247591614741 3.6190065667033258 4.0100561380386344 11.011584728956221 2.6789619848132133 97.216153956949711 19.785620741546154 5.5906919315457335 6.7303000763058654 4.6218251883983603 3.5370452366769332 21.645734157413244 2.1538977213203907 3.2812749706208706 4.2995438575744611 4.2603730186820021 3.5463314652442932 4.2755616903305054 3.9471663013100615 7.8224669173359871 2.8094397112727156 6.9966453760862342 7.2251085229218059 4.1418401151895505 4.4637486934661865 2.6681512072682372 22.049666665494442 2.6382368355989438 5.9520260542631149 15.882184065878389 2.9798320718109634 8.8628696203231794 6.9116028472781181 10.168453391641377 5.0962478071451169 5.5179820731282234 7.0279267430305481 4.6231492161750785 13.673509217798708 2.7544466704130199 7.5769653022289303 11.742309935390947 2.9860822334885597
leaf_count=569 26 42 27 141 738 213 45 212 548 34 267 42 23 564 1775 94 52 27 34 80 20 499 109 36 34 22 34 322 34 57 30 36 28 33 22 46 20 33 87 20 23 19 274 28 61 116 29 72 39 52 27 32 44 24 73 21 58 95 29
internal_value=0 -0.0078272 0.0190979 -0.0221797 -0.00685791 0.0940848 -0.0194665 0.0627825 -0.0181967 0.0693531 0.0315252 -0.0101367 -0.00577207 -0.00248822 -0.0179679 -0.0282038 -0.0393704 -0.061372 0.0164964 0.0556376 0.194931 0.0237729 -0.0534717 0.0645239 0.0659306 0.046593 0.108219 0.0682588 -0.0542763 0.0637851 -0.0834435 -0.0970968 0.0450592 0.0374222 0.064451 -0.123692 -0.0108256 0.0214485 0.00237588 -0.073965 -0.165737 0.0533886 0.113992 0.0827483 -0.0430463 0.115848 0.0902855 0.140209 0.0126048 -0.0852665 0.0825766 0.0137987 0.1223 0.183782 0.0561729 -0.096395 -0.0674625 -0.0941007 0.151464
internal_weight=0 1098.2 381.814 716.381 239.677 121.295 212.37 142.136 696.129 138.828 75.4438 586.954 559.011 544.185 342.436 200.284 178.907 109.175 24.129 20.119 6.29797 201.749 156.022 88.2594 58.3845 51.6542 43.5729 30.618 8.97222 5.43517 85.0461 76.471 7.8067 8.57511 21.3767 14.826 13.821 44.6865 39.0958 15.6022 8.60559 23.4936 63.3839 41.3343 8.59026 32.744 27.3071 16.4659 10.8412 17.0592 20.8254 10.6142 12.0861 13.486 22.8857 27.9427 22.0737 19.3193 10.2112
internal_count=8191 6656 2494 4162 1368 1535 1177 1126 4021 1100 409 3165 2949 2861 1798 1088 972 856 181 147 47 1063 847 966 323 289 660 447 125 91 675 612 64 63 116 88 100 306 270 76 43 194 691 417 89 328 191 125 66 86 175 59 89 96 125 216 174 153 116
is_linear=0
shrinkage=0.2


end of trees

feature_importances:
Column_8=150
Column_7=146
Column_10=122
Column_1=91
Column_0=90
Column_5=49
Column_9=36
Column_3=33
Column_4=18
Column_2=16
Column_6=16

parameters:
[boosting: gbdt]
[objective: binary]
[metric: auc,l2]
[tree_learner: serial]
[device_type: cpu]
[linear_tree: 0]
[data: ]
[valid: ]
[num_iterations: 200]
[learning_rate: 0.2]
[num_leaves: 60]
[num_threads: -1]
[deterministic: 0]
[force_col_wise: 0]
[force_row_wise: 0]
[histogram_pool_size: -1]
[max_depth: 8]
[min_data_in_leaf: 20]
[min_sum_hessian_in_leaf: 0.001]
[bagging_fraction: 0.859829]
[pos_bagging_fraction: 1]
[neg_bagging_fraction: 1]
[bagging_freq: 2]
[bagging_seed: 3]
[feature_fraction: 0.955722]
[feature_fraction_bynode: 1]
[feature_fraction_seed: 2]
[extra_trees: 0]
[extra_seed: 6]
[early_stopping_round: 2]
[first_metric_only: 0]
[max_delta_step: 0]
[lambda_l1: 0]
[lambda_l2: 0.321673]
[linear_lambda: 0]
[min_gain_to_split: 0]
[drop_rate: 0.1]
[max_drop: 50]
[skip_drop: 0.5]
[xgboost_dart_mode: 0]
[uniform_drop: 0]
[drop_seed: 4]
[top_rate: 0.2]
[other_rate: 0.1]
[min_data_per_group: 100]
[max_cat_threshold: 32]
[cat_l2: 10]
[cat_smooth: 10]
[max_cat_to_onehot: 4]
[top_k: 20]
[monotone_constraints: ]
[monotone_constraints_method: basic]
[monotone_penalty: 0]
[feature_contri: ]
[forcedsplits_filename: ]
[refit_decay_rate: 0.9]
[cegb_tradeoff: 1]
[cegb_penalty_split: 0]
[cegb_penalty_feature_lazy: ]
[cegb_penalty_feature_coupled: ]
[path_smooth: 0]
[interaction_constraints: ]
[verbosity: -1]
[saved_feature_importance_type: 0]
[max_bin: 255]
[max_bin_by_feature: ]
[min_data_in_bin: 3]
[bin_construct_sample_cnt: 200000]
[data_random_seed: 1]
[is_enable_sparse: 1]
[enable_bundle: 1]
[use_missing: 1]
[zero_as_missing: 0]
[feature_pre_filter: 1]
[pre_partition: 0]
[two_round: 0]
[header: 0]
[label_column: ]
[weight_column: ]
[group_column: ]
[ignore_column: ]
[categorical_feature: ]
[forcedbins_filename: ]
[objective_seed: 5]
[num_class: 1]
[is_unbalance: 0]
[scale_pos_weight: 1]
[sigmoid: 1]
[boost_from_average: 1]
[reg_sqrt: 0]
[alpha: 0.9]
[fair_c: 1]
[poisson_max_delta_step: 0.7]
[tweedie_variance_power: 1.5]
[lambdarank_truncation_level: 30]
[lambdarank_norm: 1]
[label_gain: ]
[eval_at: ]
[multi_error_top_k: 1]
[auc_mu_weights: ]
[num_machines: 1]
[local_listen_port: 12400]
[time_out: 120]
[machine_list_filename: ]
[machines: ]
[gpu_platform_id: -1]
[gpu_device_id: -1]
[gpu_use_dp: 0]
[num_gpu: 1]

end of parameters

pandas_categorical:null
