tree
version=v3
num_class=1
num_tree_per_iteration=1
label_index=0
max_feature_idx=55
objective=binary sigmoid:1
feature_names=Column_0 Column_1 Column_2 Column_3 Column_4 Column_5 Column_6 Column_7 Column_8 Column_9 Column_10 Column_11 Column_12 Column_13 Column_14 Column_15 Column_16 Column_17 Column_18 Column_19 Column_20 Column_21 Column_22 Column_23 Column_24 Column_25 Column_26 Column_27 Column_28 Column_29 Column_30 Column_31 Column_32 Column_33 Column_34 Column_35 Column_36 Column_37 Column_38 Column_39 Column_40 Column_41 Column_42 Column_43 Column_44 Column_45 Column_46 Column_47 Column_48 Column_49 Column_50 Column_51 Column_52 Column_53 Column_54 Column_55
feature_infos=[0:75] [-6847:81204] [0:2] [0:11] [0:3] [0:1] [0:1] [0:11] [0:30] [0:35] [3:3881] [0:1] [-627:81204] [740:3881] [-627:5250.75] [370.59561128526644:740] [-6847:-627] [3:740] [-627:14524832] [0.0002576655501159495:0.33333333333333331] [-44.857142857142854:2131] none [0:1] [0:1] none [0:1] [0:1] [0:1] [0:1] [0:1] [0:1] [0:1] [0:1] [0:1] [0:1] [0:1] [0:1] [0:1] [0:1] [0:1] [0:1] [0:1] [0:1] [0:1] [0:1] [0:1] [0:1] [0:1] [0:1] [0:1] [0:1] [0:1] [0:3176] [-1410482:73437504] [0:1] [0.00017917935853789643:1]
tree_sizes=2185 2258 2275 2268 2268 2276 2275 2270 2270 2273 2278 2296 2272 2271 2269

Tree=0
num_leaves=20
num_cat=0
split_feature=10 10 5 7 10 7 53 7 5 10 10 5 7 7 8 7 9 0 0
split_gain=1500.06 415.052 327.756 272.557 140.663 110.421 72.1404 62.6823 59.0039 58.2722 53.6462 47.0224 38.1822 43.1359 32.2972 30.9799 27.9478 26.7621 29.4658
threshold=205.50000000000003 447.50000000000006 1.0000000180025095e-35 3.5000000000000004 87.500000000000014 3.5000000000000004 86719.000000000015 2.5000000000000004 1.0000000180025095e-35 136.50000000000003 651.50000000000011 1.0000000180025095e-35 8.5000000000000018 4.5000000000000009 16.500000000000004 2.5000000000000004 2.5000000000000004 13.500000000000002 42.500000000000007
decision_type=2 2 2 2 2 2 2 2 2 2 2 2 2 2 2 2 2 2 2
left_child=3 2 7 9 -5 6 -4 -2 -6 -1 -3 15 13 -10 -15 -11 -13 -8 -19
right_child=1 10 5 4 8 -7 17 -9 12 11 -12 16 -14 14 -16 -17 -18 18 -20
leaf_value=0.13510529254089487 0.12884392568202724 0.1082223960722961 0.12396855491403155 0.13284994908871925 0.12364967006216424 0.10478314301971872 0.10247980736019686 0.11882067002560057 0.10216870853647247 0.13427870260387592 0.10188983678539477 0.11985813526325319 0.10553321371609502 0.1141779948949731 0.12742254547028714 0.11380908491774125 0.13341397440691605 0.11608067782677912 0.099476988054747417
leaf_weight=336.08205297589302 157.20368823409081 233.43875733017921 67.017103224992752 67.515371650457382 72.248921692371368 184.11018320918083 27.404763400554657 103.39069828391075 16.442858040332794 95.169269263744354 330.10283187031746 71.252384841442108 49.079439908266068 43.349353015422821 30.892642378807068 7.7231605947017661 18.68506595492363 76.484203308820724 11.709307998418806
leaf_count=1349 631 937 269 271 290 739 110 415 66 382 1325 286 197 174 124 31 75 307 47
internal_value=0.117833 0.110719 0.116319 0.128362 0.120365 0.110232 0.115757 0.124882 0.11635 0.132578 0.104497 0.128124 0.112566 0.116443 0.11973 0.132724 0.122781 0.110987 0.113739
internal_weight=0 1190.86 627.32 808.441 279.529 366.726 182.615 260.594 212.013 528.912 563.542 192.83 139.764 90.6849 74.242 102.892 89.9375 115.598 88.1935
internal_count=8025 4780 2518 3245 1122 1472 733 1046 851 2123 2262 774 561 364 298 413 361 464 354
is_linear=0
shrinkage=1


Tree=1
num_leaves=20
num_cat=0
split_feature=10 10 5 7 10 7 53 7 5 10 10 5 7 7 8 7 9 0 0
split_gain=1470.71 406.29 321.257 267.628 138.039 108.071 70.7279 61.5129 57.8465 57.2556 52.469 46.1701 37.3901 42.28 31.6836 30.4296 27.4533 26.2035 28.8822
threshold=205.50000000000003 447.50000000000006 1.0000000180025095e-35 3.5000000000000004 87.500000000000014 3.5000000000000004 86719.000000000015 2.5000000000000004 1.0000000180025095e-35 136.50000000000003 651.50000000000011 1.0000000180025095e-35 8.5000000000000018 4.5000000000000009 16.500000000000004 2.5000000000000004 2.5000000000000004 13.500000000000002 42.500000000000007
decision_type=2 2 2 2 2 2 2 2 2 2 2 2 2 2 2 2 2 2 2
left_child=3 2 7 9 -5 6 -4 -2 -6 -1 -3 15 13 -10 -15 -11 -13 -8 -19
right_child=1 10 5 4 8 -7 17 -9 12 11 -12 16 -14 14 -16 -17 -18 18 -20
leaf_value=0.017118918315028583 0.010908990246874826 -0.0095093890242028273 0.0060773703097368138 0.014882588998060177 0.0057613646517606721 -0.012910264735230903 -0.015190982135909309 0.00097817144051363025 -0.015501468022116769 0.01629960615502811 -0.015770005857293365 0.0020055858050455995 -0.012170139288624426 -0.0036180770665622743 0.0095016644382855502 -0.0039861696038386973 0.015446054953670801 -0.0017345453622388718 -0.018166254276785337
leaf_weight=335.7156800031662 157.09711879491806 233.56545203924179 66.992283135652542 67.451943412423134 72.223585695028305 184.24381332099438 27.427924275398254 103.3846627175808 16.457016170024872 95.070804834365845 330.39176613092422 71.243823021650314 49.113128036260605 43.358534127473831 30.874506771564484 7.7249584496021262 18.666812404990196 76.492035120725632 11.720979407429693
leaf_count=1349 631 937 269 271 290 739 110 415 66 382 1325 286 197 174 124 31 75 307 47
internal_value=0 -0.00703991 -0.00149909 0.0104313 0.00250776 -0.00752243 -0.00205622 0.00698173 -0.00146798 0.0146125 -0.0131934 0.0101961 -0.00521365 -0.0013768 0.00187943 0.0147572 0.0049017 -0.00677699 -0.00405385
internal_weight=0 1191.32 627.359 807.901 279.479 366.877 182.633 260.482 212.027 528.422 563.957 192.706 139.803 90.6901 74.233 102.796 89.9106 115.641 88.213
internal_count=8025 4780 2518 3245 1122 1472 733 1046 851 2123 2262 774 561 364 298 413 361 464 354
is_linear=0
shrinkage=0.01


Tree=2
num_leaves=20
num_cat=0
split_feature=55 19 5 7 19 7 7 53 5 19 19 7 5 7 20 7 8 0 0
split_gain=1472.24 379.552 336.398 259.953 131.567 84.0566 61.9889 61.2224 59.9683 54.1244 39.9433 37.7465 35.9027 31.638 25.0652 25.0425 31.2135 23.4519 30.0602
threshold=0.40315355671026704 0.0022701504844361993 1.0000000180025095e-35 3.5000000000000004 0.012579113924050636 3.5000000000000004 1.0000000180025095e-35 45901.000000000007 1.0000000180025095e-35 0.0065147271029623978 0.0016299929327119791 8.5000000000000018 1.0000000180025095e-35 10.500000000000002 0.29325546303639094 4.5000000000000009 16.500000000000004 12.500000000000002 42.500000000000007
decision_type=2 2 2 2 2 2 2 2 2 2 2 2 2 2 2 2 2 2 2
left_child=3 10 6 9 8 7 -3 -4 -5 12 -2 15 -1 -8 -14 -10 -17 -9 -19
right_child=1 2 5 4 -6 -7 13 17 11 -11 -12 -13 14 -15 -16 16 -18 18 -20
leaf_value=0.014244047813747945 -0.014973619195440583 0.012502902222758423 0.006604861536681406 0.0060320164443111732 0.015944133504798817 -0.012554077850417501 0.0037370588327096149 -0.014522125741630049 -0.011878288045213709 0.016563740266610654 -0.0093375025973016432 -0.011853812013525374 0.015330982439156924 -0.016748967444441279 0.0010230584565739987 -0.0040079556113787364 0.009183952270664179 -0.0022153262883694773 -0.018223424001665635
leaf_weight=70.862151071429253 370.53885295987129 112.9476070702076 48.046574383974075 75.677645206451416 56.690124034881592 187.85331903398037 139.44352370500565 27.934585973620415 16.46727442741394 378.84599930047989 198.75660063326359 50.13250558078289 14.936729341745375 7.2240495085716239 56.271229207515717 42.119957998394966 30.107320934534073 92.690478667616844 12.727025359869002
leaf_count=285 1485 454 193 304 228 753 560 112 66 1524 797 201 60 29 226 169 121 372 51
internal_value=0 -0.00711107 -0.00175183 0.0104526 0.0025033 -0.0078779 0.00695889 -0.00300328 -0.00109247 0.0145814 -0.0130209 -0.00498784 0.00923558 0.0026472 0.00415402 -0.00103953 0.0015292 -0.00648283 -0.00426414
internal_weight=0 1198.16 628.867 792.111 271.195 369.252 259.615 181.399 214.505 520.916 569.295 138.827 142.07 146.668 71.208 88.6946 72.2273 133.352 105.418
internal_count=7990 4806 2524 3184 1089 1481 1043 728 861 2095 2282 557 571 589 286 356 290 535 423
is_linear=0
shrinkage=0.01


Tree=3
num_leaves=20
num_cat=0
split_feature=10 19 5 7 19 7 7 53 5 10 10 7 5 7 20 7 8 9 0
split_gain=1443.66 371.62 329.73 255.334 129.159 82.2861 60.8729 60.0266 58.7969 53.2084 39.0993 36.9726 35.2638 31.0417 24.6248 24.5544 30.6208 23.2998 22.9709
threshold=205.50000000000003 0.0022701504844361993 1.0000000180025095e-35 3.5000000000000004 0.012579113924050636 3.5000000000000004 1.0000000180025095e-35 45901.000000000007 1.0000000180025095e-35 153.50000000000003 613.50000000000011 8.5000000000000018 1.0000000180025095e-35 10.500000000000002 0.29325546303639094 4.5000000000000009 16.500000000000004 1.5000000000000002 12.500000000000002
decision_type=2 2 2 2 2 2 2 2 2 2 2 2 2 2 2 2 2 2 2
left_child=3 10 6 9 8 7 -3 -4 -5 -1 -2 15 -11 -8 -14 -10 -17 -16 -9
right_child=1 2 5 4 -6 -7 13 18 11 12 -12 -13 14 -15 17 16 -18 -19 -20
leaf_value=0.016420030461333862 -0.0092403913677025478 0.012389969089500148 0.0065426834801965063 0.0059746818733044807 0.015806200023625587 -0.012422361619302841 0.0037007723059017078 -0.014371748854652582 -0.011759186089049743 0.014118524564153686 -0.014815286962984373 -0.01173083378690005 0.015200322494995406 -0.016583292800322866 -0.0037832515609942442 -0.0039677290244936915 0.0091001766831289577 0.0094331678453554533 -0.0042221310565839247
leaf_weight=378.34916950762272 198.84449353814125 112.84475007653236 48.025450721383095 75.647249937057495 56.619939208030701 187.95421443879604 139.4102795124054 27.95243413746357 16.475346863269806 70.784356564283371 370.76076452434063 50.159274205565453 14.921057537198065 7.2307864725589743 36.113488972187042 42.129151150584221 30.087708994746208 20.15407557785511 105.4379066079855
leaf_count=1524 797 454 193 304 228 753 560 112 66 285 1485 201 60 29 145 169 121 81 423
internal_value=0 -0.00703859 -0.00173481 0.0103574 0.00247909 -0.00779745 0.00689274 -0.00297413 -0.001082 0.0144528 -0.012884 -0.00493808 0.00915111 0.00262054 0.00411532 -0.00102971 0.00151468 0.00101303 -0.00641812
internal_weight=0 1198.46 628.856 791.441 271.119 369.37 259.486 181.416 214.499 520.322 569.605 138.851 141.973 146.641 71.1886 88.6922 72.2169 56.2676 133.39
internal_count=7990 4806 2524 3184 1089 1481 1043 728 861 2095 2282 557 571 589 286 356 290 226 535
is_linear=0
shrinkage=0.01


Tree=4
num_leaves=20
num_cat=0
split_feature=19 7 10 5 10 19 5 5 53 7 7 19 7 10 0 7 7 53 7
split_gain=1427.22 383.874 233.8 178.992 173.644 98.9122 85.7321 81.3784 57.6918 53.5474 47.4178 43.033 38.2095 33.2193 28.2869 27.7659 27.33 26.4686 24.7919
threshold=0.0038535788535788542 3.5000000000000004 447.50000000000006 1.0000000180025095e-35 130.50000000000003 0.0068260180784642634 1.0000000180025095e-35 1.0000000180025095e-35 52636.000000000007 3.5000000000000004 1.0000000180025095e-35 0.012579113924050636 2.5000000000000004 679.50000000000011 12.500000000000002 8.5000000000000018 4.5000000000000009 81603.000000000015 7.5000000000000009
decision_type=2 2 2 2 2 2 2 2 2 2 2 2 2 2 2 2 2 2 2
left_child=2 5 3 10 11 6 12 -6 -8 17 -1 18 -2 -4 -10 16 -9 -5 -3
right_child=1 4 13 9 7 -7 8 15 14 -11 -12 -13 -14 -15 -16 -17 -18 -19 -20
leaf_value=0.010804409924633962 0.01538312279507131 0.01039371590817695 -0.01005383734582325 0.0027417640056080022 0.0033115814026454392 0.016505769620848178 0.011049212423062525 -0.01557966462858475 -0.013669386420575245 -0.012718177200598644 0.00022347474490258822 0.01569427999395074 -0.0027680581796956979 -0.015025981308118013 0.00065778067456785465 -0.014788857303873526 -0.0030601334105755389 -0.006774534533350746 -0.0005673512665407025
leaf_weight=76.488228797912598 135.49264106154442 36.82689268887043 256.87582641839981 43.29687412083149 77.898293599486351 359.93833754956722 52.465384513139725 21.977098226547241 16.459918618202209 129.10488998889923 93.838977485895157 57.039395868778229 12.445149958133696 302.75976312160492 68.733385264873505 55.934149622917175 77.277821809053421 87.055954158306122 45.594089135527611
leaf_count=308 546 148 1029 174 313 1452 211 88 66 517 377 230 50 1212 276 224 310 349 183
internal_value=0 0.00835449 -0.00850435 -0.00294973 0.00026922 0.0130148 0.00858321 -0.00500723 0.0028785 -0.00816907 0.0050018 0.00906744 0.0138499 -0.0127604 -0.00220634 -0.00917872 -0.00592916 -0.0036161 0.00438024
internal_weight=0 1018.08 989.421 429.785 372.548 645.535 285.596 233.087 137.659 259.458 170.327 139.46 147.938 559.636 85.1933 155.189 99.2549 130.353 82.421
internal_count=8063 4097 3966 1725 1496 2601 1149 935 553 1040 685 561 596 2241 342 622 398 523 331
is_linear=0
shrinkage=0.01


Tree=5
num_leaves=20
num_cat=0
split_feature=19 7 10 5 10 10 5 5 53 7 7 19 10 7 7 0 7 8 53
split_gain=1399.35 376.982 228.977 175.429 170.328 97.3312 90.1129 79.7542 56.2165 52.4505 46.5461 42.3052 32.5459 30.8797 27.1936 26.9141 26.7904 27.2068 25.9389
threshold=0.0038535788535788542 3.5000000000000004 447.50000000000006 1.0000000180025095e-35 130.50000000000003 153.50000000000003 1.0000000180025095e-35 1.0000000180025095e-35 45901.000000000007 3.5000000000000004 1.0000000180025095e-35 0.012579113924050636 679.50000000000011 2.5000000000000004 8.5000000000000018 12.500000000000002 4.5000000000000009 16.500000000000004 81603.000000000015
decision_type=2 2 2 2 2 2 2 2 2 2 2 2 2 2 2 2 2 2 2
left_child=2 5 3 10 11 -2 13 -6 -8 18 -1 -3 -4 -7 16 -10 -9 -18 -5
right_child=1 4 12 9 7 6 8 14 15 -11 -12 -13 -14 -15 -16 -17 17 -19 -20
leaf_value=0.010707103930545034 0.016104122943228757 0.0043386513111922228 -0.0099500423764217315 0.0027153232849912649 0.0032795147943530285 0.015279841303437933 0.010764712008992913 -0.015422432474300481 -0.014106978664262923 -0.012586885431920932 0.00022126074973154061 0.015561998528162074 -0.014870626791658841 -0.0016175275323808869 -0.014636375929124333 -1.4119701408295548e-05 -0.0076301787726661243 0.0044754732222988796 -0.0067053776642980456
leaf_weight=76.418743491172791 384.16015648841858 82.395925790071487 256.96733273565769 43.288716092705727 77.8808573782444 122.9290024638176 45.966524958610535 21.986810684204102 16.470068156719208 129.15469914674759 93.837600499391556 56.95585623383522 302.87079727649689 11.701071277260779 55.959459900856018 63.517605140805244 47.907510280609131 29.382148593664169 87.081955641508102
leaf_count=308 1552 331 1029 174 313 496 185 88 66 517 377 230 1212 47 224 255 192 118 349
internal_value=0 0.00827825 -0.00841783 -0.00292034 0.00026652 0.0129009 0.00814562 -0.00495749 0.0020443 -0.00808575 0.00495434 0.00898516 -0.0126286 0.0138104 -0.0090858 -0.003021 -0.00587001 -0.00302937 -0.00357968
internal_weight=0 1017.21 989.62 429.782 372.469 644.744 260.584 233.117 125.954 259.525 170.256 139.352 559.838 134.63 155.236 79.9877 99.2765 77.2897 130.371
internal_count=8063 4097 3966 1725 1496 2601 1049 935 506 1040 685 561 2241 543 622 321 398 310 523
is_linear=0
shrinkage=0.01


Tree=6
num_leaves=20
num_cat=0
split_feature=19 19 7 5 19 53 7 5 19 7 10 0 0 7 5 9 7 8 8
split_gain=1383.34 341.568 251.244 245.669 116.584 83.9136 71.4006 52.3059 47.8345 47.3098 42.9101 37.2811 38.6849 34.4002 29.9686 26.1832 25.8502 25.1898 24.858
threshold=0.0048426434032174852 0.0022701504844361993 3.5000000000000004 1.0000000180025095e-35 0.011561079925153704 26406.000000000004 1.0000000180025095e-35 1.0000000180025095e-35 0.0068260180784642634 8.5000000000000018 651.50000000000011 42.500000000000007 11.500000000000002 8.5000000000000018 1.0000000180025095e-35 2.5000000000000004 4.5000000000000009 16.500000000000004 15.500000000000002
decision_type=2 2 2 2 2 2 2 2 2 2 2 2 2 2 2 2 2 2 2
left_child=1 10 8 6 7 -5 -3 18 14 11 -1 12 -7 16 -2 -16 -9 -18 -4
right_child=2 3 4 5 -6 9 -8 13 -10 -11 -12 -13 -14 -15 15 -17 17 -19 -20
leaf_value=-0.0091568453317356496 0.013792799954320258 0.011908026334539398 -0.0018021812491183715 0.0037252057795225304 0.014320045686659866 -0.013582593983521256 0.0011919567702227544 -0.012126833924562635 0.016304031930228079 -0.016389610869100898 -0.014763079911648691 -0.017136655530880174 -0.003124178666011993 -0.011573641774974957 0.0018599747345090371 0.015140440901643648 -0.0034051503886622599 0.0080220769582953714 0.010261177188239098
leaf_weight=241.52990029752254 85.093082919716835 109.76433154940605 26.853593066334724 61.492312237620354 62.83577972650528 44.458024099469185 142.57959699630737 16.740689843893051 356.051124766469 67.722338035702705 332.18807674944401 30.478369414806366 165.92920860648155 46.714544266462326 59.96024876832962 19.0934087485075 46.141019031405449 32.04093000292778 45.246031135320663
leaf_count=967 344 443 108 247 254 178 573 67 1441 271 1329 122 665 187 241 77 185 129 182
internal_value=0 -0.00685735 0.0101435 -0.00172291 0.00243299 -0.00690498 0.0058749 -0.00109985 0.0142335 -0.00902719 -0.0124181 -0.00691229 -0.00537498 -0.00462237 0.00968802 0.00518072 -0.00113691 0.00131004 0.00579612
internal_weight=0 1196.14 796.77 622.424 276.573 370.08 252.344 213.737 520.198 308.588 573.718 240.866 210.387 141.637 164.147 79.0537 94.9226 78.1819 72.0996
internal_count=8010 4795 3215 2499 1112 1483 1016 858 2103 1236 2296 965 843 568 662 318 381 314 290
is_linear=0
shrinkage=0.01


Tree=7
num_leaves=20
num_cat=0
split_feature=19 10 7 5 19 53 7 5 19 7 10 0 0 7 5 9 7 8 8
split_gain=1356.89 334.613 246.945 235.144 114.48 81.0496 70.2782 51.2937 47.102 45.8978 43.073 37.0994 38.8374 33.7079 29.4643 25.736 25.3522 24.7114 24.3986
threshold=0.0048426434032174852 437.50000000000006 3.5000000000000004 1.0000000180025095e-35 0.011561079925153704 26406.000000000004 1.0000000180025095e-35 1.0000000180025095e-35 0.0068260180784642634 8.5000000000000018 651.50000000000011 42.500000000000007 11.500000000000002 8.5000000000000018 1.0000000180025095e-35 2.5000000000000004 4.5000000000000009 16.500000000000004 15.500000000000002
decision_type=2 2 2 2 2 2 2 2 2 2 2 2 2 2 2 2 2 2 2
left_child=1 3 8 6 7 -5 -1 18 14 11 -3 12 -7 16 -2 -16 -9 -18 -4
right_child=2 10 4 5 -6 9 -8 13 -10 -11 -12 -13 -14 -15 15 -17 17 -19 -20
leaf_value=0.01182243749842723 0.013675925237960889 -0.0090275430230093833 -0.0017844240194535492 0.0037312475669923758 0.014199811672478174 -0.013444760896110219 0.0011495520596461366 -0.012008229706238256 0.01617091057312834 -0.016163546648228392 -0.014613641090123745 -0.016963523826318463 -0.0029604352714699307 -0.011456704496512378 0.0018418399325617911 0.015015282967194406 -0.0033711099896545252 0.0079488675766703487 0.010168214893153399
leaf_weight=108.39945311844349 84.969173416495323 245.82293194532394 26.857135236263275 60.981448352336884 62.741033628582954 44.47234471142292 142.31906720995903 16.74443282186985 355.40184210240841 66.740354657173157 332.23663724958897 30.489206567406654 164.7012775093317 46.727099701762199 59.952604383230209 19.066477984189987 46.148477405309677 32.019746169447899 45.21019172668457
leaf_count=438 344 984 108 245 254 178 572 67 1441 267 1329 122 660 187 241 77 185 129 182
internal_value=0 -0.00678901 0.0100544 -0.00167023 0.00240988 -0.00675992 0.00578573 -0.00108936 0.0141138 -0.00885196 -0.012253 -0.00677138 -0.00522995 -0.00457706 0.00960184 0.00513278 -0.00112624 0.00129762 0.00574161
internal_weight=0 1196.16 795.838 618.103 276.448 367.385 250.719 213.707 519.39 306.403 578.06 239.663 209.174 141.64 163.988 79.0191 94.9127 78.1682 72.0673
internal_count=8010 4795 3215 2482 1112 1472 1010 858 2103 1227 2313 960 838 568 662 318 381 314 290
is_linear=0
shrinkage=0.01


Tree=8
num_leaves=20
num_cat=0
split_feature=10 19 5 7 19 7 7 53 19 5 19 5 7 0 0 7 8 7 7
split_gain=1308.34 363.337 269.168 248.134 132.143 85.8934 67.2847 57.0735 49.0917 49.0055 37.2806 28.8974 27.3186 27.1744 27.8439 26.1209 36.7483 24.857 24.1155
threshold=205.50000000000003 0.0022701504844361993 1.0000000180025095e-35 3.5000000000000004 0.011561079925153704 3.5000000000000004 2.5000000000000004 81603.000000000015 0.0068260180784642634 1.0000000180025095e-35 0.0015278847725097465 1.0000000180025095e-35 8.5000000000000018 13.500000000000002 42.500000000000007 4.5000000000000009 15.500000000000002 8.5000000000000018 2.5000000000000004
decision_type=2 2 2 2 2 2 2 2 2 2 2 2 2 2 2 2 2 2 2
left_child=3 10 6 8 9 7 -3 -4 11 -5 -2 18 15 -9 -15 -11 -17 -7 -1
right_child=1 2 5 4 -6 17 -8 13 -10 12 -12 -13 -14 14 -16 16 -18 -19 -20
leaf_value=0.014895139686574403 -0.01463634919044331 0.01057585947817713 0.00554424511746111 0.0049143008235579631 0.01461477753665851 -0.0086298951014917961 9.0900512894743075e-05 -0.014944529437725028 0.016036229894595692 -0.013040897289823369 -0.0093954482647075153 0.0048777409296626656 -0.011523724777163217 -0.0012425679741139 -0.01733700209871545 -0.0059607767491711428 0.0080358224009913042 -0.016277676796288176 -0.0050571525422904787
leaf_weight=77.400054141879082 333.49907286465168 154.44996520876884 63.650604501366615 71.539869710803032 63.870601996779442 108.96098640561104 101.0760760307312 26.491836130619049 353.97034972906113 16.746751517057419 240.14096529781818 78.489454478025436 45.487758442759514 77.580686822533607 11.749172478914259 39.667925328016281 34.245267227292061 73.4948660582304 6.2081079930067053
leaf_count=314 1334 624 256 288 259 436 406 106 1438 67 961 316 182 311 47 159 138 294 25
internal_value=0 -0.00673299 -0.00140581 0.00987199 0.00212598 -0.00694761 0.00644094 -0.00202126 0.0139389 -0.00175385 -0.0124576 0.00930573 -0.00526548 -0.00618794 -0.0034873 -0.00205604 0.000539815 -0.011765 0.0133815
internal_weight=0 1191.09 617.454 787.626 271.558 361.928 255.526 179.472 516.068 207.688 573.64 162.098 136.148 115.822 89.3299 90.6599 73.9132 182.456 83.6082
internal_count=7961 4775 2480 3186 1093 1450 1030 720 2093 834 2295 655 546 464 358 364 297 730 339
is_linear=0
shrinkage=0.01


Tree=9
num_leaves=20
num_cat=0
split_feature=10 19 5 7 19 7 7 53 5 19 19 7 5 7 8 0 0 7 8
split_gain=1283.48 356.005 263.934 243.939 129.862 84.1599 66.0671 55.9688 52.0808 48.3812 36.5798 30.9977 28.4325 26.6929 38.3578 26.6399 27.3239 24.3754 24.03
threshold=205.50000000000003 0.0022701504844361993 1.0000000180025095e-35 3.5000000000000004 0.012579113924050636 3.5000000000000004 2.5000000000000004 81603.000000000015 1.0000000180025095e-35 0.0068260180784642634 0.0015278847725097465 8.5000000000000018 1.0000000180025095e-35 4.5000000000000009 15.500000000000002 13.500000000000002 42.500000000000007 8.5000000000000018 3.5000000000000004
decision_type=2 2 2 2 2 2 2 2 2 2 2 2 2 2 2 2 2 2 2
left_child=3 10 6 9 8 7 18 -4 -5 12 -2 13 -1 -10 -15 -9 -17 -7 -3
right_child=1 2 5 4 -6 17 -8 15 11 -11 -12 -13 -14 14 -16 16 -18 -19 -20
leaf_value=0.013270452940915571 -0.014491340753131264 -0.0024600891893722275 0.0054916897133998402 0.0052559842792271492 0.01544062315548983 -0.0085431054973619334 8.9998781074707179e-05 -0.014797098311070261 -0.012609702886914693 0.01590890799741717 -0.0093002019360713013 -0.01157906945861319 0.0048312889295910365 -0.00575335749769603 0.0083718796187523068 -0.0012301925412856859 -0.017173165246616728 -0.016116084136952473 0.011668615840055834
leaf_weight=83.470122903585434 333.47556531429291 12.891032978892325 63.624517381191254 74.477925404906273 56.82938177883625 108.97485600411892 101.07548154890537 26.495750531554222 17.244051590561867 353.24487793445587 240.18185266852379 47.230948135256767 78.459104716777802 39.926106348633766 35.703352004289627 77.585141465067863 11.749867320060728 73.497035920619965 141.39325420558453
leaf_count=339 1334 52 256 300 231 436 406 106 69 1438 961 189 316 160 144 311 47 294 572
internal_value=0 -0.00666691 -0.00139263 0.00978655 0.00210581 -0.00687925 0.00638102 -0.0020024 -0.00146761 0.013824 -0.012333 -0.00505083 0.00922296 -0.00166411 0.000931805 -0.00612775 -0.00345379 -0.0116474 0.0104819
internal_weight=0 1190.94 617.287 786.586 271.412 361.927 255.36 179.455 214.582 515.174 573.657 140.104 161.929 92.8735 75.6295 115.831 89.335 182.472 154.284
internal_count=7961 4775 2480 3186 1093 1450 1030 720 862 2093 2295 562 655 373 304 464 358 730 624
is_linear=0
shrinkage=0.01


Tree=10
num_leaves=20
num_cat=0
split_feature=19 19 7 43 19 6 7 53 19 19 8 7 7 8 7 7 0 8 9
split_gain=1257.88 332.735 227.194 214.653 121.607 102.243 66.6256 62.7082 42.5182 42.3581 36.089 62.6887 85.3815 53.7401 32.4076 29.6938 24.5058 23.105 22.3437
threshold=0.0048426434032174852 0.0022701504844361993 3.5000000000000004 1.0000000180025095e-35 0.011561079925153704 1.0000000180025095e-35 2.5000000000000004 26406.000000000004 0.0015278847725097465 0.0072728234422934522 15.500000000000002 7.5000000000000009 4.5000000000000009 5.5000000000000009 8.5000000000000018 1.0000000180025095e-35 42.500000000000007 3.5000000000000004 2.5000000000000004
decision_type=2 2 2 2 2 2 2 2 2 2 2 2 2 2 2 2 2 2 2
left_child=1 8 9 5 10 7 17 -3 -1 15 13 12 -12 -4 16 -2 -9 -5 -17
right_child=2 3 4 6 -6 -7 -8 14 -10 -11 11 -13 -14 -15 -16 18 -18 -19 -20
leaf_value=-0.014299286292930842 0.014403663339210077 0.0020585614257164261 0.0026941288134298656 -0.0015874640547139047 0.014189704619231365 0.0096549308339555686 -0.00041887959344846321 -0.0064278449717299693 -0.0087492388132884135 0.01577639641906806 -0.012588855158263428 -0.0066185323619237825 0.014774742474351336 -0.011767317866262422 -0.015787935485042433 0.0038905927803354152 -0.01633872760956364 0.011693809137275699 0.014620113726857776
leaf_weight=332.16747026145458 80.190743282437325 54.232184857130051 44.890372008085251 14.394181489944456 65.617155700922012 36.658895492553711 95.87608140707016 192.74954132735729 245.46180111169815 329.64623461663723 13.972438931465147 42.829593926668167 51.302325040102005 58.613257274031639 65.989987879991531 86.393758460879326 28.494701415300369 127.99400325119495 24.650561034679413
leaf_count=1329 326 218 180 58 267 148 385 772 982 1345 56 172 207 235 264 349 114 518 100
internal_value=0 -0.00650739 0.00970189 -0.0013936 0.00237943 -0.00607344 0.006029 -0.00777961 -0.0119553 0.01359 -0.00132033 0.00271223 0.00884023 -0.00552125 -0.00963767 0.00977371 -0.00775566 0.0103499 0.00635529
internal_weight=0 1194.02 798.106 616.39 277.225 378.125 238.264 341.466 577.629 520.881 211.608 108.104 65.2748 103.504 287.234 191.235 221.244 142.388 111.044
internal_count=8025 4788 3237 2477 1117 1516 961 1368 2311 2120 850 435 263 415 1150 775 886 576 449
is_linear=0
shrinkage=0.01


Tree=11
num_leaves=20
num_cat=0
split_feature=19 19 5 7 19 7 53 7 19 19 5 5 8 7 7 8 5 0 0
split_gain=1234.13 326.118 269.624 223.427 119.457 73.8713 65.5879 56.4866 41.7789 41.7408 36.5471 34.9208 27.2764 25.7465 30.1805 26.1448 23.6792 22.6607 29.3364
threshold=0.0048426434032174852 0.0022701504844361993 1.0000000180025095e-35 3.5000000000000004 0.011561079925153704 8.5000000000000018 65397.000000000007 1.0000000180025095e-35 0.0072728234422934522 0.0015278847725097465 1.0000000180025095e-35 1.0000000180025095e-35 15.500000000000002 8.5000000000000018 4.5000000000000009 16.500000000000004 1.0000000180025095e-35 42.500000000000007 13.500000000000002
decision_type=2 2 2 2 2 2 2 2 2 2 2 2 2 2 2 2 2 2 2
left_child=1 9 7 8 10 6 -4 -3 11 -1 12 -2 -5 14 -12 -16 -11 18 -8
right_child=3 2 5 4 -6 -7 17 -9 -10 16 13 -13 -14 -15 15 -17 -18 -19 -20
leaf_value=-0.014160532632658958 0.013730775653269262 0.012068915148552142 0.0028126416877283632 -0.0027584760339608412 0.014075825821376869 -0.015711634520539221 -0.012446622873733118 0.0024609498975708814 0.015654614051933954 -0.0053588432680383383 -0.012889215282614917 0.0051150196933432458 0.0096804586945445654 -0.010307073285791498 -0.0033524310016023419 0.0083929932005465859 -0.011631219467176754 -0.015999842625390556 -0.0036003062537872006
leaf_weight=332.07587338984013 100.59266677498817 107.61700136959553 85.345333889126778 29.835354328155518 65.493284985423088 73.972343593835831 52.994019687175751 141.70005242526531 328.89818315207958 117.23671512305737 17.246973842382431 90.418287619948387 41.39331716299057 46.246165335178375 45.430195152759552 31.416585102677345 128.24410377442837 27.242990806698799 127.32968074083328
leaf_count=1329 410 437 343 120 267 296 212 570 1345 469 69 365 167 185 182 127 513 109 510
internal_value=0 -0.00644397 -0.00138028 0.00961912 0.00235709 -0.00682761 -0.00454931 0.00663218 0.01348 -0.0118376 -0.00130782 0.00968865 0.00449598 -0.00426182 -0.00123208 0.00148438 -0.00866134 -0.00757555 -0.00624125
internal_weight=0 1193.76 616.201 796.971 277.062 366.884 292.912 249.317 519.909 577.557 211.569 191.011 71.2287 140.34 94.0938 76.8468 245.481 207.567 180.324
internal_count=8025 4788 2477 3237 1117 1470 1174 1007 2120 2311 850 775 287 563 378 309 982 831 722
is_linear=0
shrinkage=0.01


Tree=12
num_leaves=20
num_cat=0
split_feature=19 7 19 5 10 5 10 5 7 8 53 7 7 7 7 8 10 0 0
split_gain=1216.31 289.906 232.324 190.861 131.793 85.7134 82.8236 63.0757 49.7314 41.4976 37.0982 36.7195 34.4127 34.2578 30.99 47.4948 28.736 25.8641 23.5355
threshold=0.0040080321285140569 3.5000000000000004 0.0020898664407194207 1.0000000180025095e-35 87.500000000000014 1.0000000180025095e-35 153.50000000000003 1.0000000180025095e-35 3.5000000000000004 4.5000000000000009 81603.000000000015 8.5000000000000018 2.5000000000000004 2.5000000000000004 4.5000000000000009 16.500000000000004 679.50000000000011 10.500000000000002 41.500000000000007
decision_type=2 2 2 2 2 2 2 2 2 2 2 2 2 2 2 2 2 2 2
left_child=2 6 16 13 -3 -6 -2 12 10 -9 -5 14 -8 -4 -7 -16 -1 -11 -19
right_child=1 4 3 8 5 11 7 9 -10 17 -12 -13 -14 -15 15 -17 -18 18 -20
leaf_value=-0.0093382617618406657 0.015216665542090483 0.013576712239631843 0.0080227765817633533 0.0031098123678563721 0.0054695350998370017 -0.012820611318332998 0.014361512103849228 -0.010935372762121023 -0.011735069498821075 -0.0092289849760133734 -0.007132985115856849 -0.011742321236761243 -0.0035009005510014115 -0.00049589841651041062 -0.0057230085194460191 0.008433971380672825 -0.014208036062705797 0.0082795944941154928 -0.01206021694295039
leaf_weight=213.98353452980518 376.43161994218826 66.349387213587761 126.40861792862415 52.935292914509773 100.28493079543114 22.99364823102951 108.41827175021172 19.161220014095306 150.70189075171947 10.70289261639118 103.64394429326057 68.478771686553955 11.674416124820707 74.946557462215424 58.683529630303383 38.652178391814232 303.72171592712402 77.695798635482788 5.4755146503448477
leaf_count=856 1542 271 512 213 404 92 442 77 603 43 415 274 47 301 235 156 1216 313 22
internal_value=0 0.00813165 -0.00750051 -0.00269422 0.000950162 -0.00197563 0.0123129 0.00759012 -0.00764548 0.00220414 -0.00367187 -0.00593617 0.012614 0.00486205 -0.00257916 -7.95437e-05 -0.0122118 0.00495215 0.00684383
internal_weight=0 965.002 1026.34 508.636 355.442 289.093 609.56 233.128 307.281 113.035 156.579 188.808 120.093 201.355 120.329 97.3357 517.705 93.8742 83.1713
internal_count=8034 3918 4116 2044 1432 1161 2486 944 1231 455 628 757 489 813 483 391 2072 378 335
is_linear=0
shrinkage=0.01


Tree=13
num_leaves=20
num_cat=0
split_feature=19 7 19 5 10 5 10 5 7 8 53 7 7 7 7 8 10 0 0
split_gain=1193.19 284.971 227.791 187.111 129.445 84.0498 81.6695 62.0462 48.7636 40.6834 36.3617 35.9998 33.8462 33.6245 30.3998 46.5825 28.2361 25.3762 23.1116
threshold=0.0040080321285140569 3.5000000000000004 0.0020898664407194207 1.0000000180025095e-35 87.500000000000014 1.0000000180025095e-35 153.50000000000003 1.0000000180025095e-35 3.5000000000000004 4.5000000000000009 81603.000000000015 8.5000000000000018 2.5000000000000004 2.5000000000000004 4.5000000000000009 16.500000000000004 679.50000000000011 10.500000000000002 41.500000000000007
decision_type=2 2 2 2 2 2 2 2 2 2 2 2 2 2 2 2 2 2 2
left_child=2 6 16 13 -3 -6 -2 12 10 -9 -5 14 -8 -4 -7 -16 -1 -11 -19
right_child=1 4 3 8 5 11 7 9 -10 17 -12 -13 -14 -15 15 -17 -18 18 -20
leaf_value=-0.0092455040246716483 0.015100898205867543 0.013469049263759506 0.0079498518197135843 0.0030798548144031911 0.0054177367686713629 -0.012698892768339966 0.014247487685912039 -0.010823712630986937 -0.01161995289252152 -0.0091390193149306926 -0.0070613012912884967 -0.011628264130412591 -0.0034671303790851748 -0.00049097471863437947 -0.005665590130303615 0.0083574056265997062 -0.014073082645771458 0.0082031462993596808 -0.011948685172933347
leaf_weight=213.97668716311455 375.5345574170351 66.217654138803482 126.29998292028904 52.923115208745003 100.238774523139 22.989179193973541 108.20024399459362 19.173052296042442 150.68051655590534 10.707599118351935 103.65676026046276 68.466432854533195 11.677600905299185 74.948837637901306 58.693101301789284 38.62330549955368 303.5758695602417 77.642996951937675 5.4784097075462332
leaf_count=856 1542 271 512 213 404 92 442 77 603 43 415 274 47 301 235 156 1216 313 22
internal_value=0 0.00806178 -0.00742777 -0.00266806 0.000941196 -0.00195685 0.0122129 0.00752186 -0.00756992 0.00218117 -0.00363532 -0.00587879 0.0125109 0.00481627 -0.00255449 -7.85392e-05 -0.0120936 0.00490396 0.00677911
internal_weight=0 963.643 1026.06 508.509 355.228 289.011 608.414 232.88 307.26 113.002 156.58 188.772 119.878 201.249 120.306 97.3164 517.553 93.829 83.1214
internal_count=8034 3918 4116 2044 1432 1161 2486 944 1231 455 628 757 489 813 483 391 2072 378 335
is_linear=0
shrinkage=0.01


Tree=14
num_leaves=20
num_cat=0
split_feature=10 10 5 7 19 7 53 7 5 19 10 5 7 5 9 7 7 53 7
split_gain=1210.22 309.678 241.049 215.433 103.746 68.827 61.8895 54.4667 49.4318 44.0458 42.2802 35.0299 34.2881 28.344 26.8721 23.7377 19.9527 19.726 18.9587
threshold=205.50000000000003 402.50000000000006 1.0000000180025095e-35 3.5000000000000004 0.012579113924050636 3.5000000000000004 81603.000000000015 2.5000000000000004 1.0000000180025095e-35 0.0068260180784642634 613.50000000000011 1.0000000180025095e-35 8.5000000000000018 1.0000000180025095e-35 2.5000000000000004 4.5000000000000009 2.5000000000000004 11730.500000000002 10.500000000000002
decision_type=2 2 2 2 2 2 2 2 2 2 2 2 2 2 2 2 2 2 2
left_child=3 2 7 9 8 6 -4 -2 -5 13 11 -3 15 16 17 -10 -1 -15 -9
right_child=1 10 5 4 -6 -7 -8 18 12 -11 -12 -13 -14 14 -16 -17 -18 -19 -20
leaf_value=0.014388914289461624 0.010646773042215524 -0.004056204998790911 0.0061524512462994632 0.0057134984298282485 0.014243771812536435 -0.011061392387665561 -0.0064464725433691422 0.0021091577148612544 -0.010736700772371101 0.015297199180719478 -0.013428814716275351 -0.011494427959719901 -0.010922534049142271 0.012411366306815438 0.014954780484101163 0.0018350095263078726 -0.0038482543215736819 -0.0014683093211103938 -0.01470904151990551
leaf_weight=77.004235684871674 139.38452351093292 118.24513174593449 59.573392257094383 75.286230191588402 57.228987440466881 166.37342609465122 109.61988013982773 89.821983173489571 17.977893322706223 355.24824164807796 369.11193941533566 138.68846355378628 49.45490263402462 12.11927320063114 18.439880654215813 75.026535242795944 6.1942090541124335 49.423934206366539 6.4836243838071814
leaf_count=316 567 474 240 304 235 666 439 361 72 1463 1479 555 198 49 75 302 25 199 26
internal_value=0 -0.00639777 -0.00107071 0.0095209 0.00235694 -0.00650878 -0.00200271 0.00666786 -0.00080574 0.0133117 -0.0112515 -0.00809321 -0.00426299 0.00893852 0.00462245 -0.000662189 0.0130087 0.00138252 0.000871006
internal_weight=0 1197.3 571.257 793.404 274.975 335.567 169.193 235.69 217.746 518.43 626.046 256.934 142.459 163.182 79.9831 93.0044 83.1984 61.5432 96.3056
internal_count=8045 4807 2299 3238 1111 1345 679 954 876 2127 2508 1029 572 664 323 374 341 248 387
is_linear=0
shrinkage=0.01


end of trees

feature_importances:
Column_7=90
Column_5=44
Column_19=42
Column_10=34
Column_0=24
Column_8=21
Column_53=18
Column_9=7
Column_20=2
Column_6=1
Column_43=1
Column_55=1

parameters:
[boosting: gbdt]
[objective: binary]
[metric: auc,l2]
[tree_learner: serial]
[device_type: cpu]
[linear_tree: 0]
[data: ]
[valid: ]
[num_iterations: 200]
[learning_rate: 0.01]
[num_leaves: 20]
[num_threads: -1]
[deterministic: 0]
[force_col_wise: 0]
[force_row_wise: 0]
[histogram_pool_size: -1]
[max_depth: 7]
[min_data_in_leaf: 20]
[min_sum_hessian_in_leaf: 0.001]
[bagging_fraction: 0.844333]
[pos_bagging_fraction: 1]
[neg_bagging_fraction: 1]
[bagging_freq: 2]
[bagging_seed: 3]
[feature_fraction: 0.971064]
[feature_fraction_bynode: 1]
[feature_fraction_seed: 2]
[extra_trees: 0]
[extra_seed: 6]
[early_stopping_round: 2]
[first_metric_only: 0]
[max_delta_step: 0]
[lambda_l1: 0]
[lambda_l2: 0.757042]
[linear_lambda: 0]
[min_gain_to_split: 0]
[drop_rate: 0.1]
[max_drop: 50]
[skip_drop: 0.5]
[xgboost_dart_mode: 0]
[uniform_drop: 0]
[drop_seed: 4]
[top_rate: 0.2]
[other_rate: 0.1]
[min_data_per_group: 100]
[max_cat_threshold: 32]
[cat_l2: 10]
[cat_smooth: 10]
[max_cat_to_onehot: 4]
[top_k: 20]
[monotone_constraints: ]
[monotone_constraints_method: basic]
[monotone_penalty: 0]
[feature_contri: ]
[forcedsplits_filename: ]
[refit_decay_rate: 0.9]
[cegb_tradeoff: 1]
[cegb_penalty_split: 0]
[cegb_penalty_feature_lazy: ]
[cegb_penalty_feature_coupled: ]
[path_smooth: 0]
[interaction_constraints: ]
[verbosity: -1]
[saved_feature_importance_type: 0]
[max_bin: 255]
[max_bin_by_feature: ]
[min_data_in_bin: 3]
[bin_construct_sample_cnt: 200000]
[data_random_seed: 1]
[is_enable_sparse: 1]
[enable_bundle: 1]
[use_missing: 1]
[zero_as_missing: 0]
[feature_pre_filter: 1]
[pre_partition: 0]
[two_round: 0]
[header: 0]
[label_column: ]
[weight_column: ]
[group_column: ]
[ignore_column: ]
[categorical_feature: ]
[forcedbins_filename: ]
[objective_seed: 5]
[num_class: 1]
[is_unbalance: 0]
[scale_pos_weight: 1]
[sigmoid: 1]
[boost_from_average: 1]
[reg_sqrt: 0]
[alpha: 0.9]
[fair_c: 1]
[poisson_max_delta_step: 0.7]
[tweedie_variance_power: 1.5]
[lambdarank_truncation_level: 30]
[lambdarank_norm: 1]
[label_gain: ]
[eval_at: ]
[multi_error_top_k: 1]
[auc_mu_weights: ]
[num_machines: 1]
[local_listen_port: 12400]
[time_out: 120]
[machine_list_filename: ]
[machines: ]
[gpu_platform_id: -1]
[gpu_device_id: -1]
[gpu_use_dp: 0]
[num_gpu: 1]

end of parameters

pandas_categorical:null
