tree
version=v3
num_class=1
num_tree_per_iteration=1
label_index=0
max_feature_idx=41
objective=binary sigmoid:1
feature_names=Column_0 Column_1 Column_2 Column_3 Column_4 Column_5 Column_6 Column_7 Column_8 Column_9 Column_10 Column_11 Column_12 Column_13 Column_14 Column_15 Column_16 Column_17 Column_18 Column_19 Column_20 Column_21 Column_22 Column_23 Column_24 Column_25 Column_26 Column_27 Column_28 Column_29 Column_30 Column_31 Column_32 Column_33 Column_34 Column_35 Column_36 Column_37 Column_38 Column_39 Column_40 Column_41
feature_infos=[0:75] [-6847:81204] [0:2] [0:11] [0:3] [0:1] [0:1] [0:11] [0:30] [0:35] [3:3880] [0:81204] [3:3880] [-6641:81883] [-627:5250.75] [-627:14524832] [-79551:80943] [-3448:3788] [-1:inf] [0.00025773048400878906:0.333251953125] [-44.857143402099609:2131] [-1171:inf] [0:1] [0:1] none [0:1] [0:1] [0:1] [0:1] [0:1] [0:1] [0:1] [0:1] [0:1] [0:1] [0:1] [0:1] [-6847:81204] none [0:1] none [0:1]
tree_sizes=5756 5824 5240 5519 4916 6012 5041 4395 5129 5646 4548 3804 3790 6096 4000 4940 5461 3058 2642 4087

Tree=0
num_leaves=54
num_cat=0
split_feature=19 19 5 7 19 7 13 7 5 19 19 5 7 7 8 7 7 8 20 7 8 0 9 5 8 8 6 0 19 17 8 5 8 13 6 19 8 19 16 0 14 15 19 0 19 18 2 8 15 0 0 17 2
split_gain=1607.43 435.923 352.798 313.482 156.169 107.614 78.1672 71.0158 64.0968 61.9465 52.8621 47.2431 37.3208 42.3804 28.7959 27.9473 27.241 26.0447 25.289 25.0731 24.5909 22.6949 21.9253 20.2134 20.1315 17.8829 14.1688 14.0769 13.0828 10.5644 8.09886 7.40278 7.28764 6.54846 6.49754 5.92802 5.91257 5.63092 5.18208 5.1112 5.01194 4.85299 4.19911 3.96855 3.58345 3.56358 6.0068 2.49533 1.87171 1.46609 1.41729 0.575349 0.402092
threshold=0.0048427581787109384 0.0022706985473632817 1.0000000180025095e-35 3.5000000000000004 0.011562347412109377 3.5000000000000004 599.50000000000011 1.0000000180025095e-35 1.0000000180025095e-35 0.0065135955810546884 0.0015277862548828127 1.0000000180025095e-35 8.5000000000000018 4.5000000000000009 15.500000000000002 10.500000000000002 8.5000000000000018 20.500000000000004 0.29325546324253088 2.5000000000000004 26.500000000000004 13.500000000000002 1.5000000000000002 1.0000000180025095e-35 21.500000000000004 5.5000000000000009 1.0000000180025095e-35 12.500000000000002 0.0020904541015625004 237.50000000000003 3.5000000000000004 1.0000000180025095e-35 28.500000000000004 361.50000000000006 1.0000000180025095e-35 0.012901306152343752 14.500000000000002 0.0012507438659667971 -97.499999999999986 6.5000000000000009 1543.0398559570315 1525827.5000000002 0.0073814392089843759 16.500000000000004 0.0034780502319335942 0.00053276566904969524 1.0000000180025095e-35 3.5000000000000004 12650516.500000002 27.500000000000004 46.500000000000007 -21.499999999999996 1.0000000180025095e-35
decision_type=2 2 2 2 2 2 2 2 2 2 2 2 2 2 2 2 2 2 2 2 2 2 2 2 2 2 2 2 2 10 2 2 2 2 2 2 2 2 8 2 2 2 2 2 2 2 2 2 2 2 2 8 2
left_child=1 10 7 9 8 6 27 29 14 11 37 19 13 -10 25 24 20 -16 -13 47 -7 -8 -20 28 -9 -5 41 -4 34 44 31 -11 -14 -33 -12 36 -6 50 -30 -32 -28 -25 -41 -31 -3 51 -47 -2 -37 -18 52 -39 -1
right_child=3 2 5 4 35 16 21 15 12 30 23 18 32 -15 17 -17 49 -19 22 -21 -22 -23 -24 26 -26 -27 40 -29 38 43 39 33 -34 -35 -36 48 -38 45 -40 42 -42 -43 -44 -45 -46 46 -48 -49 -50 -51 -52 -53 -54
leaf_value=-0.20047725478502298 0.27405384328162197 0.35127746395849752 0.036592788000390911 0.24146847646101255 0.11383381138406765 -0.11184091736865139 -0.17146924940533526 0.22740641483602392 -0.18767307936701244 0.43035264831026054 -0.070174820912548216 0.41546062094546066 -0.15209622646043847 0.14325376690550065 0.4109437549930603 -0.19530562049543987 -0.19681053069260451 0.088344941015511491 0.041815128276193311 0.040409095491664382 0.15725450203910177 0.025506744792149788 0.29406413703318285 -0.013928668564718319 0.046036587184646552 -0.0604392241443414 -0.034607573437356168 0.27702399605994699 0.019752302478687839 0.096267739832689381 0.26441741158586168 0.36249304698547941 0.081984159597721956 0.082808400333422461 0.075708039086113746 0.46082485907410492 0.39758494414088613 -0.0896622209326393 0.20210147816547486 0.39952191249108843 0.20612551016622438 -0.16387288497681629 0.47481021249615102 0.31732984370077461 0.437255758611787 -0.069522411711525081 -0.18984832770875709 0.45438489201101312 0.31729575614187039 -0.28348861416495758 -0.086957698745374359 -0.22662167208189149 -0.24023552350592847
leaf_weight=123.81970372796059 4.9826842546463004 49.577708333730698 11.211039572954176 13.70238170027733 5.2318184673786146 102.14502722024918 30.892642378807068 121.07922738790512 18.435931742191315 15.446321189403534 87.446108669042587 14.948052763938902 47.584634631872177 81.217753350734711 35.377058207988739 7.224892169237136 50.823379397392273 13.702381700277327 39.114071398973465 6.4774895310401908 15.446321189403532 95.169269263744354 20.429005444049835 11.211039572954176 30.145239740610123 16.691992253065109 6.97575795650482 59.04480841755867 11.211039572954176 6.97575795650482 6.4774895310401908 5.7300868928432465 6.2283553183078757 6.7266237437725067 14.698918551206587 52.567318886518478 5.9792211055755615 5.2318184673786163 12.456710636615755 49.826842546463013 5.7300868928432465 114.35260364413261 328.85716080665588 5.2318184673786163 55.058661013841629 42.601950377225876 34.131387144327164 68.511908501386642 7.474026381969451 28.152166038751602 6.9757579565048209 32.636581867933273 108.12424832582474
leaf_count=497 20 199 45 55 21 410 124 486 74 62 351 60 191 326 142 29 204 55 157 26 62 382 82 45 121 67 28 237 45 28 26 23 25 27 59 211 24 21 50 200 23 459 1320 21 221 171 137 275 30 113 28 131 434
internal_value=0.117833 -0.0255635 0.0864605 0.326122 0.162164 -0.0350841 0.0699238 0.259873 0.0827209 0.413849 -0.146597 0.304462 0.00737497 0.0804127 0.227926 0.172242 -0.139444 0.321688 0.188891 0.410638 -0.0764707 -0.0240291 0.129352 -0.0779687 0.191096 0.0753997 -0.130961 0.238255 -0.0187274 0.377728 0.454388 0.33979 -0.125772 0.217343 -0.0495902 0.419803 0.27236 -0.197398 0.115406 0.462293 0.0729499 -0.15125 0.465415 0.196421 0.39825 -0.155507 -0.125228 0.44367 0.445339 -0.230802 -0.216677 -0.211608 -0.219982
internal_weight=0 1285.78 668.178 871.721 304.193 392.885 196.318 275.293 232.94 567.528 617.604 154.463 153.467 99.6537 79.4738 158.449 196.567 49.0794 74.4911 79.9721 117.591 126.062 59.5431 264.082 151.224 30.3944 138.269 70.2558 125.813 116.844 413.065 27.903 53.813 12.4567 102.145 71.2524 11.211 353.521 23.6678 385.161 12.7058 125.564 378.684 12.2076 104.636 114.602 76.7333 73.4946 60.0413 78.9755 238.92 37.8684 231.944
internal_count=8660 5161 2682 3499 1221 1577 788 1105 935 2278 2479 620 616 400 319 636 789 197 299 321 472 506 239 1060 607 122 555 282 505 469 1658 112 216 50 410 286 45 1419 95 1546 51 504 1520 49 420 460 308 295 241 317 959 152 931
is_linear=0
shrinkage=1


Tree=1
num_leaves=55
num_cat=0
split_feature=12 12 5 7 12 1 7 12 12 0 12 7 5 29 7 5 8 7 8 8 9 1 7 7 7 7 8 8 6 8 8 7 12 0 1 14 12 7 5 0 14 15 16 8 7 1 2 12 16 12 8 12 23 2
split_gain=1103.41 282.103 216.081 206.379 99.476 60.0921 50.2007 43.0337 39.898 34.0714 32.5491 31.2714 28.356 27.887 27.5614 24.8816 21.6419 21.1007 27.2017 24.635 20.2485 17.3692 16.5259 19.6043 16.4879 12.0628 10.9056 13.5709 10.3302 9.94838 9.15716 8.25804 12.0398 9.11956 6.83392 6.73527 6.60656 6.45133 7.3007 6.16783 6.02018 5.81454 5.70002 4.92287 4.50729 3.7547 3.66669 2.79204 2.13046 1.2788 1.04598 1.28393 0.668412 0.2
threshold=205.50000000000003 410.50000000000006 1.0000000180025095e-35 3.5000000000000004 130.50000000000003 111.50000000000001 2.5000000000000004 153.50000000000003 613.50000000000011 42.500000000000007 76.500000000000014 8.5000000000000018 1.0000000180025095e-35 1.0000000180025095e-35 3.5000000000000004 1.0000000180025095e-35 3.5000000000000004 7.5000000000000009 6.5000000000000009 15.500000000000002 2.5000000000000004 30.500000000000004 10.500000000000002 4.5000000000000009 2.5000000000000004 8.5000000000000018 15.500000000000002 20.500000000000004 1.0000000180025095e-35 16.500000000000004 3.5000000000000004 1.0000000180025095e-35 520.50000000000011 12.500000000000002 866.50000000000011 1483.0361328125002 376.50000000000006 1.5000000000000002 1.0000000180025095e-35 7.5000000000000009 1517.606628417969 6048852.0000000009 -298.49999999999994 3.5000000000000004 8.5000000000000018 117.50000000000001 1.0000000180025095e-35 888.50000000000011 -538.49999999999989 1172.0000000000002 22.500000000000004 69.500000000000014 1.0000000180025095e-35 1.0000000180025095e-35
decision_type=2 2 2 2 2 2 2 2 2 2 2 2 2 2 2 2 2 2 2 2 2 2 2 2 2 2 2 2 2 2 2 2 2 2 2 2 2 2 2 2 2 2 10 2 2 2 2 2 10 2 2 2 2 2
left_child=3 2 6 7 10 14 16 30 15 11 50 -7 26 20 42 31 41 19 -19 -12 21 -9 23 -8 43 29 40 -28 34 -14 37 32 -3 -33 -17 -10 -18 38 -1 -32 -6 -2 -4 -15 -16 -30 47 -37 -27 -48 51 -5 -41 -22
right_child=1 8 5 4 12 9 22 13 35 -11 17 -13 25 24 44 28 36 18 -20 -21 53 -23 -24 -25 -26 48 27 -29 45 -31 39 33 -34 -35 -36 46 -38 -39 -40 52 -42 -43 -44 -45 -46 -47 49 -49 -50 -51 -52 -53 -54 -55
leaf_value=0.31357548596363671 -0.19075512607021436 0.05634850412632067 0.20336410644073388 0.3123876972621793 0.099406851744170077 -0.092433662833710947 -0.12628572160031684 0.2488826566593812 -0.060530062966122601 -0.32742217077023611 -0.11068901687681013 -0.26147791426892603 -0.15183084857920376 0.072643863539959608 -0.048937326921292046 -0.17526131498785313 0.23539498995570651 0.19964212393861794 -0.1020405792265246 0.27004233858979415 0.30002328502968406 -0.041672655508871129 -0.260434946984336 0.087808968247055183 -0.03741997388249068 -0.13416545988404929 0.22691885275877982 -0.069642435620429433 -0.16499984163373374 0.0077769925268547707 0.12371965127762026 -0.28509622901465481 -0.1209821801509756 -0.09246985427699829 -0.27188682258140817 -0.20761409786587226 0.086913802694321307 -0.012517498126015304 0.074276448750158305 0.30891699385347088 -0.13747153792819608 0.068411016474003716 0.051649985623075816 0.28729144243334376 -0.22500822159566433 0.04231698827831256 -0.26340785046517684 -0.2599797099991969 -0.26424192268463792 -0.32305307862753058 0.18826055274444611 0.1893371732502234 0.27432566226611133 0.18427192625502148
leaf_weight=12.65496522188187 5.6435081064701063 31.700765237212181 26.576906651258469 37.600934356451035 5.7143241167068508 201.66798441112041 21.773335471749306 9.3230805993080121 7.930419608950614 40.181604102253914 8.1978999972343427 55.829183369874954 36.044632643461227 5.1493083983659735 16.933547601103786 69.048193842172623 121.09647576510906 17.349669843912125 34.876823499798775 31.826646953821182 9.458092048764227 46.102019786834717 7.4289317429065695 71.710095435380936 7.476061522960662 9.2058958411216718 18.459628835320476 8.7329492717981321 4.9574816673994055 27.083366721868515 9.461979150772093 11.959893003106115 28.464085340499878 50.827641546726227 61.155288830399513 115.85385754704475 14.443120136857031 6.0704445838928214 9.1124340295791626 252.28434757888317 12.893470287322996 7.127266451716423 16.474575892090797 63.658355504274368 8.6259616464376432 8.709688261151312 137.45780518651009 99.28179033100605 24.865158721804619 35.48553729057312 9.5072258710861188 8.0907529890537244 100.27319133281708 5.82442383468151
leaf_count=53 23 128 108 158 23 810 88 39 32 162 33 226 145 21 68 278 500 70 141 130 39 186 30 290 30 37 77 35 20 109 39 48 114 204 246 466 59 25 37 1065 52 29 67 267 35 35 556 401 100 144 40 34 423 24
internal_value=0 -0.118085 -0.0205405 0.178252 0.0423088 -0.118203 0.122929 0.251657 -0.208554 -0.157029 0.15724 -0.129664 -0.0763785 0.158255 0.0501402 -0.148113 0.196709 0.0835474 -0.000571193 0.191526 0.0668324 0.00957342 0.0139162 0.0374041 0.241684 -0.137215 0.0528457 0.132289 -0.204498 -0.0839882 0.286544 -0.0813899 -0.0279524 -0.131765 -0.221796 -0.248961 0.220074 0.169062 0.218571 0.295252 -0.0638077 -0.04989 0.146977 0.272077 -0.112558 -0.0370501 -0.252702 -0.232507 -0.232338 -0.276837 0.277937 0.293628 0.299614 0.265433
internal_weight=0 1278.34 615.512 827.298 290.449 366.29 249.223 536.849 662.832 297.679 147.45 257.497 142.999 146.991 68.611 266.823 148.31 92.251 52.2265 40.0245 70.7076 55.4251 100.912 93.4834 76.2837 97.1991 45.8004 27.1926 143.871 63.128 389.857 122.952 60.1649 62.7875 130.203 396.009 135.54 27.8378 21.7674 362.02 18.6078 12.7708 43.0515 68.8077 25.5595 13.6672 388.079 215.136 34.0711 172.943 55.1989 45.6917 352.558 15.2825
internal_count=8599 5167 2495 3432 1184 1476 1019 2248 2672 1198 606 1036 578 606 278 1073 611 374 211 163 288 225 408 378 318 391 187 112 579 254 1642 494 242 252 524 1599 559 115 90 1527 75 52 175 288 103 55 1567 867 137 700 232 192 1488 63
is_linear=0
shrinkage=0.2


Tree=2
num_leaves=49
num_cat=0
split_feature=19 12 5 12 5 20 9 0 19 8 12 0 0 11 12 6 0 0 0 5 0 23 15 23 0 20 14 4 18 27 0 16 6 18 19 14 4 14 20 23 13 0 21 8 14 8 8 15
split_gain=753.52 172.001 141.073 116.616 67.9247 58.3977 29.0581 27.4346 25.4633 22.165 22.0293 19.8648 18.3666 17.3487 16.2066 16.0057 14.1082 13.664 12.9021 11.6289 11.1162 10.846 9.71286 9.57955 9.49694 8.20264 7.0099 6.4203 6.28165 6.16313 5.59717 5.34631 4.69816 4.4086 4.11415 4.06567 3.95281 6.31189 3.85833 2.96936 2.74894 2.63279 2.59715 1.63784 4.13524 1.32617 1.07626 0.452198
threshold=0.0038528442382812504 134.50000000000003 1.0000000180025095e-35 437.50000000000006 1.0000000180025095e-35 0.5881468951702119 2.5000000000000004 42.500000000000007 0.012577056884765627 3.5000000000000004 651.50000000000011 11.500000000000002 41.500000000000007 974.50000000000011 348.50000000000006 1.0000000180025095e-35 6.5000000000000009 40.500000000000007 41.500000000000007 1.0000000180025095e-35 11.500000000000002 1.0000000180025095e-35 4315666.0000000009 1.0000000180025095e-35 39.500000000000007 3.8290764093399052 1645.8510742187502 1.5000000000000002 0.0065574476029723891 1.0000000180025095e-35 12.500000000000002 -362.49999999999994 1.0000000180025095e-35 0.0013183921691961589 0.0021438598632812504 1513.3911132812502 1.5000000000000002 1508.6467285156252 0.39166870713233953 1.0000000180025095e-35 665.50000000000011 11.500000000000002 1.3329932093620303 4.5000000000000009 1519.0397949218752 13.500000000000002 1.5000000000000002 11159066.000000002
decision_type=2 2 2 2 2 2 2 2 2 2 2 2 2 2 2 2 2 2 2 2 2 2 2 2 2 2 2 2 2 2 2 10 2 2 2 2 2 2 2 2 2 2 2 2 2 2 2 2
left_child=3 8 13 4 9 18 15 11 12 25 19 38 16 28 -13 -7 -2 27 23 22 -8 -18 26 -4 29 40 -5 -11 30 -15 -3 -30 35 43 -24 -21 41 -38 -6 -14 -1 -35 -34 44 -12 -45 -10 -48
right_child=1 2 5 10 7 6 20 -9 46 17 33 14 39 24 -16 -17 21 -19 -20 32 -22 -23 34 -25 -26 -27 -28 -29 31 -31 -32 -33 42 36 -36 -37 37 -39 -40 -41 -42 -43 -44 45 -46 -47 47 -49
leaf_value=-0.12393123385091948 -0.090529572483001197 0.12738315992530425 0.22639284465916265 0.095487846080947028 -0.056587298305196931 -0.12608658521184857 -0.17040062976196402 -0.27646607714299842 0.149766460567934 0.0793783514729033 -0.076026048388443596 -0.00246946522123521 0.045122369575103398 0.068745055935372848 -0.1238515591088063 0.070142406101318153 0.22692376526402655 -0.19393286608787333 -0.14683061443863846 -0.12263985186345086 0.14320668589608634 0.13672036149014224 -0.14128886468445054 0.059011390754387931 -0.16623911841706329 -0.32825291557164116 -0.073171184726966071 0.19499501373699035 0.20164794987286153 0.20293096913743303 0.25059811490312106 0.071762897963642436 -0.1364640831845097 -0.26550280044322294 -0.011526696997084968 -0.2080116287008775 0.065805930760105838 -0.15792325231653304 -0.22027116376989986 -0.13175196904561734 0.050775056420921422 -0.18254157734889045 0.0387815799272705 -0.27286163269114899 -0.24068089879016516 -0.22200905302711976 0.2816449299391045 0.23842202174155594
leaf_weight=7.590396463871004 6.8341048359870902 20.299994468688965 33.990743353962898 16.102305874228477 7.4025224000215522 198.15956598520279 4.8194167315959957 31.328221648931503 5.621755138039588 120.38090682029724 11.201158612966539 115.31055197119713 6.832887336611746 54.525852292776108 70.508489340543747 17.726514250040054 149.63403615355492 6.0789112746715537 5.5660120993852606 35.291789352893829 27.059826791286469 89.548202157020569 72.948986262083054 23.600488558411598 5.0125481337308875 5.6451132148504248 23.254874959588051 22.855713710188866 27.282789036631584 18.249327510595322 89.979744210839272 25.259911298751831 6.2128753066062909 22.501635253429413 11.412853702902792 85.64946436882019 5.9518290609121349 23.821639284491539 38.581367418169975 7.217071920633316 5.8846225142478943 107.42207996547222 6.2052594125270844 54.13170625269413 15.454188510775564 99.289357960224152 146.8865380436182 46.847274243831635
leaf_count=31 28 88 145 65 30 810 20 131 25 504 47 471 29 232 288 73 671 25 23 146 114 391 295 98 21 23 94 97 119 81 391 110 25 95 46 355 25 100 158 30 24 451 25 228 65 418 675 214
internal_value=0 0.12463 0.0492401 -0.118441 -0.039152 -0.0397333 -0.0834973 -0.102533 0.214934 0.0598761 -0.175665 -0.0783022 0.172827 0.164006 -0.048805 -0.109808 0.185509 0.0859244 0.131033 -0.130849 0.0932829 0.193625 -0.0859373 0.159258 0.0852561 -0.139594 -0.00372716 0.0986428 0.201129 0.103927 0.228817 0.140883 -0.171882 -0.209252 -0.123962 -0.183906 -0.182791 -0.112738 -0.195104 -0.0475815 -0.0488363 -0.198189 -0.0513752 -0.231958 -0.175025 -0.241052 0.269106 0.272045
internal_weight=0 1010.95 551.533 1028.42 431.567 310.923 247.765 263.131 459.422 168.436 596.852 231.803 260.066 240.61 185.819 215.886 246.016 149.316 63.1572 257.078 31.8792 239.182 123.719 57.5912 77.7877 19.1201 39.3572 143.237 162.822 72.7752 110.28 52.5427 133.359 339.774 84.3618 120.941 159.697 29.7735 45.9839 14.05 13.475 129.924 12.4181 180.076 26.6553 153.421 199.356 193.734
internal_count=8650 4388 2325 4262 1782 1283 1017 1078 2063 704 2480 947 1149 1042 759 883 1090 626 266 1051 134 1062 500 243 334 78 159 601 708 313 479 229 551 1429 341 501 671 125 188 59 55 546 50 758 112 646 914 889
is_linear=0
shrinkage=0.2


Tree=3
num_leaves=52
num_cat=0
split_feature=10 10 7 7 8 8 0 29 7 8 19 7 7 8 7 7 5 19 0 7 8 20 0 5 8 10 10 0 0 7 19 8 3 10 8 8 0 5 0 7 17 14 8 8 14 7 7 8 0 0 8
split_gain=543.373 146.795 126.106 115.098 53.584 43.2053 36.5848 35.4472 31.248 49.9959 30.604 25.6572 24.8016 26.0303 27.0945 24.2601 23.521 22.4457 21.4758 21.2352 15.0582 13.9719 11.8295 8.36958 5.75773 5.65247 5.52394 6.38131 5.71986 5.11682 5.00562 4.91232 4.8062 4.5843 4.56286 3.76709 3.59769 3.3706 3.29442 3.72624 4.10144 3.23981 2.65709 2.15018 1.92461 1.86764 11.7416 1.77087 1.16865 1.16775 0.966057
threshold=177.50000000000003 437.50000000000006 2.5000000000000004 7.5000000000000009 3.5000000000000004 8.5000000000000018 41.500000000000007 1.0000000180025095e-35 8.5000000000000018 16.500000000000004 0.0087356567382812517 9.5000000000000018 3.5000000000000004 15.500000000000002 4.5000000000000009 8.5000000000000018 1.0000000180025095e-35 0.0015072822570800783 42.500000000000007 9.5000000000000018 3.5000000000000004 0.14681345969438556 10.500000000000002 1.0000000180025095e-35 1.5000000000000002 380.50000000000006 477.50000000000006 26.500000000000004 17.500000000000004 9.5000000000000018 0.0070667266845703134 27.500000000000004 3.5000000000000004 109.50000000000001 1.5000000000000002 21.500000000000004 11.500000000000002 1.0000000180025095e-35 9.5000000000000018 9.5000000000000018 544.50000000000011 1483.0361328125002 6.5000000000000009 26.500000000000004 1587.9125976562502 3.5000000000000004 4.5000000000000009 5.5000000000000009 34.500000000000007 14.500000000000002 1.5000000000000002
decision_type=2 2 2 2 2 2 2 2 2 2 2 2 2 2 2 2 2 2 2 2 2 2 2 2 2 2 2 2 2 2 2 2 2 2 2 2 2 2 2 2 10 2 2 2 2 2 2 2 2 2 2
left_child=3 2 4 10 21 15 8 18 9 -4 12 36 20 32 -15 42 30 38 -6 -10 37 -2 -22 26 -23 -9 27 -19 -28 31 -13 -25 -14 -17 -12 -18 -7 -1 -3 41 -41 -40 50 47 -38 -36 -47 -8 -31 -35 -5
right_child=1 17 6 5 7 11 43 25 19 -11 34 16 13 14 -16 33 35 23 -20 -21 22 24 -24 29 -26 -27 28 -29 -30 48 -32 -33 -34 49 45 -37 44 -39 39 40 -42 -43 -44 -45 -46 46 -48 -49 -50 -51 -52
leaf_value=0.099317521244445081 0.14402744146586735 -0.25875290077878799 -0.10390098542768074 0.29737475935791197 0.056774895467881593 -0.10616758334021847 -0.13630807555022892 0.19248199941789404 -0.32101754588309184 0.073833726920263992 0.079603440090766586 -0.034600344786016597 -0.26377020117791139 -0.18245679687032459 0.21742544555642251 0.058882787020330132 -0.21096417550394159 0.071810296849156005 -0.26116518696903407 -0.10573753418215684 0.040867095887317739 -0.25427280378603018 0.21209388205009569 -0.13446575982879674 -0.095484806353367702 0.076315263428805194 -0.13764529455519722 -0.16549552428997261 -0.043843487197345432 -0.2632366167933185 0.19614848425441633 0.014392050189903867 -0.051963534723522165 -0.23196315524251127 0.25249863249805427 -0.021165851803813803 -0.34868280868581292 -0.079996607767236466 -0.026148224949896305 -0.016793452441245332 -0.16823772223838329 -0.1883705553737185 0.073470341381931023 -0.099790771077576418 -0.18311155190083894 -0.080509833626469185 0.23180084855321448 -0.27109629907816707 -0.11860176743488236 -0.088150177826528578 0.19070039766880675
leaf_weight=6.3085611611604699 6.2629662454128256 24.668258339166641 140.8502259850502 7.7928245961666134 122.79935953021049 5.3166656643152264 6.6670333594083777 130.93430195748806 22.716618835926056 113.9268321543932 7.8243979066610327 4.8251188844442394 9.8280878812074679 8.4824749678373319 26.370559513568878 5.236808821558955 16.072638884186748 19.070201516151432 8.4703673422336561 91.480912193655968 18.543934747576714 16.628806710243225 145.73180246353149 106.32115475833416 22.240007072687149 20.582333609461784 48.560818284749985 5.225056678056716 57.106206953525543 15.019805654883386 13.925771117210386 9.5361404120922071 7.9181252568960181 4.7935753315687162 220.71048799157143 5.7896278351545325 15.962954580783846 9.8612528145313263 5.2583171129226676 12.434609696269037 16.707984149456024 253.79475323855877 6.5763025134801856 5.150282770395278 6.5525885522365561 5.0399067997932425 46.179286777973175 41.047435775399208 4.5735630989074698 6.2058180272579193 23.233141288161278
leaf_count=29 26 112 577 33 514 22 29 597 97 469 35 21 40 35 114 23 67 77 36 389 83 68 689 456 91 86 200 21 234 65 63 41 32 20 1122 24 66 41 22 55 74 1130 30 22 27 22 221 179 20 26 103
internal_value=0 -0.072275 -0.0138465 0.152549 0.0790947 -0.0217168 -0.0861054 0.111398 -0.063554 -0.0244393 0.19408 -0.126613 0.139835 0.0186879 0.118509 0.111557 -0.0241209 -0.147927 0.0350462 -0.150173 0.174951 -0.121987 0.193008 -0.104689 -0.166552 0.177104 -0.067874 0.0177242 -0.0875428 -0.139509 0.137619 -0.122201 -0.174556 -0.0901921 0.238828 -0.16281 -0.272118 -0.00887832 -0.184307 -0.177353 -0.105436 -0.185153 0.198723 -0.24076 -0.307134 0.243205 0.200432 -0.254395 -0.234478 -0.160477 0.223173
internal_weight=0 1328.03 749.757 635.083 327.918 122.284 421.839 282.786 368.975 254.777 512.799 68.4454 233.045 52.5992 34.853 53.8385 40.6132 578.277 131.27 114.198 180.446 45.1318 164.276 265.413 38.8688 151.517 129.962 24.2953 105.667 135.451 18.7509 115.857 17.7462 16.2362 279.754 21.8623 27.8322 16.1698 312.864 288.196 29.1426 259.053 37.6023 52.8648 22.5155 271.93 51.2192 47.7145 19.5934 10.9994 31.026
internal_count=8675 5687 3180 2988 1418 525 1762 1233 1532 1046 2463 290 1063 221 149 235 175 2507 550 486 842 185 772 1114 159 683 532 98 434 582 84 497 72 69 1400 91 115 70 1393 1281 129 1152 166 230 93 1365 243 208 85 46 136
is_linear=0
shrinkage=0.2


Tree=4
num_leaves=46
num_cat=0
split_feature=10 10 7 7 19 8 0 0 29 6 7 7 19 8 0 0 7 7 16 29 7 16 19 17 3 14 6 10 20 10 0 29 17 20 1 0 15 16 10 8 16 8 18 0 17
split_gain=374.498 110.853 93.8465 89.1738 44.5997 37.3573 35.7837 31.9548 30.6756 20.9032 17.943 16.5173 15.2804 12.7299 11.4956 11.1741 11.0566 18.4551 9.75924 8.42774 8.28443 8.21786 7.71085 7.55207 6.85456 6.40966 6.73792 7.5023 6.37525 4.83386 4.19539 3.89464 3.71356 3.6891 3.3177 3.30232 3.11307 5.08471 2.55275 3.58475 2.19204 2.04119 1.94373 1.71031 0.433028
threshold=177.50000000000003 477.50000000000006 3.5000000000000004 3.5000000000000004 0.011562347412109377 3.5000000000000004 7.5000000000000009 41.500000000000007 1.0000000180025095e-35 1.0000000180025095e-35 4.5000000000000009 7.5000000000000009 0.0012507438659667971 3.5000000000000004 42.500000000000007 7.5000000000000009 8.5000000000000018 4.5000000000000009 -60.499999999999993 1.0000000180025095e-35 8.5000000000000018 704.50000000000011 0.0068264007568359384 -470.49999999999994 3.5000000000000004 1477.8546142578127 1.0000000180025095e-35 550.50000000000011 5.1577942371368417 138.50000000000003 11.500000000000002 1.0000000180025095e-35 -158.49999999999997 2.5501379966735844 424.50000000000006 11.500000000000002 12977357.500000002 -551.49999999999989 62.500000000000007 14.500000000000002 452.50000000000006 1.5000000000000002 0.00766294775530696 46.500000000000007 -774.49999999999989
decision_type=2 2 2 2 2 2 2 2 2 2 2 2 2 2 2 2 2 2 8 2 2 8 2 10 2 2 2 2 2 2 2 2 10 2 2 2 2 10 2 2 8 2 2 2 10
left_child=2 3 13 5 15 19 34 -8 9 20 -10 -12 36 18 22 -4 17 -17 42 32 -5 -11 28 -18 -21 -14 33 -28 -15 31 -6 -20 -2 -27 -7 -24 41 -38 44 -40 -39 -3 -1 -43 -32
right_child=1 12 4 8 30 6 7 -9 10 21 11 -13 25 14 -16 16 23 -19 29 24 -22 -23 35 -25 -26 26 27 -29 -30 -31 38 -33 -34 -35 -36 -37 37 40 39 -41 -42 43 -44 -45 -46
leaf_value=0.23920425490579258 -0.071026927074586826 -0.05874453704991113 -0.23995598533606322 -0.11816642307283572 -0.011388273861130987 -0.093860685202008146 0.093394255502894263 -0.15453172137974525 -0.33534292295848395 0.15850532139671292 0.12759621054302242 -0.042659604345945235 0.093600861366329849 0.18997093212174362 -0.11864673256024788 -0.159476138371895 0.098189712011444386 0.063332144769032497 -0.066434086176482762 -0.089373250112734781 -0.2005181297272226 -0.13029962419292346 0.15539290856648835 -0.11682634809177445 0.1530556550779815 -0.10621441657959418 0.10220350522167437 -0.089269976346936633 0.064078017691171177 -0.17906206702448582 0.131918996230008 0.16823835350150682 -0.22680705976644169 -0.16071514601006964 -0.26693217264576208 0.23431108375824672 0.03993538081080146 -0.25480769631198008 0.032651000041906922 0.20179317030525326 -0.090175480002117503 -0.19591180924042861 0.074479759939137857 -0.070884212036703892 0.25507938530343582
leaf_weight=8.8149669021368009 9.6281446069479006 5.4480196237564078 8.4041285812854749 131.34117084741592 3.9644568413496009 9.0279529243707675 350.35513220727444 21.514818787574768 5.428868666291236 12.546300947666166 34.807471081614494 63.158555835485458 5.7689111679792395 51.193854108452797 3.9516498744487754 17.236381009221077 7.1125084459781638 87.459803313016891 5.6564540863037127 14.599143207073213 82.64829982817173 5.0373758524656322 29.519510447978973 44.744752570986748 6.0591280013322821 174.95832070708275 11.152460396289824 26.151322737336159 24.681203201413155 5.6450074613094321 3.628377482295039 4.5200420022010803 21.18513885140419 75.36190801858902 10.717565879225729 225.50616264343262 6.6867360472679165 5.9944165199995014 8.1657798886299151 13.660678744316099 8.6381073147058487 166.29565607011318 5.2857502549886695 5.4963667988777152 24.182989284396172
leaf_count=43 40 26 35 554 20 39 1549 94 22 52 146 260 24 256 18 72 30 385 25 60 382 21 157 191 25 771 45 114 114 24 20 23 89 340 46 1291 32 29 39 73 42 801 24 25 135
internal_value=0 -0.0621812 0.131312 -0.0151633 0.0275505 0.0436858 0.0647689 0.0788 -0.0929396 -0.133283 -0.00230729 0.018285 -0.136422 0.193319 0.204499 -0.0240989 -0.0115451 0.0258755 0.0664773 -0.115503 -0.150496 0.0740349 0.208588 -0.0864658 -0.015712 -0.106973 -0.111203 -0.0312389 0.149932 -0.0410957 0.184846 0.0417257 -0.18066 -0.123005 -0.193438 0.225604 -0.179434 -0.101992 0.200462 0.14135 -0.165765 -0.188333 0.183592 -0.1922 0.242468
internal_weight=0 1270.01 583.334 778.055 218.56 443.087 391.615 371.87 334.968 231.573 103.395 97.966 491.952 364.775 334.852 164.958 156.553 104.696 29.9222 51.4716 213.989 17.5837 330.901 51.8573 20.6583 293.393 287.624 37.3038 75.8751 15.8215 53.6023 10.1765 30.8133 250.32 19.7455 255.026 198.559 21.3193 49.6378 21.8265 14.6325 177.24 14.1007 171.792 27.8114
internal_count=8603 5628 2975 3379 1000 1942 1728 1643 1437 1009 428 406 2249 1975 1836 713 678 457 139 214 936 73 1818 221 85 1294 1270 159 370 72 287 48 129 1111 85 1448 955 103 267 112 71 852 67 826 155
is_linear=0
shrinkage=0.2


Tree=5
num_leaves=56
num_cat=0
split_feature=19 10 7 5 7 19 7 3 16 10 5 23 10 7 7 7 0 16 16 7 9 7 16 4 2 10 16 16 21 5 16 11 2 21 19 16 9 7 21 10 21 7 9 19 19 11 11 11 17 17 0 22 16 4 19
split_gain=263.784 81.046 66.8201 63.6774 33.4401 28.5229 28.0852 28.3497 24.3175 16.5257 16.6394 14.5947 10.8326 10.5763 13.9329 9.18791 8.58554 8.12478 7.94875 7.82361 8.92951 6.67407 6.62731 6.613 6.18181 6.16174 6.00836 5.63734 4.95759 4.70377 4.3933 4.31579 4.00009 5.66156 5.23837 3.38793 3.34573 3.08076 2.66974 2.44821 3.50381 2.14731 2.98293 2.08414 1.84807 1.73848 3.37687 1.39172 1.37909 1.32225 1.3086 1.15381 0.445643 0.428202 0.219831
threshold=0.0057315826416015634 365.50000000000006 3.5000000000000004 1.0000000180025095e-35 2.5000000000000004 0.012577056884765627 8.5000000000000018 10.500000000000002 904.50000000000011 651.50000000000011 1.0000000180025095e-35 1.0000000180025095e-35 134.50000000000003 10.500000000000002 4.5000000000000009 7.5000000000000009 5.5000000000000009 1.0000000180025095e-35 -808.49999999999989 1.0000000180025095e-35 2.5000000000000004 4.5000000000000009 8553.5000000000018 1.0000000180025095e-35 1.0000000180025095e-35 257.50000000000006 -78.499999999999986 -87.499999999999986 0.5853223204612733 1.0000000180025095e-35 3250.5000000000005 2794.5000000000005 1.0000000180025095e-35 0.41477975249290472 0.001120567321777344 1700.0000000000002 4.5000000000000009 9.5000000000000018 0.29535380005836492 62.500000000000007 0.054707895964384086 1.0000000180025095e-35 2.5000000000000004 0.00079512596130371105 0.0063495635986328134 3650.0000000000005 4849.5000000000009 252.50000000000003 -74.499999999999986 544.50000000000011 17.500000000000004 1.0000000180025095e-35 -2945.4999999999995 1.5000000000000002 0.080108642578125014
decision_type=2 2 2 2 2 2 2 2 10 2 2 2 2 2 2 2 2 10 10 2 2 2 10 2 2 2 10 10 2 2 10 2 2 2 2 8 2 2 2 2 2 2 2 2 2 2 2 2 10 8 2 2 10 2 2
left_child=1 3 12 4 25 11 7 8 -5 10 24 15 16 14 -6 35 -2 18 -12 29 27 48 -19 -23 36 31 -27 -21 -17 52 -26 -1 33 49 -35 -4 -3 43 -39 54 -41 -18 -43 -34 -31 51 -47 -42 -13 -11 -22 -8 -14 -9 -7
right_child=2 9 5 6 13 39 45 53 -10 32 17 21 19 -15 -16 28 41 22 -20 20 50 23 -24 -25 30 26 -28 -29 -30 44 -32 -33 37 34 -36 -37 -38 38 -40 40 47 42 -44 -45 -46 46 -48 -49 -50 -51 -52 -53 -54 -55 -56
leaf_value=0.2070992773366086 -0.10640277902059192 0.00043774421926458403 0.17464333743591809 0.032507331204808275 -0.11786526778302489 0.22603200447739569 -0.15612666572589107 -0.27506703492919898 -0.09622081749422326 -0.12601409489537851 -0.12154135885068136 -0.26086148104413015 0.11399401405404681 -0.21942397320091767 0.060164661991639723 -0.035263531447262249 0.23515790126814984 -0.15976426376241731 -0.0014443367060848538 0.1028164485985355 0.087705469970550537 0.02364149101385599 0.059741088103607266 -0.094541854217626994 -0.081180859516506595 0.15635966849403179 0.0327876836196608 -0.032409293006029218 0.11939399233345303 -0.042702168908520938 0.086040231581217888 0.019902375824231586 -0.23544081179293783 -0.12710407852990876 -0.041553307421895114 0.022245220628675018 0.13939390509146396 -0.19187127059626935 -0.0059303349480440406 -0.038705469726754281 0.058691701648457245 0.16159432659540665 0.22800292414370127 -0.1568985680612823 0.13286753280123162 0.049277879702608988 -0.17182939137266531 0.21632854948096589 -0.10524051894286685 -0.20490350714119565 0.24966961968085336 -0.2312729144266692 0.23293421021784375 -0.16188317729068682 0.12175026678351437
leaf_weight=63.488234221935272 3.1841823309659949 86.526785627007484 23.758131474256516 195.23041950166225 22.457911133766174 22.672672390937809 32.401946619153023 14.277381435036661 83.1512131690979 20.482314378023148 45.233835756778717 6.366970881819725 3.3710529804229727 7.4995010644197455 72.853748321533203 36.695407375693321 82.199158906936646 96.40294386446476 42.446434304118156 23.321067854762077 3.6585972011089316 34.99137519299984 5.5041735917329779 40.067768171429634 66.515913784503937 37.205442100763321 27.675821512937546 24.885327816009521 9.9900499880313856 4.0838785022497159 6.392610937356948 5.4981888681650153 19.723656818270683 62.009862437844276 54.435595244169235 7.9468263685703304 6.8698227852582923 3.9264083206653586 9.5733902901411039 4.463120460510253 4.0864702165126783 83.41516749560833 51.951940104365349 91.354810953140259 4.4014655649662018 4.1062944978475553 6.4938670247793198 6.9556984007358551 5.5469986945390684 25.058119103312492 10.224271312355993 18.682498723268509 29.149770185351372 5.6874850988388053 3.5553559511899939
leaf_count=333 14 366 111 828 92 144 160 60 352 103 204 27 20 32 306 158 530 445 188 117 20 153 26 176 282 179 132 114 43 18 28 28 108 318 255 36 29 20 48 25 23 526 345 474 22 20 32 39 24 128 57 92 169 24 21
internal_value=0 -0.0485643 0.119835 0.00451667 0.0849643 0.0309652 -0.0484275 -0.02286 -0.00608082 -0.0978193 -0.0688203 -0.00653215 0.176486 -0.000905261 0.0176901 0.0558042 0.201704 -0.109225 -0.0638504 0.121544 0.0754698 -0.0627141 -0.147598 -0.0397229 -0.0225075 0.150591 0.104516 0.0335185 -0.000956744 0.188989 -0.0658737 0.192512 -0.133591 -0.111844 -0.0875742 0.137687 0.0115721 -0.161125 -0.066481 0.177316 0.106923 0.206524 0.188071 -0.172163 0.0514063 -0.170526 -0.0883243 0.164639 -0.197802 -0.171747 0.212948 -0.186228 0.223137 -0.249082 0.215257
internal_weight=0 1239.17 530.943 596.71 236.679 207.097 360.031 298.346 278.382 642.457 355.893 165.364 323.846 102.811 95.3117 78.3904 220.75 189.587 87.6803 103.095 62.0893 86.9731 101.907 75.0591 166.305 133.868 64.8813 48.2064 46.6855 41.0062 72.9085 68.9864 286.564 161.986 116.445 31.705 93.3966 124.578 13.4998 41.7333 15.5053 217.566 135.367 111.078 8.48534 61.6846 10.6002 11.0422 11.914 45.5404 13.8829 51.0844 32.5208 19.9649 26.228
internal_count=8624 5692 2932 2670 1102 980 1568 1264 1180 3022 1568 728 1952 430 398 348 1415 863 392 537 308 380 471 329 705 672 311 231 201 229 310 361 1454 804 573 147 395 650 68 252 87 1401 871 582 40 304 52 62 51 231 77 252 189 84 165
is_linear=0
shrinkage=0.2


Tree=6
num_leaves=47
num_cat=0
split_feature=19 12 29 6 1 19 11 0 29 18 3 23 12 0 27 20 8 0 16 6 14 0 0 0 2 3 14 12 20 20 15 18 15 12 0 15 16 16 12 12 16 14 0 3 8 15
split_gain=187.274 71.2469 56.1011 42.7304 28.7503 21.4355 18.0155 17.4859 16.8873 13.2142 12.663 12.4509 12.3991 12.0842 10.1574 10.0598 9.17835 7.90275 7.22678 6.69884 5.81328 5.72859 5.36836 4.14915 3.89832 4.70295 3.98441 3.84442 3.76528 4.21394 3.97465 3.82021 3.71943 3.71047 3.43753 2.22013 2.21194 3.44814 2.56036 2.12607 2.01882 1.8245 1.10877 0.841759 0.462034 0.322219
threshold=0.0072727203369140634 410.50000000000006 1.0000000180025095e-35 1.0000000180025095e-35 61.500000000000007 0.012901306152343752 945.50000000000011 11.500000000000002 1.0000000180025095e-35 0.017095265910029415 1.5000000000000002 1.0000000180025095e-35 679.50000000000011 10.500000000000002 1.0000000180025095e-35 0.21016346663236621 12.500000000000002 21.500000000000004 1800.5000000000002 1.0000000180025095e-35 1483.0361328125002 42.500000000000007 6.5000000000000009 18.500000000000004 1.0000000180025095e-35 1.5000000000000002 1679.459899902344 279.50000000000006 4.1008741855621347 8.3179454803466815 13567828.000000002 0.0014357509207911792 9057178.5000000019 253.50000000000003 42.500000000000007 10571609.500000002 296.50000000000006 786.50000000000011 66.500000000000014 501.50000000000006 -3422.4999999999995 1514.751647949219 38.500000000000007 1.0000000180025095e-35 1.5000000000000002 11202491.000000002
decision_type=2 2 2 2 2 2 2 2 2 2 2 2 2 2 2 2 2 2 8 2 2 2 2 2 2 2 2 2 2 2 2 2 2 2 2 2 10 8 2 2 10 2 2 2 2 2
left_child=1 2 3 4 9 8 10 -6 11 -1 17 13 20 -2 16 -13 -8 -4 33 -17 -3 22 -22 -12 25 42 -27 -16 30 31 43 -30 -31 -5 -15 44 45 -38 -39 -23 -26 -42 -14 -10 -7 -37
right_child=5 12 6 18 7 35 14 -9 28 -11 23 15 24 34 27 19 -18 -19 -20 -21 21 39 -24 -25 40 26 -28 -29 29 32 -32 -33 -34 -35 -36 36 37 38 -40 -41 41 -43 -44 -45 -46 -47
leaf_value=0.29774065991905013 -0.1349178748162625 0.12841046474620207 -0.019945799275363746 0.20487665067964783 -0.16367915408659048 0.10396090747275449 -0.10373441265920416 -0.054850415757152687 0.13635052317333049 0.03367741934334776 0.1036629741130904 0.19884415657068943 -0.18350505534626338 0.13862724433567275 0.17584193502953344 -0.095692653414260032 0.028172645129211672 0.12047619896991235 -0.10731843594190907 0.1575116094225521 -0.22131296834504255 -0.23887922195737743 -0.051980689082578017 0.17455964456787171 -0.24330029418431157 -0.063603516541353725 -0.18096999194254873 0.0089535201478299267 -0.076389547787959935 0.20616246991607104 -0.0092433031149665515 0.11235844570046719 0.064350968626281549 0.086704301582710946 -0.035496878567311062 0.10348278564308121 -0.053900223684171238 0.21742217165821096 -0.00077447101403190486 -0.091956855760062281 -0.098522981719121924 -0.16203752556702178 -0.058362323123437622 0.23141613164072763 0.22517215512608713 0.20916034563071262
leaf_weight=8.2455785125493986 7.4195481389760962 5.7878275066614142 41.655795708298683 27.820964574813843 71.976332098245621 2.954383745789527 35.415086701512337 324.29265630245209 8.1763925552368146 52.410508468747139 70.658063918352127 5.8430851846933356 26.301649734377865 60.231626868247986 15.547792613506319 37.327971607446671 50.313636898994446 25.240396946668625 4.0303622782230368 4.0916578620672217 7.1218020170927039 9.1063940227031726 263.65281717479229 70.369791150093079 9.4979989528655988 95.14560754597187 12.879124194383619 8.4852536320686323 6.908830031752589 21.74567998945713 3.3156275153160086 9.3247441649436933 12.267042860388754 19.485425502061844 4.639505222439765 3.4651204869151142 4.4600947350263578 6.3744652420282346 3.0909197926521301 8.8581443130969983 32.051712289452553 60.72997710108757 4.047313228249549 35.566350698471069 82.074628099799156 17.229972526431084
leaf_count=37 36 24 200 143 327 17 155 1450 50 241 350 33 138 380 87 180 231 129 18 24 34 46 1192 365 54 499 69 40 36 132 20 57 71 89 20 26 30 47 20 44 180 348 22 229 618 126
internal_value=0 -0.0313958 0.0054469 -0.0357499 -0.0552316 0.135091 0.0712941 -0.0748587 0.0970941 0.0724141 0.105807 0.0463372 -0.0881915 0.0981812 0.00567148 -0.0332228 -0.0266981 0.0337008 0.136137 -0.0685858 -0.0604491 -0.0645212 -0.0569658 0.139692 -0.121884 -0.0990267 -0.0786182 0.118747 0.158719 0.11778 0.20018 0.0321844 0.157232 0.158079 0.12594 0.20304 0.153653 0.0857676 0.150797 -0.172303 -0.151968 -0.140954 -0.168426 0.215955 0.2218 0.195239
internal_weight=0 1361.13 825.948 508.262 456.925 336.508 317.686 396.269 216.858 60.6561 207.924 119.553 535.18 72.2907 109.762 47.2627 85.7287 66.8962 51.3368 41.4196 294.527 288.739 270.775 141.028 240.653 138.374 108.025 24.033 97.3047 50.2463 47.0584 16.2336 34.0127 47.3064 64.8711 119.65 34.6206 13.9255 9.46539 17.9645 102.28 92.7817 30.349 43.7427 85.029 20.6951
internal_count=8664 6512 3862 2305 2055 2152 1557 1777 1268 278 1044 673 2650 436 513 237 386 329 250 204 1340 1316 1226 715 1310 728 568 127 595 296 299 93 203 232 400 884 249 97 67 90 582 528 160 279 635 152
is_linear=0
shrinkage=0.2


Tree=7
num_leaves=41
num_cat=0
split_feature=19 13 19 19 0 23 9 0 13 17 13 10 15 0 0 0 0 0 21 1 10 14 15 9 1 8 17 15 10 15 9 0 4 1 15 0 8 17 0 10
split_gain=147.665 47.5693 30.9458 17.4094 23.1446 21.2388 16.4595 14.4318 13.4369 12.7172 12.1471 10.2635 8.30136 8.22684 8.39306 7.9379 9.09945 6.10683 3.2931 4.3127 3.13175 3.02018 2.98338 2.73507 2.28459 2.10549 2.60079 2.65295 1.93484 1.45111 1.52154 1.85931 1.32071 3.40303 0.976746 0.945661 0.806376 0.584811 0.490559 0.018133
threshold=0.0057315826416015634 492.50000000000006 0.012901306152343752 0.0012507438659667971 42.500000000000007 1.0000000180025095e-35 2.5000000000000004 7.5000000000000009 150.50000000000003 400.50000000000006 177.50000000000003 361.50000000000006 12616144.000000002 41.500000000000007 8.5000000000000018 42.500000000000007 11.500000000000002 53.500000000000007 0.43211580812931066 2065.0000000000005 207.50000000000003 1515.2243652343752 2988260.0000000005 1.0000000180025095e-35 9347.0000000000018 17.500000000000004 45.500000000000007 6529146.0000000009 501.50000000000006 11159066.000000002 2.5000000000000004 33.500000000000007 1.0000000180025095e-35 4415.5000000000009 7973329.5000000009 10.500000000000002 10.500000000000002 455.50000000000006 15.500000000000002 62.500000000000007
decision_type=2 2 2 2 2 2 2 2 2 8 2 2 2 2 2 2 2 2 2 2 2 2 2 2 2 2 10 2 2 2 2 2 2 2 2 2 2 10 2 2
left_child=1 9 6 18 5 7 8 -5 22 10 11 38 -7 14 -12 16 -10 -17 32 21 -6 -20 23 -2 29 26 27 -8 -22 39 31 -31 33 -3 -15 -27 -24 -34 -1 -4
right_child=2 3 24 4 20 12 25 -9 15 -11 13 -13 -14 34 -16 17 -18 -19 19 -21 28 -23 36 -25 -26 35 -28 -29 -30 30 -32 -33 37 -35 -36 -37 -38 -39 -40 -41
leaf_value=0.15322323351456257 0.16390708553450095 -0.18407221978767307 0.22402306165831185 -0.17893157923491285 -0.013500925901557631 -0.084133630140479226 0.20862152471126649 0.0032346945125384975 -0.045564212930406252 -0.21079456630246254 -0.11077335308611003 -0.054477917732048832 0.016283789867767341 -0.1911602788988751 0.058119128401621034 -0.1887108909489239 0.059098680268585238 0.034350735756215792 -0.065531578506701438 0.05520752459134462 -0.20769742756190987 -0.13508092449937611 0.12250952173931889 -0.059870396131400862 0.0025928619555786493 0.090115772569383371 -0.034138977591290399 0.076598932262052541 -0.10660084033815008 0.13201926546375839 0.21625721868630188 -0.041887136361195912 -0.11224226920598464 -0.0011881058377269057 -0.055415363783134768 0.22589105074573862 0.20921880047610855 -0.2219992448914434 0.26549955805200681 0.18124932297324703
leaf_weight=5.6318979412317338 3.2549034655094138 10.646425202488901 51.410377532243729 17.547076135873795 4.8090685456991187 296.83697672188282 13.066675923764711 387.6450003683567 39.044922232627869 6.8277020007371894 12.063994020223616 5.7047286331653586 36.80817674100399 5.316324904561041 164.67392657697201 10.348445117473604 207.00993579626083 8.5404687970876676 42.264717027544975 6.3708791136741629 37.636208727955818 69.315753310918808 10.120291002094747 4.377200722694397 2.5009355396032324 3.5984650328755405 3.3860184848308554 13.130499102175234 12.423355728387831 14.029358014464384 8.3624959588050825 2.6253117993473998 4.7013764977455166 6.3705842345952979 4.4442169219255447 22.621832154691219 21.345753945410252 17.613657683134079 15.556106999516485 23.756727702915668
leaf_count=30 19 66 458 88 22 1388 81 1793 190 35 54 25 173 24 782 46 1163 37 243 39 208 418 66 27 20 21 21 83 65 111 71 19 28 39 20 168 147 108 87 193
internal_value=0 -0.0378517 0.0955356 -0.0572427 -0.0451258 -0.03573 0.0676722 -0.00493442 0.0491253 0.0458063 0.054646 0.178699 -0.0730451 0.0361864 0.0462186 0.0327617 0.0424123 -0.0901175 -0.117941 -0.100137 -0.169703 -0.109281 0.157609 0.0410538 0.192115 0.166955 0.125071 0.145984 -0.184335 0.196798 0.146187 0.10405 -0.16878 -0.118227 -0.13683 0.209948 0.184444 -0.202793 0.241228 0.212213
internal_weight=0 1171.21 462.531 950.989 793.706 738.837 359.845 405.192 304.042 220.219 213.391 26.8927 333.645 186.498 176.738 264.944 246.055 18.8889 157.283 117.951 54.8686 111.58 39.0981 7.6321 102.685 55.8035 29.5832 26.1972 50.0596 100.184 25.0172 16.6547 39.332 17.017 9.76054 26.2203 31.466 22.315 21.188 75.1671
internal_count=8676 5735 2941 4678 3737 3442 2069 1881 1695 1057 1022 142 1561 880 836 1436 1353 83 941 700 295 661 259 46 872 374 185 164 273 852 201 130 241 105 44 189 213 136 117 651
is_linear=0
shrinkage=0.2


Tree=8
num_leaves=48
num_cat=0
split_feature=10 19 7 7 7 8 23 7 7 8 8 7 7 0 0 8 7 7 10 8 8 2 8 5 20 20 0 15 13 6 13 7 7 26 13 9 8 17 8 0 10 0 17 0 17 0 0
split_gain=104.156 38.5811 58.7914 31.0544 27.534 26.7432 20.3841 26.4001 20.0926 32.0248 16.3165 15.6468 11.4831 11.4793 9.15609 8.48958 7.33964 7.17989 7.88318 8.62682 5.85691 5.80979 5.7151 5.04866 4.90595 5.49381 5.46498 4.94389 4.7125 4.42547 4.35989 4.35599 4.34901 3.49243 3.17083 3.91624 3.05027 2.57784 2.3273 2.41692 1.64939 1.61881 1.04533 0.499172 0.318835 0.256876 0.0455874
threshold=130.50000000000003 0.0029115676879882817 3.5000000000000004 7.5000000000000009 4.5000000000000009 4.5000000000000009 1.0000000180025095e-35 2.5000000000000004 8.5000000000000018 16.500000000000004 6.5000000000000009 9.5000000000000018 9.5000000000000018 42.500000000000007 6.5000000000000009 3.5000000000000004 10.500000000000002 1.0000000180025095e-35 603.50000000000011 25.500000000000004 22.500000000000004 1.0000000180025095e-35 1.5000000000000002 1.0000000180025095e-35 13.832320690155031 2.3162026405334477 10.500000000000002 3503129.5000000005 745.50000000000011 1.0000000180025095e-35 868.50000000000011 1.5000000000000002 8.5000000000000018 1.0000000180025095e-35 214.50000000000003 1.0000000180025095e-35 8.5000000000000018 214.50000000000003 19.500000000000004 22.500000000000004 95.500000000000014 15.500000000000002 -217.49999999999997 39.500000000000007 -241.49999999999997 31.500000000000004 8.5000000000000018
decision_type=2 2 2 2 2 2 2 2 2 2 2 2 2 2 2 2 2 2 2 2 2 2 2 2 2 2 2 2 2 2 2 2 2 2 2 2 2 10 2 2 2 2 8 2 10 2 2
left_child=3 17 5 14 38 22 13 -8 9 -6 32 36 -10 -7 -1 23 21 18 19 20 -2 -13 33 42 25 26 -19 -26 41 -27 -30 -24 45 -3 46 -36 -12 -29 39 -4 -25 -20 -16 -40 -38 -5 -17
right_child=1 2 4 10 8 6 7 -9 12 -11 11 16 -14 -15 15 34 -18 24 28 -21 -22 -23 31 40 27 29 -28 37 30 -31 -32 -33 -34 -35 35 -37 44 -39 43 -41 -42 -43 -44 -45 -46 -47 -48
leaf_value=-0.085494597310191378 0.015457750099042468 -0.052963753443887956 -0.21507646622332591 0.21667606678632692 -0.063675582431398509 0.13311647985496192 0.071220520532175133 -0.15787686422714695 -0.21482784845998834 0.11899147549026534 -0.062514455152913859 0.19310492212816818 -0.060587094671031655 -0.15853124608998131 0.038371374509873948 0.11537073380678145 -0.1725420960473332 -0.13204624334410137 -0.060722404993136692 0.20391552617621081 -0.17703635174537966 -0.027735098817050632 0.024746062890435003 0.016050302709704551 -0.12428303618694579 -0.11616647530840117 -0.047917495833789348 0.18451523130266445 0.12635585172166339 0.027090680430989264 -0.05949169505617688 -0.098671650732905167 -0.0031608230201680986 -0.23155532850618835 0.11136263251553469 0.18772121253081775 -0.31671501222583309 0.0027107425699571959 -0.29259319104719084 -0.058639393954469043 -0.15545984998179213 -0.23180229889975965 0.20093208352792571 -0.15690557901485933 -0.19334005500723908 0.10379090048717743 0.22411572681222239
leaf_weight=5.6181471794843665 75.150091722607613 9.3650730550289154 9.9465790390968341 11.084053188562395 87.761995539069176 201.95882321149111 90.159474663436413 25.188973501324654 24.394316785037518 67.196336835622787 4.7222527414560345 9.5755967870354706 88.424385569989681 5.0107973664998999 2.9956983625888824 2.3652655631303778 4.7934091985225669 34.577241115272045 3.8319629877805692 8.5151756703853589 6.2327110916376105 8.6366191431879979 36.174239471554756 3.7636473178863525 4.8126522600650814 125.52799367904663 271.1942291110754 6.3562202975153905 4.8668193370103827 9.0158511400222761 62.711844585835934 15.942836277186869 5.9934228807687751 8.5148316472768784 48.938305288553238 73.330552689731121 5.8353682905435571 5.6502336114645004 14.298322200775148 7.3488207161426535 4.4995556622743607 7.65948785841465 3.924300201237199 4.0913184136152259 7.6194842010736439 2.9693243205547324 50.774142429232597
leaf_count=28 337 42 46 70 384 1080 486 111 128 301 28 54 434 25 21 21 23 187 20 38 28 44 178 20 24 661 1397 32 27 44 375 70 28 38 367 666 25 28 61 33 21 41 32 21 33 20 482
internal_value=0 -0.0196856 0.0127246 0.119209 -0.0533119 0.0638088 0.0881148 0.0205736 -0.0310564 0.0157064 -0.00513243 -0.076936 -0.0950015 0.12557 0.157898 0.165345 0.0328559 -0.0556779 -0.0203461 0.0201271 -0.000600032 0.0910905 -0.0478899 0.0208738 -0.0686888 -0.0727415 -0.0576969 0.0361394 -0.0661457 -0.106481 -0.0450065 -0.0137756 0.14011 -0.143268 0.177724 0.157926 -0.212147 0.103591 -0.216691 -0.153239 -0.0819656 -0.181197 0.140094 -0.268936 -0.259246 0.198593 0.220761
internal_weight=0 1321.88 695.777 257.439 303.462 392.315 322.318 115.348 267.777 154.958 61.2295 41.1827 112.819 206.97 196.21 190.591 23.0056 626.103 168.968 89.898 81.3828 18.2122 69.997 15.1832 457.134 440.315 305.771 16.8191 79.0701 134.544 67.5787 52.1171 20.0468 17.8799 175.408 122.269 18.1771 12.0065 35.685 17.2954 8.2632 11.4915 6.92 18.3896 13.4549 14.0534 53.1394
internal_count=8660 6677 3438 1983 1408 2030 1702 597 1247 685 325 207 562 1105 1658 1630 121 3239 866 403 365 98 328 94 2373 2289 1584 84 463 705 402 248 118 80 1536 1033 86 60 161 79 41 61 53 82 58 90 503
is_linear=0
shrinkage=0.2


Tree=9
num_leaves=53
num_cat=0
split_feature=19 13 3 0 19 5 12 3 19 3 17 13 5 9 13 2 16 9 12 0 1 20 16 1 25 16 0 11 3 16 15 8 17 15 16 16 8 17 15 17 9 17 15 8 23 0 0 0 16 16 8 14
split_gain=75.7596 34.1669 25.4046 20.9178 27.7829 17.0421 17.049 12.783 11.2785 9.1256 8.9602 9.31937 8.61576 8.24527 10.5999 7.05098 6.61075 6.58549 6.57905 5.44538 7.33919 6.30706 5.57347 5.06605 4.73718 4.44705 4.35924 4.33112 3.8268 3.18472 3.09373 3.64642 2.84521 2.72199 2.72169 3.30518 3.65198 2.49894 2.47629 2.45599 2.16886 1.64483 1.44549 1.25048 1.13005 1.88528 0.288845 1.1616 0.675912 0.424178 0.231882 0.082595
threshold=0.0080337524414062517 317.50000000000006 4.5000000000000009 7.5000000000000009 0.0022401809692382817 1.0000000180025095e-35 574.50000000000011 10.500000000000002 0.012901306152343752 6.5000000000000009 148.50000000000003 66.500000000000014 1.0000000180025095e-35 2.5000000000000004 2230.5000000000005 1.0000000180025095e-35 -4609.4999999999991 2.5000000000000004 173.50000000000003 16.500000000000004 1616.5000000000002 9.7223792076110858 1660.5000000000002 -1.0000000180025095e-35 1.0000000180025095e-35 2625.5000000000005 16.500000000000004 388.50000000000006 1.5000000000000002 -6547.9999999999991 7875823.5000000009 10.500000000000002 86.500000000000014 10571609.500000002 296.50000000000006 786.50000000000011 11.500000000000002 365.50000000000006 11159066.000000002 -823.49999999999989 1.0000000180025095e-35 -211.49999999999997 6627470.5000000009 27.500000000000004 1.0000000180025095e-35 14.500000000000002 11.500000000000002 9.5000000000000018 -2518.9999999999995 -4609.4999999999991 16.500000000000004 1524.5833740234377
decision_type=2 2 2 2 2 2 2 2 2 2 10 2 2 2 2 2 10 2 2 2 2 2 10 2 2 10 2 2 2 10 2 2 8 2 8 10 2 8 2 8 2 8 2 2 2 2 2 2 10 10 2 2
left_child=1 9 5 18 17 6 16 -6 12 10 23 -12 30 24 -15 32 -3 -5 -4 21 39 28 -23 27 -7 -22 -8 -1 -14 -25 44 41 50 46 43 -36 -37 -20 -33 -21 -13 -32 -17 51 -2 -46 47 -10 49 -48 -11 -35
right_child=8 2 3 4 7 13 26 -9 33 15 11 40 19 14 -16 42 -18 -19 37 20 25 22 -24 29 -26 -27 -28 -29 -30 -31 31 38 -34 34 35 36 -38 -39 -40 -41 -42 -43 -44 -45 45 -47 48 -49 -50 -51 -52 -53
leaf_value=0.23334343501770954 0.21524382523400221 -0.12752137671334271 0.079632445062148616 -0.019565069802393698 0.088563047440156376 -0.06502036852727823 -0.14111962610486617 -0.11304237681493229 0.19629034332081927 0.18903520989388359 0.20594141368374694 -0.21065251091833029 -0.23757291639438494 0.045013461368491658 -0.12122028858290237 -0.19744290201262488 0.02282343982904635 -0.13076480596519965 -0.21153441907643833 -0.041935564614496212 -0.13068895283212811 0.22216162467291234 -0.07506801016427872 -0.090880242281585324 -0.11008545467476633 0.077572198217129684 -0.051596854154127236 0.062059003116403416 -0.041418305049965402 0.094145602974153961 -0.14663246618417913 0.051029353111639558 -0.062701889642294978 0.19570554185700192 -0.11179663713029303 -0.088486235598860555 0.19828171281927875 -0.028690911204492676 0.20525859887732475 0.13982296934858671 -0.043002120232788432 0.038359000657511147 -0.05614126411629683 0.0078498210741893455 0.23746225494246143 0.082565513341439453 0.17728430075712945 0.02697613615137023 0.21467559638198966 0.061212053327963291 0.083360496380347815 0.085404672031274109
leaf_weight=20.503464095294479 15.561036147177218 11.708551652729509 3.9956910610199001 118.42534013837576 187.72398918122053 201.65625450760126 35.570140525698662 12.921370416879652 3.502688728272914 3.3805972412228602 3.8486631810665157 5.8203111216425878 5.678747244179255 45.253057815134525 22.384340561926365 6.9753673002123815 215.9308912679553 25.404122054576874 21.187292590737339 3.0030445829033852 8.9263268336653692 4.8360646367073041 4.188936360180378 3.3953539282083502 181.11217392981052 6.5823530778288832 57.81777024269104 9.0345674157142621 11.65617351233959 78.793666310608387 2.8607679903507233 9.8754437714815158 3.4355839192867279 11.311587586998938 3.6188468784093875 2.175431951880455 4.754518911242485 3.7284274175763192 7.3933070227503768 29.449358478188515 6.7193467020988464 3.7631975412368801 5.827241450548172 1.8647432252764691 4.1939482167363193 12.941202394664286 2.664181761443615 3.0512662902474403 41.655762881040573 3.8553365021944037 3.4110587239265442 1.8245148137211789
leaf_count=136 144 57 19 647 936 1036 214 63 32 20 21 28 36 232 122 36 1057 138 117 20 51 30 22 20 900 43 340 57 69 438 20 81 18 121 28 17 49 25 61 218 35 33 28 20 29 93 32 32 488 43 22 19
internal_value=0 -0.0175479 -0.0293558 0.0134529 0.0272629 -0.0500696 -0.0148138 0.0752493 0.111453 0.0716251 0.0923978 -0.0442225 0.0746381 -0.0751393 -0.0106457 -0.0432833 0.0147415 -0.0397174 -0.148004 0.0294173 0.0692132 -0.0429116 0.0885197 0.112581 -0.0864975 -0.0427416 -0.0864516 0.183474 -0.112081 0.0858337 0.132997 0.0751204 0.0778023 0.17038 0.111415 0.0307059 0.108395 -0.185631 0.122223 0.122499 -0.127508 -0.047625 -0.139077 0.164458 0.17295 0.127934 0.196239 0.127212 0.20377 0.120665 0.14813 0.18524
internal_weight=0 1295.96 1144.82 373.386 344.475 771.433 321.027 200.645 211.189 151.145 128.115 16.3883 130.91 450.406 67.6374 23.0298 227.639 143.829 28.9114 74.321 47.9611 26.3599 9.025 111.727 382.768 15.5087 93.3879 29.538 17.3349 82.189 56.5889 23.8927 10.2272 80.2789 25.5496 10.5488 6.92995 24.9157 17.2688 32.4524 12.5397 6.62397 12.8026 15.0008 32.6962 17.1352 54.7292 6.55396 48.1753 6.51952 6.79166 13.1361
internal_count=8593 6762 5903 1945 1784 3958 1668 999 1831 859 735 84 950 2290 354 124 1114 785 161 489 332 157 52 651 1936 94 554 193 105 458 461 195 60 881 254 94 66 142 142 238 63 53 64 160 266 122 627 64 563 75 42 140
is_linear=0
shrinkage=0.2


Tree=10
num_leaves=42
num_cat=0
split_feature=19 7 12 7 9 13 13 29 7 12 21 12 16 6 19 7 18 32 19 19 4 13 7 16 1 15 9 2 14 4 3 19 13 14 16 7 18 16 21 11 15
split_gain=51.353 30.8612 36.8007 22.0806 19.5357 19.9785 18.0062 19.4305 14.3837 11.7286 11.1984 10.0858 8.53544 8.46211 7.56559 7.01604 7.03952 6.18556 7.12093 5.78773 5.57842 5.21255 4.98524 4.94651 4.42245 4.35669 4.22579 6.03395 4.0096 3.74218 3.98495 3.84808 3.72044 3.68068 3.4933 3.23135 2.77602 2.69362 1.54828 0.70645 0.396424
threshold=0.0087356567382812517 2.5000000000000004 580.50000000000011 7.5000000000000009 1.0000000180025095e-35 1574.5000000000002 420.50000000000006 1.0000000180025095e-35 4.5000000000000009 64.500000000000014 0.41477975249290472 244.50000000000003 -2860.4999999999995 1.0000000180025095e-35 0.0074901580810546884 10.500000000000002 6.4655883761588498e-05 1.0000000180025095e-35 0.0013170242309570315 0.0038986206054687504 1.5000000000000002 186.50000000000003 5.5000000000000009 223.50000000000003 -50.499999999999993 8960250.5000000019 2.5000000000000004 1.0000000180025095e-35 1532.8662109375002 1.0000000180025095e-35 1.5000000000000002 0.010810852050781252 650.50000000000011 1514.1358032226565 3769.5000000000005 1.0000000180025095e-35 0.0056022848002612599 1200.5000000000002 0.043338546529412277 407.50000000000006 13421324.000000002
decision_type=2 2 2 2 2 2 2 2 2 2 2 2 10 2 2 2 2 2 2 2 2 2 2 10 2 2 2 2 2 2 2 2 2 2 10 2 2 10 2 2 2
left_child=1 2 6 21 8 10 19 13 17 -5 23 -9 -12 -8 22 16 -10 18 -3 28 29 -2 -7 -6 39 -17 27 33 -1 30 -11 -31 -26 -23 -34 -29 -21 -19 -16 -4 -28
right_child=3 4 24 9 5 14 7 11 15 20 12 -13 -14 -15 38 25 -18 37 -20 36 -22 26 -24 -25 32 -27 40 35 -30 31 -32 -33 34 -35 -36 -37 -38 -39 -40 -41 -42
leaf_value=0.12300458418268145 0.21340004693307757 0.077440156914167432 -0.22443808198830464 0.20430763842472582 0.15766110350496215 -0.038487703017518207 -0.040870359624101092 0.14680701586026712 0.14798238218980322 -0.13839253221050682 -0.098526182621245739 0.042830985266962135 0.025804364332150033 0.085898244739295554 0.036319786123889773 -0.20244284090310566 -0.043172772479391629 0.019626700992652579 -0.18435194260708748 0.21716931693123379 0.11881827676560748 0.05629072477449764 -0.11478517333075873 0.0338396352647269 0.096175989469595616 -0.012909996192253607 0.2059553160192884 0.12350045468798183 0.0028743348765866285 -0.082943848924631747 0.064958833257362264 -0.30108340766327951 -0.06558932863827098 0.18284724663036589 0.060220012213755794 -0.017632449009619879 0.12669517736618843 -0.1426761181993387 0.2257067693411271 -0.090868140237645834 0.061836704612747567
leaf_weight=22.087904050946236 35.198142942041159 4.0806291773915282 6.4343175217509252 6.7643905058503142 33.365791209042072 77.338213413953781 133.07313514500856 54.407599166035652 7.3471291065216056 6.6643748134374619 25.539380185306072 118.54947496205568 139.95697347819805 24.36054602265358 3.7758385911583892 16.902034550905231 219.01023826748133 12.071841008961202 65.667425490915775 22.848111972212791 4.5861522406339637 14.34507831931114 62.361893929541111 21.506661981344223 6.0485997647047034 6.833178609609603 20.402045443654064 8.6733311377465743 21.788963906466961 8.4293700754642469 7.5378738939762115 5.4622208029031762 128.56146265566349 29.549051977694035 8.9678245186805707 20.835538201034069 45.61799068748951 5.4213789254426947 3.0804998353123665 3.8518426120281219 1.5246196165680874
leaf_count=113 441 26 45 76 176 406 621 373 40 34 130 560 700 134 22 95 1102 62 314 193 23 132 342 104 29 39 263 98 113 38 39 29 796 295 62 168 313 30 20 25 19
internal_value=0 -0.00925383 0.0242011 0.107435 -0.0375905 -0.00562464 0.0534695 0.0298284 -0.072281 -0.0234061 0.0324044 0.0759761 0.00630011 -0.0209759 -0.0626948 -0.0476614 -0.0365529 -0.141963 -0.168449 0.122411 -0.0736753 0.146892 -0.0729293 0.110117 -0.0598846 -0.149717 0.121027 0.0964477 0.0642824 -0.10712 -0.0323857 -0.178555 -0.050263 0.142945 -0.0571354 0.0256576 0.158687 -0.0340566 0.133844 -0.182977 0.19805
internal_weight=0 1300.86 596.598 169.972 704.259 366.925 442.734 330.391 337.334 39.4444 220.369 172.957 165.496 157.434 146.556 250.093 226.357 87.2413 69.7481 112.343 32.68 130.528 139.7 54.8725 153.864 23.7352 95.3297 73.403 43.8769 28.0938 14.2022 13.8916 143.578 43.8941 137.529 29.5089 68.4661 17.4932 6.85634 10.2862 21.9267
internal_count=8640 6985 3377 1655 3608 1900 2420 1688 1708 239 1110 933 830 755 790 1276 1142 432 340 732 163 1416 748 280 957 134 975 693 226 140 73 67 887 427 858 266 506 92 42 70 282
is_linear=0
shrinkage=0.2


Tree=11
num_leaves=35
num_cat=0
split_feature=19 0 10 9 4 4 5 4 23 19 13 10 13 0 1 18 0 21 8 10 10 21 2 17 17 8 2 14 17 0 0 17 0 2
split_gain=40.9417 21.4612 21.3019 17.9288 16.577 22.1812 13.6028 12.3414 11.6597 11.4952 9.20074 8.64979 8.20287 7.86831 6.82939 5.96774 6.63067 5.28305 4.12205 3.87776 4.42063 3.85533 4.29237 3.73595 2.86816 4.94238 2.7217 1.98522 1.30086 1.22305 1.1259 0.932274 0.354812 0.216185
threshold=0.0057315826416015634 42.500000000000007 613.50000000000011 3.5000000000000004 1.5000000000000002 1.0000000180025095e-35 1.0000000180025095e-35 2.5000000000000004 1.0000000180025095e-35 0.0023069381713867192 221.50000000000003 1000.5000000000001 125.50000000000001 42.500000000000007 61.500000000000007 0.00030088762287050491 11.500000000000002 0.038765847682952888 13.500000000000002 619.50000000000011 1172.0000000000002 0.117581844329834 1.0000000180025095e-35 1045.0000000000002 86.500000000000014 4.5000000000000009 1.0000000180025095e-35 1570.219909667969 48.500000000000007 17.500000000000004 41.500000000000007 -678.49999999999989 59.500000000000007 1.0000000180025095e-35
decision_type=2 2 2 2 2 2 2 2 2 2 2 2 2 2 2 2 2 2 2 2 2 2 2 8 10 2 2 2 10 2 2 8 2 2
left_child=1 2 4 6 5 8 13 9 -1 -6 -7 17 29 21 -9 18 -17 -3 -14 -4 23 27 -23 -21 32 -26 -22 -2 30 33 -5 -31 -19 -8
right_child=3 11 19 28 7 10 12 14 -10 -11 -12 -13 15 -15 -16 16 -18 24 -20 20 26 22 -24 -25 25 -27 -28 -29 -30 31 -32 -33 -34 -35
leaf_value=0.056914414411084559 0.11230330445979 0.062262015233387848 -0.2225821296474606 0.20712632598623767 -0.004942883277470317 0.12378901289939113 0.098893442103502413 0.19924593217751543 -0.01307060832377578 0.16440759070415306 -0.056362346507329054 0.1641583843326776 -0.17266486741309928 -0.19796324776471511 -0.062266803633592022 -0.077127993535878736 0.032834712241726197 -0.23287428560792087 -0.01065391576277235 -0.047799187681283592 -0.069123471431619107 0.11068806052866645 0.014209815432570071 0.19134014027384266 0.099557513513652038 -0.15151778451494366 -0.17348738916924888 0.1982438580063747 0.043597298061701664 0.038085381320921013 0.04029669793890641 0.22155095094770766 -0.11747362414734785 0.013292313263391697
leaf_weight=209.65532001107931 43.525965537875891 3.8708276972174636 5.30943939089775 33.990249466150999 21.947775945067406 11.228603161871431 1.9116341695189465 3.972407415509223 173.62372356653214 58.443014286458492 267.50526934117079 3.1167122572660437 11.989113926887514 3.0368665903806678 28.504314258694649 26.081330806016922 121.54639866948128 21.423364117741588 12.659700140357016 186.50478494167328 24.419708825647831 42.113755419850349 32.818487260490656 2.0087161138653746 3.1597820445895222 22.420224063098431 18.306531131267548 16.664522234350443 2.7666489891707888 1.6367402970790861 2.0783528685569754 7.7223779223859292 3.3999025598168364 2.6257852166891098
leaf_count=1029 402 23 27 429 102 65 23 20 869 318 1286 20 63 14 142 129 778 136 79 1185 171 380 262 14 21 146 149 173 22 14 15 95 21 25
internal_value=0 -0.0167012 -0.00990669 0.0609676 0.00614222 -0.00596096 0.0453659 0.0767512 0.0252438 0.118511 -0.0488277 -0.134959 0.00999511 0.0927526 -0.0269231 -0.00218004 0.0131489 -0.153915 -0.0919218 -0.062349 -0.0580421 0.100224 0.0689297 -0.0445873 -0.171112 -0.118767 -0.115813 0.138004 0.188307 0.154137 0.198417 0.194122 -0.220546 0.0573887
internal_weight=0 1068.82 1011.43 363.168 774.88 662.013 324.333 112.868 383.279 80.3908 278.734 57.3908 186.173 138.16 32.4767 172.277 147.628 54.2741 24.6488 236.549 231.24 135.123 74.9322 188.514 50.4033 25.58 42.7262 60.1905 38.8353 13.8965 36.0686 9.35912 24.8233 4.53742
internal_count=8647 5744 5377 2903 3831 3249 2437 582 1898 420 1351 367 1206 1231 162 1049 907 347 142 1546 1519 1217 642 1199 324 167 320 575 466 157 444 109 157 48
is_linear=0
shrinkage=0.2


Tree=12
num_leaves=35
num_cat=0
split_feature=19 6 7 8 8 7 8 7 7 10 8 8 7 8 7 19 14 16 14 16 19 14 8 21 16 23 7 10 14 8 3 19 16 17
split_gain=30.3607 22.8 18.9716 25.7983 37.6429 26.1745 20.094 33.1777 26.3096 18.1273 14.9225 19.1094 9.71711 9.70269 9.48728 8.79367 7.6359 6.17922 4.95083 4.5387 4.21755 4.46438 3.62489 2.95628 2.69552 2.65211 2.57679 4.55756 2.54033 1.36001 0.449589 1.39598 0.425723 0.18137
threshold=0.012901306152343752 1.0000000180025095e-35 1.0000000180025095e-35 14.500000000000002 20.500000000000004 7.5000000000000009 6.5000000000000009 7.5000000000000009 4.5000000000000009 365.50000000000006 3.5000000000000004 10.500000000000002 3.5000000000000004 26.500000000000004 5.5000000000000009 0.001383781433105469 1560.8245239257815 1402.5000000000002 1518.2084960937502 1522.5000000000002 0.0012745857238769533 1697.039001464844 1.5000000000000002 0.18804170191287997 8553.5000000000018 1.0000000180025095e-35 7.5000000000000009 62.500000000000007 1502.6807861328127 1.5000000000000002 1.0000000180025095e-35 0.028167724609375003 296.50000000000006 -400.49999999999994
decision_type=2 2 2 2 2 2 2 2 2 2 2 2 2 2 2 2 2 10 2 8 2 2 2 2 10 2 2 2 2 2 2 2 10 8
left_child=1 2 10 6 14 -6 7 -4 -8 12 23 15 22 -13 -5 -12 17 18 -11 25 -18 -22 -3 -1 26 -14 29 33 -24 -2 31 -31 -32 -28
right_child=24 9 3 4 5 -7 8 -9 -10 16 11 13 19 -15 -16 -17 20 -19 -20 -21 21 -23 28 -25 -26 -27 27 -29 -30 30 32 -33 -34 -35
leaf_value=-0.019655107101039335 -0.010084502308748943 -0.041409739951912224 -0.079634718049985606 0.084767388468024341 -0.008230573001620934 -0.15672525261985037 -0.041139639953490507 0.075688975680832715 -0.1750479961336312 -0.019200851459741795 -0.050774448358475034 -0.0093088360213550436 0.035681934502630644 0.12813557158656397 -0.0066197038956215364 0.1625139799171969 -0.065997269854056337 0.12693427203533786 -0.15803878152762052 -0.11817455886604913 0.20744226262468032 -0.026440571325814573 0.026210653135999875 -0.23416137573405754 -0.083346716371620999 0.16396818713478448 0.056555829746044832 -0.092328117821308342 0.19821834318545917 0.15076817582007801 0.20783158821205494 -0.05808591739363797 0.14243690338114584 0.18831089280329885
leaf_weight=3.7243646681308737 1.5374224707484234 2.7267520427703849 138.96712254360318 176.30908348038793 159.37519568577409 67.011919148266315 130.9509796500206 90.127018317580223 106.503986120224 21.755747549235821 8.5724266394972783 147.38741586729884 24.379250317811966 23.194281481206417 61.013226009905338 58.862290050834417 4.9216843396425274 5.6936340257525435 19.165175139904022 5.3538635075092307 10.435778245329855 4.4290960282087317 3.9239336848258963 8.6791597753763181 1.637487594038247 8.3823760002851468 1.272200249135494 4.3381110355257988 49.257386684417725 4.5792823247611514 24.046745900064707 1.2976078726351259 14.229418460279701 4.1194482669234258
leaf_count=19 13 13 741 1014 918 366 752 476 562 120 63 962 124 167 321 398 38 29 108 26 47 20 26 45 18 41 17 33 380 73 433 22 216 60
internal_value=0 -0.00488874 -0.0145113 -0.0276634 0.00574843 -0.0525162 -0.0608329 -0.0184872 -0.101522 0.0656981 0.03429 0.0456007 0.121886 0.00980479 0.0613198 0.135169 -0.0142833 -0.0583192 -0.0857127 0.0429555 0.0879824 0.139607 0.174559 -0.174031 0.143247 0.0711146 0.150851 0.0527772 0.186007 0.170679 0.177029 0.103436 0.186369 0.166847
internal_weight=0 1341.1 1180.68 930.259 463.709 226.387 466.549 229.094 237.455 160.425 250.42 238.016 94.0236 170.582 237.322 67.4347 66.4011 46.6146 40.9209 38.1155 19.7866 14.8649 55.9081 12.4035 57.0577 32.7616 55.4202 9.72976 53.1813 45.6905 44.1531 5.87689 38.2762 5.39165
internal_count=8661 7776 6804 5150 2619 1284 2531 1217 1314 972 1654 1590 610 1129 1335 461 362 257 228 191 105 67 419 64 885 165 867 110 406 757 744 95 649 77
is_linear=0
shrinkage=0.2


Tree=13
num_leaves=57
num_cat=0
split_feature=19 7 7 8 8 7 8 7 7 0 0 1 5 7 8 2 5 13 1 22 21 15 8 7 7 2 21 13 19 5 7 19 19 19 15 1 13 10 22 21 21 0 13 14 23 0 14 4 15 15 7 19 18 15 21 7
split_gain=30.0972 27.5438 19.8618 19.1692 17.7638 64.3427 37.1519 17.891 15.9319 13.5761 12.0509 10.1084 9.28583 8.48743 8.40666 6.93995 9.05576 6.55133 6.47948 6.06063 6.40519 5.83192 5.78348 5.71114 5.69344 5.46875 5.46652 5.0682 8.14589 4.9222 7.70981 6.36567 4.43334 5.93201 4.21552 6.92203 5.30113 4.72555 4.42303 4.20081 5.02378 4.30116 4.13198 3.75293 3.66463 3.6531 3.40957 2.89521 2.43986 2.42631 2.34027 2.33063 1.53914 1.49028 0.583853 0.472348
threshold=0.0034780502319335942 3.5000000000000004 4.5000000000000009 4.5000000000000009 15.500000000000002 7.5000000000000009 6.5000000000000009 9.5000000000000018 9.5000000000000018 10.500000000000002 41.500000000000007 974.50000000000011 1.0000000180025095e-35 7.5000000000000009 20.500000000000004 1.0000000180025095e-35 1.0000000180025095e-35 650.50000000000011 -156.49999999999997 1.0000000180025095e-35 0.11973800137639047 3234432.5000000005 21.500000000000004 5.5000000000000009 5.5000000000000009 1.5000000000000002 0.046632817015051849 1819.5000000000002 0.0021438598632812504 1.0000000180025095e-35 1.5000000000000002 0.0041065216064453134 0.0030441284179687504 0.0032844543457031254 4749982.5000000009 514.50000000000011 1264.5000000000002 361.50000000000006 1.0000000180025095e-35 4.2034311294555673 1.5537087917327883 18.500000000000004 157.50000000000003 1548.998229980469 1.0000000180025095e-35 36.500000000000007 1566.0579223632815 1.5000000000000002 12650516.500000002 7315391.0000000009 6.5000000000000009 0.0037946701049804692 0.00066934432834386836 1713915.0000000002 0.18547298014163974 1.5000000000000002
decision_type=2 2 2 2 2 2 2 2 2 2 2 2 2 2 2 2 2 2 2 2 2 2 2 2 2 2 2 2 2 2 2 2 2 2 2 2 2 2 2 2 2 2 2 2 2 2 2 2 2 2 2 2 2 2 2 2
left_child=15 3 14 29 6 23 13 -8 -7 12 11 -11 22 -4 19 16 27 18 49 20 -3 53 -5 -6 32 -23 -14 39 44 30 31 -2 47 -34 37 45 -37 55 -39 40 -1 -41 -31 -12 -29 -36 -30 -18 50 -17 -26 -44 -21 -20 -16 -19
right_child=1 2 4 9 5 8 7 -9 -10 10 43 -13 26 -15 54 17 24 34 21 52 -22 25 -24 -25 48 -27 -28 28 46 42 -32 -33 33 -35 35 36 -38 38 -40 41 -42 -43 51 -45 -46 -47 -48 -49 -50 -51 -52 -53 -54 -55 -56 -57
leaf_value=0.031537174179210349 -0.13229707378450239 0.20468269247767676 -0.12907685339085093 0.17242106552648356 0.23303713292781791 -0.22051938157761578 -0.21356495129448941 -0.016404636265683954 -0.014424429953004324 0.14253809439744056 -0.16252873001745205 0.057963279444664562 0.14321144174315154 0.090471155976532977 -0.18571776778892723 -0.26317097087972413 -0.053288356361148627 -0.12367609162312705 0.061188028003346717 -0.2584435295414681 -0.1045988100509468 -0.048979375208123184 -0.084360998229525933 0.10724604548713997 -0.23919508249368657 0.092866205836983323 -0.1507873871532926 -0.12648833356499409 0.12613683571340459 0.14509610458288622 -0.16964918765961878 0.14145617152094289 0.15419714731269821 -0.042916274225645909 -0.11939057348634122 0.090302079236317431 -0.036896225782125917 -0.039047290198316598 -0.15136284334412392 -0.094527642260190337 0.129875299480602 0.044339618969873484 0.038070839130532858 0.067395492319595213 -0.0089556290846033622 0.07115058581027682 -0.046101375635681764 0.022188069853278924 0.021235841884883491 -0.0383200444632983 -0.094421794839685103 -0.11372490733277354 -0.071703459838612468 0.21184092223058784 -0.31361198339847979 -0.24121427491910763
leaf_weight=69.265596389770508 3.6529418304562631 4.5339979156851768 7.3996049761772147 10.124729868024586 44.845994580537081 21.944040082395077 47.652053382247686 29.933891523629427 44.906359527260065 164.9030629992485 8.0407285504043085 87.943776745349169 2.3868935406208065 58.745895273983479 7.1572060883045188 3.883811727166175 91.495095200836658 4.482404187321662 5.5349648147821409 4.1957482099533081 4.9222204610705376 35.528746321797371 4.7108209468424311 23.89604427292943 4.8014297038316718 14.877957701683043 18.109217580407858 24.544380150735378 14.345815882086756 2.5272683687508097 5.1652821525931349 16.948320753872395 11.721798345446588 11.598458476364611 51.847656264901161 14.837679408490656 84.6239363104105 38.032445140182972 22.199536755681038 15.680651985108851 29.426826648414135 19.037132278084755 4.3057024627923957 3.7634858414530745 18.511658236384392 3.9301609098911277 6.2137601077556601 25.675568878650665 5.980347365140914 3.7794133573770523 43.067573845386505 31.293257720768452 3.872260682284832 6.0728343725204468 8.1810214668512327 9.4711280614137632
leaf_count=357 20 24 33 95 326 112 246 162 253 1638 51 684 12 322 38 22 514 22 25 22 25 174 42 137 28 69 94 152 67 20 27 152 53 54 327 74 510 234 138 86 151 98 20 24 109 24 28 147 37 23 278 154 20 27 37 49
internal_value=0 0.0300898 -0.0134853 0.0674315 0.00396431 0.055753 -0.0449235 -0.138283 -0.0835822 0.0885833 0.1041 0.113351 -0.0274184 0.0648702 -0.15894 -0.0292473 -0.0116846 -0.0521505 0.00156316 -0.0605774 0.0473988 0.0235709 0.0907624 0.190756 -0.0422484 -0.00644831 -0.113124 0.0185033 -0.0277555 -0.031768 0.0352283 0.0902958 -0.0208485 0.0576901 -0.068421 -0.0493217 -0.017447 -0.107595 -0.0816442 0.0405897 0.0615315 -0.0189791 -0.0768733 -0.0895382 -0.0768609 -0.105285 0.0742675 -0.0367173 -0.0971442 -0.164193 -0.112022 -0.0950037 -0.181104 0.147214 -0.264132 -0.210801
internal_weight=0 676.062 312.186 363.875 279.324 135.592 143.731 77.5859 66.8504 299.983 264.651 252.847 35.3317 66.1455 32.8625 690.469 391.366 299.103 69.6777 17.5242 9.45622 62.0145 14.8356 68.742 194.34 50.4067 20.4961 197.026 63.6156 63.8928 25.7665 20.6013 140.491 23.3203 229.425 155.239 99.4616 74.1855 60.232 133.41 98.6924 34.7178 38.1262 11.8042 43.056 55.7778 20.5596 117.171 53.8494 7.66323 47.869 35.599 8.06801 11.6078 15.3382 13.9535
internal_count=8667 4790 1757 3033 1591 828 763 408 365 2640 2397 2322 243 355 166 3877 2159 1718 340 91 49 295 137 463 1111 243 106 1048 356 393 199 172 768 107 1378 935 584 443 372 692 508 184 194 75 261 351 95 661 343 45 306 174 42 52 75 71
is_linear=0
shrinkage=0.2


Tree=14
num_leaves=37
num_cat=0
split_feature=19 7 19 6 7 8 5 7 5 20 16 16 3 7 9 15 2 19 7 8 21 20 16 3 8 28 7 8 16 5 19 2 3 3 8 2
split_gain=23.1492 12.8515 13.0664 19.501 12.1638 14.4162 11.8619 4.93565 4.28563 4.24602 6.36281 4.62969 3.49735 3.48706 3.9678 3.46248 3.38496 5.20411 3.12713 3.11996 2.95696 2.67101 2.48482 2.46983 2.44049 2.16694 2.04567 1.67295 1.64587 1.672 1.54836 0.663409 0.546001 0.511034 0.320875 0.173154
threshold=0.011428833007812502 10.500000000000002 0.0027351379394531254 1.0000000180025095e-35 1.0000000180025095e-35 15.500000000000002 1.0000000180025095e-35 3.5000000000000004 1.0000000180025095e-35 14.159754753112795 5054.5000000000009 4105.5000000000009 1.5000000000000002 3.5000000000000004 1.0000000180025095e-35 11318373.000000002 1.0000000180025095e-35 0.0054779052734375009 1.5000000000000002 19.500000000000004 0.040046004578471191 3.6878577470779423 -914.49999999999989 4.5000000000000009 3.5000000000000004 1.0000000180025095e-35 7.5000000000000009 9.5000000000000018 485.50000000000006 1.0000000180025095e-35 0.015502929687500002 1.0000000180025095e-35 9.5000000000000018 2.5000000000000004 5.5000000000000009 1.0000000180025095e-35
decision_type=2 2 2 2 2 2 2 2 2 2 8 10 2 2 2 2 2 2 2 2 2 2 8 2 2 2 2 2 8 2 2 2 2 2 2 2
left_child=1 2 9 4 6 -6 -4 24 35 10 11 -1 -9 14 18 21 22 23 25 27 -17 26 -10 -18 -5 33 -15 -11 -23 -30 -20 -12 -16 -2 -24 -3
right_child=13 8 3 7 5 -7 -8 12 16 19 31 -13 -14 15 32 20 17 -19 30 -21 -22 28 34 -25 -26 -27 -28 -29 29 -31 -32 -33 -34 -35 -36 -37
leaf_value=-0.033295286486608032 0.064935061364945007 -0.1590378738121018 0.10106616796067734 0.029121440128262639 -0.042526948193848661 0.023824977598908826 -0.041059612042816107 -0.038763064197088415 0.02032848825177256 0.027645161379512402 -0.11860568663595204 0.092135831958959649 0.092695255716142719 0.12024937025900886 0.2000282462602776 -0.22323619196767588 -0.010246852585147589 0.18080247499517021 0.025097813738486671 -0.043670247339347434 0.048567645971241774 0.19892933533511944 -0.094261218398789759 -0.20572431900731891 0.16265205404001815 -0.073613105189644104 -0.1046998208676365 0.19745285295093451 0.14091981760559669 -0.047507771296463601 -0.2087470218243441 -0.23627150928352636 0.035878098448622345 0.19302454839235328 -0.21014633683086772 -0.27457960489380406
leaf_weight=465.54035567492247 2.8102121800184232 5.434108726680277 78.919189490377903 6.6850726567208758 295.0675683580339 234.52748515829444 32.891870688647032 12.582117386162279 2.7504106014966965 3.9744771569967252 7.9819871559739095 11.45087420940399 20.619025714695454 1.9192922934889853 25.139222020283345 2.3699901327490798 7.5596438869833928 3.5722580030560485 2.0749622471630569 5.7915480658411971 2.984318096190691 7.2555968519300169 2.982436157763007 3.3245704546570778 40.792598370462656 1.6211369782686231 3.7014638260006905 5.8901847377419472 3.3469207584857976 3.0725815277546644 1.5355064272880552 4.5567683503031731 1.1721272226423014 5.0304174553602934 8.1637712270021421 5.0935919582843781
leaf_count=2729 49 25 756 36 1563 1360 170 60 18 23 53 71 110 35 540 21 53 18 28 31 35 94 20 24 362 22 29 31 45 31 24 33 16 89 59 26
internal_value=0 -0.00965868 -0.00603931 0.0112196 -0.000479241 -0.0131504 0.0592609 0.10347 -0.121881 -0.0306905 -0.0339977 -0.03016 0.0430941 0.112991 0.149659 0.0520144 -0.0781809 -0.00918722 0.0557711 0.0698877 -0.0831142 0.0910306 -0.146256 -0.078364 0.144512 0.114226 -0.0232915 0.135105 0.13692 0.0547391 -0.0913564 -0.171115 0.19378 0.155783 -0.186192 -0.227934
internal_weight=0 1266.15 1227.27 722.085 641.406 529.595 111.811 80.6788 38.8808 505.186 489.53 476.991 33.2011 64.0337 39.3836 24.6502 28.3531 14.4565 13.0722 15.6562 5.35431 19.2959 13.8966 10.8842 47.4777 9.46177 5.62076 9.86466 13.6751 6.4195 3.61047 12.5388 26.3113 7.84063 11.1462 10.5277
internal_count=8689 7631 7388 4417 3849 2923 926 568 243 2971 2886 2800 170 1058 768 290 192 95 212 85 56 234 97 77 398 160 64 54 170 76 52 86 556 138 79 51
is_linear=0
shrinkage=0.2


Tree=15
num_leaves=46
num_cat=0
split_feature=19 0 3 19 13 9 0 14 17 0 9 13 17 8 2 8 1 4 10 13 8 10 3 1 14 10 13 19 17 10 20 27 14 0 1 18 9 19 17 3 20 11 20 17 13
split_gain=18.3574 12.9575 17.7227 11.5287 11.3338 12.3656 10.0656 8.23504 7.2427 6.67207 6.16902 6.08266 5.85785 6.21863 5.5988 7.70309 5.49338 4.83981 5.72616 5.49026 4.77616 7.666 4.42812 3.89752 3.86973 4.92898 3.70549 5.57666 3.60502 3.42276 3.35986 3.00167 2.05769 2.00383 1.95119 2.492 1.91535 3.81191 1.65084 1.24036 1.75108 1.00636 0.644119 0.870969 0.184526
threshold=0.0085830688476562517 11.500000000000002 4.5000000000000009 0.0022401809692382817 2345.5000000000005 1.0000000180025095e-35 41.500000000000007 1500.6453857421877 -312.49999999999994 12.500000000000002 2.5000000000000004 177.50000000000003 -356.49999999999994 12.500000000000002 1.0000000180025095e-35 7.5000000000000009 136.50000000000003 1.5000000000000002 62.500000000000007 294.50000000000006 26.500000000000004 253.50000000000003 7.5000000000000009 522.50000000000011 1540.1797485351565 780.50000000000011 1798.5000000000002 0.0031690597534179692 78.500000000000014 319.50000000000006 11.93323850631714 1.0000000180025095e-35 1719.7376708984377 41.500000000000007 157.50000000000003 0.0011166949407197537 1.0000000180025095e-35 0.024688720703125003 127.50000000000001 1.5000000000000002 69.299999237060561 33.500000000000007 1.4317392706871035 -217.49999999999997 108.50000000000001
decision_type=2 2 2 2 2 2 2 2 10 2 2 2 10 2 2 2 2 2 2 2 2 2 2 2 2 2 2 2 10 2 2 2 2 2 2 2 2 2 8 2 2 2 2 10 2
left_child=1 14 4 7 5 11 -7 -4 30 -10 -9 -3 29 -14 24 26 22 18 36 -20 31 -22 32 -21 34 38 28 -28 -16 -6 -5 -17 42 39 -1 -36 37 -18 -26 -19 -41 -24 44 -44 -2
right_child=16 2 3 8 12 6 -8 10 9 -11 -12 -13 13 -15 15 20 17 33 19 23 21 -23 41 -25 25 -27 27 -29 -30 -31 -32 -33 -34 -35 35 -37 -38 -39 -40 40 -42 -43 43 -45 -46
leaf_value=-0.11936017289605366 0.15997323162178823 0.10038425220780672 0.22639076385032869 0.11650499794936016 -0.18538322663370199 0.037155476585784983 -0.10960474628564712 0.001150462499978628 -0.14068669582770563 0.060323777143293067 -0.12551454592906205 -0.043246026303280796 -0.091693418779729238 -0.010705463497525231 0.012488670638635959 -0.14656569355418211 0.17706994769056816 0.010109810936426581 -0.20613437657418637 0.10444825333672594 0.14067415201319738 -0.11160258892583093 -0.15138246714433504 -0.012674195955372104 0.083988014024240804 -0.12070348889852325 0.22927467431343068 -0.029011360991236097 -0.1220583419402 -0.022266002473204639 0.27243146349839292 -0.051898837128602875 -0.048722006174950205 -0.016230431121796372 -0.10665495455212826 0.084338420025483446 0.19572553398798248 -0.1142054035653938 0.26216810776736921 0.2162009122155828 0.00048723510486112069 0.042518047605144556 -0.042035388469967128 0.15027421367029259 0.23353133676777973
leaf_weight=6.4969287812709871 13.659085679799331 11.855251044034956 5.0701220929622641 33.534562818706036 19.779838301241401 266.51103462278843 19.460102736949921 95.486093871295452 6.3048260584473601 143.38074216991663 17.665444254875183 215.36889764294028 62.91947078704834 94.479780867695808 19.992339227348566 62.058877728879452 3.1705410592257968 1.8268673662096286 4.1010792292654505 14.525345358997582 7.2448183745145824 11.673152260482309 1.6256241295486682 44.680365730077028 5.5813012160360804 2.5068441703915587 5.2520040422677976 7.3904880359768867 12.457714699208735 7.1417619511485091 6.7693553157150737 18.294907830655575 1.3425293266773213 2.6232725381851187 3.6513033062219602 6.8119486719369888 8.4595565311610681 2.7647391464561224 3.9310245290398589 11.421842226758598 1.7228126600384701 1.5815373603254554 1.2903238926082852 1.4387769624590863 9.5154820270836336
leaf_count=39 289 90 26 214 107 1544 119 567 34 861 114 1227 391 578 107 373 61 25 36 162 40 75 22 403 36 22 36 41 77 41 38 111 17 16 23 41 212 47 22 168 24 18 24 28 118
internal_value=0 -0.0070784 0.00163906 0.0415276 -0.0160093 -0.000709389 0.0269374 -0.00750067 0.0719554 0.0512722 -0.0192426 -0.0354811 -0.0584522 -0.0433295 -0.0574694 -0.073518 0.0731155 0.0488635 0.0268331 0.00045996 -0.10448 -0.0134943 0.14634 0.0169014 0.0223344 0.106172 -0.004826 0.0843833 -0.0405786 -0.143692 0.146692 -0.125615 0.172157 0.141632 -0.0388433 0.0152976 0.137676 0.0435536 0.169943 0.168807 0.189313 -0.0648853 0.184537 0.0689298 0.195849
internal_weight=0 1179.07 1005.73 308.211 697.516 513.195 285.971 118.222 189.989 149.686 113.152 227.224 184.321 157.399 173.344 144.364 125.75 95.2964 77.7016 63.3068 99.2718 18.918 30.4534 59.2057 28.9794 12.0192 45.0925 12.6425 32.4501 26.9216 40.3039 80.3538 27.2462 17.5948 16.9602 10.4633 14.3948 5.93528 9.51233 14.9715 13.1447 3.20716 25.9037 2.7291 23.1746
internal_count=8664 6994 5951 1854 4097 2980 1663 707 1147 895 681 1317 1117 969 1043 860 1670 1154 921 601 599 115 516 565 183 80 261 77 184 148 252 484 476 233 103 64 320 108 58 217 192 40 459 52 407
is_linear=0
shrinkage=0.2


Tree=16
num_leaves=51
num_cat=0
split_feature=4 4 10 7 9 19 14 10 7 17 7 7 2 7 13 17 17 15 20 14 14 11 7 20 17 13 23 20 17 2 16 7 17 13 17 16 20 15 21 14 25 21 4 17 15 17 14 11 27 17
split_gain=15.0751 13.5123 11.9726 11.2151 10.3084 9.61156 11.1028 7.05496 6.99256 6.87783 6.45587 6.27907 9.62618 7.58849 5.7936 5.81891 6.50409 5.05386 7.24168 5.55147 8.2281 4.92674 4.88229 5.41915 13.1401 4.74361 4.65105 4.5492 4.01543 3.95603 5.5167 5.00863 3.83533 3.46779 5.30854 4.34051 4.3853 3.33531 3.24926 3.11858 3.77704 2.69322 2.32534 2.0788 1.96473 1.67541 1.40972 1.79226 1.36548 1.17489
threshold=1.5000000000000002 1.0000000180025095e-35 520.50000000000011 7.5000000000000009 1.0000000180025095e-35 0.0034780502319335942 1532.8662109375002 93.500000000000014 10.500000000000002 365.50000000000006 2.5000000000000004 6.5000000000000009 1.0000000180025095e-35 5.5000000000000009 3132.0000000000005 220.50000000000003 365.50000000000006 10471320.000000002 3.3206384181976323 1574.8562011718752 1645.8510742187502 489.50000000000006 6.5000000000000009 1.7465413808822634 830.50000000000011 2180.5000000000005 1.0000000180025095e-35 0.18511927127838138 266.50000000000006 1.0000000180025095e-35 -1261.4999999999998 8.5000000000000018 -657.49999999999989 3912.5000000000005 322.50000000000006 1745.5000000000002 1.9834415316581728 4315666.0000000009 0.77519232034683239 1513.3911132812502 1.0000000180025095e-35 1.022695064544678 2.5000000000000004 544.50000000000011 5366502.5000000009 -65.499999999999986 1570.219909667969 3774.5000000000005 1.0000000180025095e-35 -470.49999999999994
decision_type=2 2 2 2 2 2 2 2 2 8 2 2 2 2 2 10 10 2 2 2 2 2 2 2 10 2 2 2 10 2 8 2 8 2 10 10 2 2 2 2 2 2 2 10 2 10 2 2 2 10
left_child=1 2 4 7 9 6 33 39 28 10 -1 13 -13 -9 15 37 -17 19 21 38 -21 -19 23 41 -25 26 -24 49 -6 31 -31 42 -32 35 -35 36 -2 -8 -5 40 -3 -4 -29 -27 -33 -20 -16 -48 -41 -7
right_child=5 3 22 17 8 27 14 11 -10 -11 -12 12 -14 -15 46 16 -18 18 45 20 -22 -23 25 24 -26 43 -28 29 -30 30 32 44 -34 34 -36 -37 -38 -39 -40 48 -42 -43 -44 -45 -46 -47 47 -49 -50 -51
leaf_value=0.032864270598646404 0.098010771078380299 0.1647808793793975 -0.13529743225022148 -0.1129707435646826 0.069895310048539036 0.044892010805146439 -0.01595244256574679 -0.023280981843859027 -0.15765883870577205 0.20959144527687765 -0.035821020119455899 -0.073234117957501857 0.25422118983697722 -0.26613491055162813 -0.25289090890235566 0.18640722907601293 -0.031312359212138714 -0.0061465126973887195 -0.052326619991263069 0.069544916408794025 -0.13076464516829642 0.21416921639939177 0.18844065041444677 -0.029266670429913377 0.35810890957354224 0.010505451380185916 -0.0061606927607965878 0.15952357587878083 -0.025366382290046893 -0.17099457281164293 0.24579887492530325 -0.1417139737252093 0.023104464853277894 0.0749623522352552 -0.212000631905082 0.26866687316322141 -0.054673713933147287 -0.17975396005028907 -0.22152537392927907 0.20727732421439415 -0.13006634753620946 -0.057119337592949307 0.05388493283264964 -0.19462159742756835 0.042998926095973194 -0.19980904569895391 -0.19668407566693447 -0.0091384064226869826 -0.00015829913945956131 0.22858143506437834
leaf_weight=91.03303050994873 39.133031733334064 2.3736124299466601 24.620618466287851 38.407146759331226 212.70601697824895 2.0029688961803904 10.431606180965902 297.48215823061764 5.3241301923990241 5.2890073060989371 135.19665860570967 6.0911301448941213 7.3285752460360527 4.5807918757200232 4.805758558213709 8.1674824878573435 14.088082686066626 12.252589177340274 7.0152986496686935 14.058551371097563 18.011929536238313 5.3807862326502791 9.26965452358127 31.115714594721794 3.2724188566207877 3.8269180357456198 9.6377706304192543 35.565470619127154 18.970160260796547 4.4997303746640682 2.9858094360679388 3.1318202503025514 21.495190482586629 5.9660137072205526 3.5861047357320786 4.3074804395437232 8.821445554494856 9.0916594043374044 17.209450602531433 8.3903535325080121 3.3951694741845131 65.643570363521576 12.0099103692919 3.2837927639484406 5.3042636159807444 5.9227858856320363 3.4188226237893105 4.2052204385399818 1.4750922136008746 11.136796744540332
leaf_count=679 227 55 169 234 1624 32 59 1775 29 28 777 32 42 26 32 47 97 65 38 84 112 34 57 196 24 28 64 345 91 36 21 17 154 34 25 25 53 53 98 177 49 430 105 28 33 40 26 26 23 130
internal_value=0 -0.00750135 0.0116556 -0.0338757 0.0274223 0.0505591 0.0114507 -0.0149213 0.0566818 -0.00260649 -0.00816729 -0.0215086 0.109151 -0.0275405 -0.0542631 -0.017584 0.0516783 -0.0865664 -0.0160954 -0.11083 -0.0433272 0.0664233 -0.0372772 -0.0536929 0.0136918 0.040748 0.092407 0.096409 0.0620448 0.0783057 0.0177507 0.109061 0.0560481 0.0690434 -0.0395582 0.0891406 0.0695601 -0.095641 -0.148782 0.113457 -0.004256 -0.079277 0.133967 -0.0927684 -0.0309191 -0.126309 -0.170393 -0.102272 0.17821 0.204093
internal_weight=0 1068.56 619.189 449.375 468.519 214.155 116.023 331.117 237 231.519 226.23 315.483 13.4197 302.063 54.2086 41.7788 22.2556 118.259 30.5715 87.6871 32.0705 17.6334 150.67 124.652 34.3881 26.0181 18.9074 98.132 231.676 84.9922 28.9807 56.0115 24.481 61.8141 9.55212 52.262 47.9545 19.5233 55.6166 15.6342 5.76878 90.2642 47.5754 7.11071 8.43608 12.9381 12.4298 7.62404 9.86545 13.1398
internal_count=8685 7108 4224 2884 3228 1577 704 2179 1744 1484 1456 1875 74 1801 340 256 144 705 177 528 196 99 996 819 220 177 121 873 1715 711 211 500 175 364 59 305 280 112 332 304 104 599 450 56 50 78 84 52 200 162
is_linear=0
shrinkage=0.2


Tree=17
num_leaves=28
num_cat=0
split_feature=19 7 0 0 3 0 16 0 10 0 14 32 0 15 5 21 11 14 14 21 0 11 32 14 11 17 16
split_gain=14.2911 8.76247 9.78205 9.73826 8.29864 9.9614 9.16672 5.31847 4.89332 4.48366 4.16146 3.737 3.66119 3.50262 3.28886 3.30888 3.09882 2.04598 2.29856 1.72355 1.65561 1.45778 1.43734 2.24506 0.836321 0.239665 0.112219
threshold=0.012901306152343752 10.500000000000002 4.5000000000000009 42.500000000000007 3.5000000000000004 12.500000000000002 1522.5000000000002 51.500000000000007 165.50000000000003 46.500000000000007 1511.6125488281252 1.0000000180025095e-35 20.500000000000004 10571609.500000002 1.0000000180025095e-35 0.11973800137639047 1057.5000000000002 1600.8984985351565 1668.4546508789065 1.7192744016647341 12.500000000000002 1146.5000000000002 1.0000000180025095e-35 1560.8245239257815 1405.5000000000002 -183.49999999999997 -4015.4999999999995
decision_type=2 2 2 2 2 2 10 2 2 2 2 2 2 2 2 2 2 2 2 2 2 2 2 2 2 10 10
left_child=1 2 19 4 6 -6 -4 11 -9 10 12 -5 -3 22 24 16 -16 20 -19 21 -12 -1 26 -24 -15 -17 -2
right_child=13 9 3 7 5 -7 -8 8 -10 -11 17 -13 -14 14 15 25 -18 18 -20 -21 -22 -23 23 -25 -26 -27 -28
leaf_value=-0.24307573575937569 0.07819271522031683 0.098222843979477364 0.004402551460436316 -0.15620688400014285 -0.033615105021204496 0.044706314575198511 -0.052246092458576726 0.10617743872456582 -0.06648271765718354 0.090911414828889869 -0.070444182953288331 0.037082567849623077 -0.13911374300959808 0.18196579115744863 -0.30988446576169121 0.020422262434097407 -0.0012615216275393519 0.074430728708559088 -0.15499663195936977 -0.036795698217366876 -0.23616357022989695 -0.068100604246843305 0.15815181628584585 -0.11437432743248187 0.017596333712941076 0.15352710457251426 0.19559699287046814
leaf_weight=7.6285284757614118 1.5687534939497734 5.1121781840920431 574.84202702715993 28.132712990045547 80.77428837493062 322.49606985598803 141.91468787938356 8.9106309264898318 20.256773568689823 3.9140195138752452 3.7952198386192384 4.3835824131965628 4.0652071014046669 4.1995393987745029 1.813821032643318 1.0420810114592316 2.7510632965713739 2.5460951998829833 3.3594411984086037 3.9691505432128897 13.210636660456656 3.3382977992296219 2.0895242914557453 1.5356830693781374 1.867538610473275 1.4349451549351213 18.160473858937625
leaf_count=47 39 34 3593 192 505 2111 845 43 156 33 26 28 26 108 22 20 38 19 26 22 84 20 67 31 34 27 499
internal_value=0 -0.00324374 -0.000292602 0.00178353 0.00606252 0.0289892 -0.00685167 -0.0751484 -0.0125439 -0.0995482 -0.124154 -0.129928 -0.00920399 0.122692 0.0373566 -0.0538744 -0.147704 -0.168639 -0.0585604 -0.157626 -0.203223 -0.196753 0.168231 0.0428724 0.138107 0.113706 0.189116
internal_weight=0 1232.65 1196.65 1181.71 1120.03 403.27 716.757 61.6837 29.1674 36.0028 32.0888 32.5163 9.17739 36.4634 13.109 7.04191 4.56488 22.9114 5.90554 14.936 17.0059 10.9668 23.3544 3.62521 6.06708 2.47703 19.7292
internal_count=8695 7810 7562 7473 7054 2616 4438 419 199 248 215 220 60 885 249 107 60 155 45 89 110 67 636 98 142 47 538
is_linear=0
shrinkage=0.2


Tree=18
num_leaves=24
num_cat=0
split_feature=10 23 17 0 4 0 15 15 16 16 20 16 18 19 7 13 7 20 15 0 1 14 0
split_gain=9.86606 8.29907 8.20522 8.3174 8.7612 7.45403 6.35247 10.2996 5.83357 5.14901 5.13539 4.68916 4.53757 4.32796 9.39132 3.35391 7.36935 3.95775 3.24873 2.75426 3.34234 2.45963 1.39917
threshold=62.500000000000007 1.0000000180025095e-35 509.50000000000006 41.500000000000007 1.5000000000000002 11.500000000000002 6481880.5000000009 5366502.5000000009 14969.000000000002 132.50000000000003 0.16150911152362826 -8872.9999999999982 0.00012282076204428452 0.0047950744628906259 2.5000000000000004 5219.0000000000009 2.5000000000000004 2.1084660291671757 1834532.0000000002 11.500000000000002 335.50000000000006 1536.4956665039065 39.500000000000007
decision_type=2 2 8 2 2 2 2 2 10 10 2 10 2 2 2 2 2 2 2 2 2 2 2
left_child=19 2 3 4 5 -2 7 -5 11 -8 -6 21 -4 18 -15 17 -17 -14 -13 20 -1 -3 -21
right_child=1 8 12 6 10 -7 9 -9 -10 -11 -12 13 15 14 -16 16 -18 -19 -20 22 -22 -23 -24
leaf_value=0.14805056202362685 -0.040845359445921874 -0.041058147071738549 -0.19161074706039508 -0.066748976487257694 0.18679319926992347 0.026502408159750787 -0.023297590101039167 0.29462848286254179 0.18892602510646281 -0.2153850879553168 0.060637651469335321 -0.086515329312401287 -0.026644618049691635 0.076910603968704375 -0.025318245489775862 0.27975154043728967 -0.10084143377393635 -0.17130178073160721 -0.026066286039591366 0.18736751675354935 -0.20241545286855797 -0.24439585125647767 -0.012536337244924554
leaf_weight=1.5354840997606545 77.491162745282054 4.6089651808142644 7.1541136391460887 11.214780891314147 15.803019678220151 414.45665202848613 9.7892903164029139 3.6387075856328002 4.5808426514267913 12.898430766537784 66.2383494656533 39.621974676847458 62.753999099135399 51.12206388451159 116.86238994449377 3.4447482712566844 3.5194981098175049 8.0052748434245569 317.5329180881381 14.981292488984765 1.5056722145527599 5.080489382147789 1.4498373866081227
leaf_count=40 465 30 65 77 135 2700 58 23 26 96 492 238 457 499 665 25 32 70 1899 513 20 34 31
internal_value=0 -0.00250302 0.011917 0.0200141 0.0260024 0.015853 -0.0704043 0.030612 -0.0211118 -0.135527 0.0862448 -0.0231432 -0.0461234 -0.0204873 0.00597329 -0.0312197 0.095389 -0.044453 -0.0329207 0.138623 -0.0306509 -0.156525 0.169927
internal_weight=0 1235.82 696.408 611.53 573.989 491.948 37.5412 14.8535 539.41 22.6877 82.0414 534.829 84.8776 525.139 167.984 77.7235 6.96425 70.7593 357.155 19.4723 3.04116 9.68945 16.4311
internal_count=8690 8086 4695 4046 3792 3165 254 100 3391 154 627 3365 649 3301 1164 584 57 527 2137 604 60 64 544
is_linear=0
shrinkage=0.2


Tree=19
num_leaves=38
num_cat=0
split_feature=13 29 16 8 7 7 7 7 7 12 7 7 16 21 12 3 12 8 8 7 8 12 21 18 13 21 3 21 8 16 7 14 8 1 14 18 17
split_gain=8.42196 7.37249 6.79383 6.79369 15.3962 10.2877 14.2949 13.0452 10.0105 8.44736 7.27489 6.57071 5.62586 6.36776 6.10632 5.10785 5.15016 4.89096 5.97392 4.73049 4.46357 4.40385 3.85703 3.55687 3.37852 3.57131 3.13828 3.53655 2.79135 3.73843 2.88303 2.31408 1.55441 1.61039 1.08329 0.641387 0.464666
threshold=255.50000000000003 1.0000000180025095e-35 -6146.9999999999991 20.500000000000004 7.5000000000000009 9.5000000000000018 10.500000000000002 8.5000000000000018 6.5000000000000009 132.50000000000003 2.5000000000000004 8.5000000000000018 1522.5000000000002 0.090597387403249754 209.50000000000003 7.5000000000000009 361.50000000000006 20.500000000000004 15.500000000000002 8.5000000000000018 14.500000000000002 473.50000000000006 0.14013780653476718 0.013423423748463394 150.50000000000003 2.334337711334229 3.5000000000000004 220.00000000000003 12.500000000000002 -51.499999999999993 6.5000000000000009 1515.4539184570315 26.500000000000004 686.50000000000011 1514.8974609375002 0.060661764815449722 82.500000000000014
decision_type=2 2 10 2 2 2 2 2 2 2 2 2 10 2 2 2 2 2 2 2 2 2 2 2 2 2 2 2 2 10 2 2 2 2 2 2 8
left_child=11 2 22 5 8 7 20 9 10 -3 -5 15 13 14 -4 16 28 18 -14 -15 -7 -19 -2 36 35 -26 27 -13 29 -1 -30 -18 -6 -34 -10 -17 -24
right_child=1 3 12 4 32 6 -8 -9 34 -11 -12 26 17 19 -16 24 31 21 -20 -21 -22 -23 23 -25 25 -27 -28 -29 30 -31 -32 -33 33 -35 -36 -37 -38
leaf_value=0.095104788392659637 0.042991640810308568 0.12034861875953631 0.12306237503636697 0.0061297663675037306 -0.26009889187381147 0.069547681252497662 -0.17705923409681079 -0.274833885127516 0.072490836579493456 0.0065149228246228685 -0.16028586867501704 -0.099642984555822156 -0.057264927863516661 -0.0040257310643506987 -0.048282299660367893 0.012753782138243814 0.071651777085485216 -0.14247056530797117 0.041975320759838036 -0.064103973978172454 0.19670696712596233 0.027377451701391511 -0.24388891248992742 0.016781343352561966 0.049521665837493102 -0.19233571388522544 -0.18338966445900506 0.10951580504488588 0.16169971739712041 -0.069897675745972568 -0.016488455768420934 -0.1235355421223025 -0.012170308009965061 -0.19375419678287856 0.23877963739883323 0.19513575126911206 -0.13611532845835608
leaf_weight=27.184560561552644 4.0644812099635628 27.917719416320324 26.883489693515003 58.477993892505765 9.342214800417425 20.560954481363297 5.7706109434366217 5.6025951132178298 3.05176576040685 298.45933418348432 12.132205050438641 6.297997500747444 83.227912290021777 369.81504469830543 11.491029404103754 1.3692429866641753 3.4125862047076208 31.373073499649763 33.579508782364428 60.439261298626661 26.248577265068889 7.3058058470487586 8.5852249488234502 3.3836824223399153 3.5484380107372981 5.8372186198830605 5.0781244318932286 5.3725313302129507 35.04414867144078 6.3258879659697405 3.9134265780448905 5.6003316342830658 3.409566029906272 4.2278332524001598 6.0815726406872272 1.4531587995588777 6.2014213651418713
leaf_count=334 31 452 273 472 46 105 35 26 21 1824 71 34 547 2181 74 22 18 203 218 423 147 59 56 18 27 35 28 25 585 64 31 29 17 23 36 22 42
internal_value=0 -0.00651377 -0.0204595 0.0122174 -0.0350021 0.0241338 0.105753 0.0110211 0.00238424 0.016477 -0.0236926 0.0511986 -0.0165149 -0.00555135 0.0718057 0.0717951 0.0898015 -0.0493942 -0.0286595 -0.012551 0.142609 -0.110469 -0.127486 -0.165791 -0.0468162 -0.10367 -0.0623562 -0.00264338 0.107457 0.0632026 0.143824 -0.049786 -0.204056 -0.120159 0.191909 0.125962 -0.206494
internal_weight=0 1127.63 646.35 481.283 96.7232 384.56 52.5801 331.98 79.7435 326.377 70.6102 110.438 624.115 468.629 38.3745 93.689 81.4809 155.486 116.807 430.254 46.8095 38.6789 22.2348 18.1703 12.2081 9.38566 16.7487 11.6705 72.468 33.5104 38.9576 9.01292 16.9796 7.6374 9.13334 2.8224 14.7866
internal_count=8654 7400 4125 3275 686 2589 287 2302 600 2276 543 1254 3978 2951 347 1167 1061 1027 765 2604 252 262 147 116 106 62 87 59 1014 398 616 47 86 40 57 44 98
is_linear=0
shrinkage=0.2


end of trees

feature_importances:
Column_7=109
Column_0=94
Column_8=85
Column_19=62
Column_16=51
Column_17=42
Column_14=39
Column_10=37
Column_15=35
Column_13=33
Column_12=30
Column_5=29
Column_21=25
Column_20=24
Column_3=22
Column_1=21
Column_2=21
Column_9=21
Column_4=16
Column_11=14
Column_18=14
Column_23=14
Column_6=13
Column_29=9
Column_27=4
Column_22=3
Column_32=3
Column_25=2
Column_26=1
Column_28=1

parameters:
[boosting: gbdt]
[objective: binary]
[metric: auc,l2]
[tree_learner: serial]
[device_type: cpu]
[linear_tree: 0]
[data: ]
[valid: ]
[num_iterations: 200]
[learning_rate: 0.2]
[num_leaves: 60]
[num_threads: -1]
[deterministic: 0]
[force_col_wise: 0]
[force_row_wise: 0]
[histogram_pool_size: -1]
[max_depth: 6]
[min_data_in_leaf: 20]
[min_sum_hessian_in_leaf: 0.001]
[bagging_fraction: 0.911027]
[pos_bagging_fraction: 1]
[neg_bagging_fraction: 1]
[bagging_freq: 1]
[bagging_seed: 3]
[feature_fraction: 0.743501]
[feature_fraction_bynode: 1]
[feature_fraction_seed: 2]
[extra_trees: 0]
[extra_seed: 6]
[early_stopping_round: 2]
[first_metric_only: 0]
[max_delta_step: 0]
[lambda_l1: 0]
[lambda_l2: 0.665102]
[linear_lambda: 0]
[min_gain_to_split: 0]
[drop_rate: 0.1]
[max_drop: 50]
[skip_drop: 0.5]
[xgboost_dart_mode: 0]
[uniform_drop: 0]
[drop_seed: 4]
[top_rate: 0.2]
[other_rate: 0.1]
[min_data_per_group: 100]
[max_cat_threshold: 32]
[cat_l2: 10]
[cat_smooth: 10]
[max_cat_to_onehot: 4]
[top_k: 20]
[monotone_constraints: ]
[monotone_constraints_method: basic]
[monotone_penalty: 0]
[feature_contri: ]
[forcedsplits_filename: ]
[refit_decay_rate: 0.9]
[cegb_tradeoff: 1]
[cegb_penalty_split: 0]
[cegb_penalty_feature_lazy: ]
[cegb_penalty_feature_coupled: ]
[path_smooth: 0]
[interaction_constraints: ]
[verbosity: -1]
[saved_feature_importance_type: 0]
[max_bin: 255]
[max_bin_by_feature: ]
[min_data_in_bin: 3]
[bin_construct_sample_cnt: 200000]
[data_random_seed: 1]
[is_enable_sparse: 1]
[enable_bundle: 1]
[use_missing: 1]
[zero_as_missing: 0]
[feature_pre_filter: 1]
[pre_partition: 0]
[two_round: 0]
[header: 0]
[label_column: ]
[weight_column: ]
[group_column: ]
[ignore_column: ]
[categorical_feature: ]
[forcedbins_filename: ]
[objective_seed: 5]
[num_class: 1]
[is_unbalance: 0]
[scale_pos_weight: 1]
[sigmoid: 1]
[boost_from_average: 1]
[reg_sqrt: 0]
[alpha: 0.9]
[fair_c: 1]
[poisson_max_delta_step: 0.7]
[tweedie_variance_power: 1.5]
[lambdarank_truncation_level: 30]
[lambdarank_norm: 1]
[label_gain: ]
[eval_at: ]
[multi_error_top_k: 1]
[auc_mu_weights: ]
[num_machines: 1]
[local_listen_port: 12400]
[time_out: 120]
[machine_list_filename: ]
[machines: ]
[gpu_platform_id: -1]
[gpu_device_id: -1]
[gpu_use_dp: 0]
[num_gpu: 1]

end of parameters

pandas_categorical:null
