tree
version=v3
num_class=1
num_tree_per_iteration=1
label_index=0
max_feature_idx=10
objective=binary sigmoid:1
feature_names=Column_0 Column_1 Column_2 Column_3 Column_4 Column_5 Column_6 Column_7 Column_8 Column_9 Column_10
feature_infos=[18:95] [-6847:81204] [0:2] [0:11] [0:3] [0:1] [0:1] [0:11] [1:31] [1:63] [3:3881]
tree_sizes=1178 1176 1184 1171 1164 1177 1173 1183 1168 1184 1173 1182 1188 1180 1176 1178 1175 1178 1180 1170 1173

Tree=0
num_leaves=10
num_cat=0
split_feature=10 10 5 7 10 7 7 1 5
split_gain=1690.24 450.706 358.506 332.823 163.701 106.286 79.1188 74.3811 66.4079
threshold=205.50000000000003 437.50000000000006 1.0000000180025095e-35 3.5000000000000004 87.500000000000014 3.5000000000000004 1.0000000180025095e-35 202.50000000000003 1.0000000180025095e-35
decision_type=2 2 2 2 2 2 2 2 2
left_child=3 2 6 -1 -5 7 -2 -4 -6
right_child=1 -3 5 4 8 -7 -8 -9 -10
leaf_value=0.56489714444029704 0.51105856181714315 -0.27646974217562625 0.31437235324864626 0.5689831622268624 0.28167709293505594 -0.26042029861776256 0.19312289859722331 -0.07611955503189817 -0.049606240869663878
leaf_weight=594.93250000476837 121.32836160063744 647.74895310401917 63.280090034008026 75.736800670623779 82.712558627128601 207.27966499328613 167.91645938158035 142.75390389561653 158.94762772321701
leaf_count=2388 487 2600 254 304 332 832 674 573 638
internal_value=0.117833 -0.095986 0.0704519 0.432567 0.184459 -0.1088 0.326581 0.0438533 0.0638036
internal_weight=0 1350.31 702.558 912.329 317.397 413.314 289.245 206.034 241.66
internal_count=9082 5420 2820 3662 1274 1659 1161 827 970
is_linear=0
shrinkage=1


Tree=1
num_leaves=10
num_cat=0
split_feature=5 7 1 0 0 7 8 7 1
split_gain=251.275 188.75 92.9154 74.1921 82.6715 53.8755 44.836 39.254 27.0794
threshold=1.0000000180025095e-35 8.5000000000000018 99.500000000000014 29.500000000000004 60.500000000000007 10.500000000000002 16.500000000000004 1.0000000180025095e-35 1595.5000000000002
decision_type=2 2 2 2 2 2 2 2 2
left_child=5 2 -2 -4 6 7 8 -1 -5
right_child=1 -3 3 4 -6 -7 -8 -9 -10
leaf_value=0.18274116421493578 0.13087938495865278 -0.3741087729418362 -0.3204546200752581 -0.025068124307120177 -0.35567396085975417 -0.46380618252428885 0.073387280537144758 0.064055247877534513 -0.20866520026576107
leaf_weight=452.19267943501472 216.58916798233986 183.30263608694077 109.24743244051933 193.14189328253269 72.289220348000526 14.482275441288946 270.94885741174221 563.3769163787365 115.48885567486286
leaf_count=1912 903 744 447 797 294 59 1122 2329 475
internal_value=0 -0.0948389 -0.0424458 -0.0917799 -0.0534102 0.108703 -0.0156516 0.116915 -0.0938178
internal_weight=0 1161.01 977.705 761.116 651.869 1030.05 579.58 1015.57 308.631
internal_count=9082 4782 4038 3135 2688 4300 2394 4241 1272
is_linear=0
shrinkage=0.3


Tree=2
num_leaves=10
num_cat=0
split_feature=10 10 5 10 6 1 5 1 9
split_gain=898.051 334.146 166.351 103.789 62.2111 45.8704 32.5864 31.2046 25.9615
threshold=348.50000000000006 134.50000000000003 1.0000000180025095e-35 651.50000000000011 1.0000000180025095e-35 61.500000000000007 1.0000000180025095e-35 974.50000000000011 3.5000000000000004
decision_type=2 2 2 2 2 2 2 2 2
left_child=1 -1 7 6 5 -4 -2 -3 -7
right_child=3 2 4 -5 -6 8 -8 -9 -10
leaf_value=0.34575310933479314 -0.062151618964919171 0.25430159324273732 0.13055413578444613 -0.36719120396003846 0.26582083533477274 -0.17815261454178893 -0.22556333392618255 0.064302814456388691 0.06269525674190754
leaf_weight=498.36716905236244 201.37876023352146 238.54362286627293 60.918563410639763 366.40081235766411 43.135344997048378 338.23651348054409 241.76324710249901 115.55551044642925 45.669673651456833
leaf_count=2178 827 1032 259 1497 181 1414 1011 492 191
internal_value=0 0.151082 0.0358375 -0.249068 -0.0777461 -0.111118 -0.151336 0.192336 -0.149492
internal_weight=0 1340.43 842.059 809.543 487.96 444.825 443.142 354.099 383.906
internal_count=9082 5747 3569 3335 2045 1864 1838 1524 1605
is_linear=0
shrinkage=0.3


Tree=3
num_leaves=10
num_cat=0
split_feature=10 10 0 10 3 3 9 1 10
split_gain=514.534 175.461 82.2471 67.5442 46.876 50.9931 32.763 32.6387 26.2976
threshold=175.50000000000003 520.50000000000011 60.500000000000007 87.500000000000014 10.500000000000002 3.5000000000000004 3.5000000000000004 223.50000000000003 447.50000000000006
decision_type=2 2 2 2 2 2 2 2 2
left_child=3 2 4 -1 5 7 -5 -2 -7
right_child=1 -3 -4 6 -6 8 -8 -9 -10
leaf_value=0.35536765984894331 0.075612607541707733 -0.24727715138548567 -0.35241797137192293 0.11413333459477502 -0.33434900433737907 0.15797453341181814 0.33363162478152342 -0.087480756522142641 -0.13622770387026809
leaf_weight=219.71931889653206 159.10461458563805 489.82387155294418 63.403607532382011 361.94985869526863 35.581044167280197 235.60225206613541 73.618882313370705 360.41799773275852 30.850813612341881
leaf_count=1110 693 2128 286 1651 156 1028 349 1551 130
internal_value=0 -0.10324 -0.0234962 0.219774 0.00193049 0.0171969 0.151305 -0.0375279 0.12387
internal_weight=0 1374.78 884.96 655.288 821.557 785.976 435.569 519.523 266.453
internal_count=9082 5972 3844 3110 3558 3402 2000 2244 1158
is_linear=0
shrinkage=0.3


Tree=4
num_leaves=10
num_cat=0
split_feature=7 0 0 7 8 7 7 8 8
split_gain=115.169 51.6953 48.0178 37.788 37.5489 53.8155 53.1922 57.5836 35.3616
threshold=8.5000000000000018 60.500000000000007 28.500000000000004 9.5000000000000018 16.500000000000004 7.5000000000000009 2.5000000000000004 4.5000000000000009 8.5000000000000018
decision_type=2 2 2 2 2 2 2 2 2
left_child=1 2 -1 -2 6 -6 7 -4 -8
right_child=3 -3 4 -5 5 -7 8 -9 -10
leaf_value=-0.10592927698304658 -0.42006299634111477 -0.2170739924694092 -0.15988419174396776 -0.12777109492621067 0.12636062473266887 -0.50150288678460286 0.014504344783996807 0.12456828819785926 -0.19556066304846664
leaf_weight=174.63509584963322 48.489218190312386 72.195197954773903 76.480061918497086 221.26172485947609 630.7989077270031 12.427892819046972 151.30616617202759 391.50450226664543 137.6818914860487
leaf_count=824 221 357 356 1028 3023 53 689 1902 629
internal_value=0 0.030974 0.0423591 -0.180457 0.0608605 0.114149 0.0155698 0.0780562 -0.0856114
internal_weight=0 1647.03 1574.83 269.751 1400.2 643.227 756.973 467.985 288.988
internal_count=9082 7833 7476 1249 6652 3076 3576 2258 1318
is_linear=0
shrinkage=0.3


Tree=5
num_leaves=10
num_cat=0
split_feature=10 10 5 10 9 0 0 10 1
split_gain=295.548 129.309 69.8506 43.0862 27.8682 23.6242 30.2651 21.2182 17.6979
threshold=365.50000000000006 130.50000000000003 1.0000000180025095e-35 679.50000000000011 1.5000000000000002 59.500000000000007 29.500000000000004 78.500000000000014 1595.5000000000002
decision_type=2 2 2 2 2 2 2 2 2
left_child=1 7 -3 -2 -4 6 -6 -1 -8
right_child=3 2 4 -5 5 -7 8 -9 -10
leaf_value=0.32652017307856779 -0.091792147446959391 0.12838604392307806 -0.12279707071089628 -0.2440150890628425 -0.20554984743839258 -0.25942866156030892 0.15673022065911982 0.17944891150585657 -0.044630564040126858
leaf_weight=147.97099427878857 395.3419560790062 343.49535734951496 234.22028720378876 290.35475577414036 34.757585152983665 24.25935959815979 135.54932689666748 220.26351577043533 55.241227060556412
leaf_count=934 1780 1639 1063 1384 159 122 608 1152 241
internal_value=0 0.0907612 0.0249422 -0.156278 -0.0484799 0.0212227 0.0515165 0.238625 0.0984361
internal_weight=0 1195.76 827.523 685.697 484.028 249.807 225.548 368.235 190.791
internal_count=9082 5918 3832 3164 2193 1130 1008 2086 849
is_linear=0
shrinkage=0.3


Tree=6
num_leaves=10
num_cat=0
split_feature=7 7 7 2 7 5 7 1 0
split_gain=62.6699 61.6646 40.3042 26.725 25.191 31.185 30.1794 20.2207 15.6948
threshold=3.5000000000000004 4.5000000000000009 8.5000000000000018 1.0000000180025095e-35 9.5000000000000018 1.0000000180025095e-35 10.500000000000002 675.00000000000011 25.500000000000004
decision_type=2 2 2 2 2 2 2 2 2
left_child=3 -2 8 7 -4 6 -6 -1 -3
right_child=1 2 4 -5 5 -7 -8 -9 -10
leaf_value=0.13199824308567951 -0.34839663354749822 -0.32234731235979214 -0.34456913292174507 -0.0089551064284489439 0.10095983538816634 -0.20107508880025954 -0.3777172569530613 0.022942327856428444 0.033226619978298053
leaf_weight=362.02832359820604 64.896131657063961 11.42920061945915 42.465227223932743 465.6530085504055 83.164944276213646 108.8236922621727 13.716334715485571 265.07595553994179 355.29000034183264
leaf_count=1959 310 57 221 2405 397 572 59 1358 1744
internal_value=0 -0.0705141 -0.0411311 0.0454897 -0.13447 -0.0909425 0.0328505 0.0859122 0.0220548
internal_weight=0 679.786 614.889 1092.76 248.17 205.705 96.8813 627.104 366.719
internal_count=9082 3360 3050 5722 1249 1028 456 3317 1801
is_linear=0
shrinkage=0.3


Tree=7
num_leaves=10
num_cat=0
split_feature=10 10 10 5 6 1 9 0 10
split_gain=183.737 52.7951 52.1741 36.1493 19.5985 18.1629 18.3451 14.8777 13.9135
threshold=251.50000000000003 613.50000000000011 119.50000000000001 1.0000000180025095e-35 1.0000000180025095e-35 90.500000000000014 4.5000000000000009 60.500000000000007 62.500000000000007
decision_type=2 2 2 2 2 2 2 2 2
left_child=2 4 8 -4 7 -5 -7 -2 -1
right_child=1 -3 3 5 -6 6 -8 -9 -10
leaf_value=0.31933557162898629 -0.044142934115667894 -0.18740064978358681 0.14274309248434874 0.13826116855887796 0.11435042209066069 -0.072963373047566685 0.24939224294812243 -0.25080512135775684 0.16938346676141533
leaf_weight=78.375649005174637 517.11982454359531 324.38988237828016 222.94901093840599 55.84359073638916 67.614893078804016 231.89061181992292 16.954075574874878 33.277424827218056 194.20505401492119
leaf_count=635 2402 1671 1190 280 304 1094 85 215 1206
internal_value=0 -0.0894119 0.106054 0.0509767 -0.037955 -0.0161976 -0.0509041 -0.0566838 0.212607
internal_weight=0 942.402 800.218 527.637 618.012 304.688 248.845 550.397 272.581
internal_count=9082 4592 4490 2649 2921 1459 1179 2617 1841
is_linear=0
shrinkage=0.3


Tree=8
num_leaves=10
num_cat=0
split_feature=10 7 8 9 7 8 7 8 7
split_gain=112.052 86.7708 52.6594 44.6013 34.6002 37.5344 80.3257 45.7597 29.2548
threshold=410.50000000000006 2.5000000000000004 4.5000000000000009 1.5000000000000002 4.5000000000000009 16.500000000000004 7.5000000000000009 8.5000000000000018 5.5000000000000009
decision_type=2 2 2 2 2 2 2 2 2
left_child=1 2 -1 4 -3 7 -7 -6 -5
right_child=-2 3 -4 8 5 6 -8 -9 -10
leaf_value=-0.10833587420269289 -0.11180408974944531 -0.27519639771672305 0.18749583369550551 0.14156149026546469 0.02936609011962708 0.32375354127601108 -0.18484142165759096 -0.35213492816767461 -0.039575365151834234
leaf_weight=61.992337048053741 538.88447900861502 77.133295804262161 424.85518152266741 174.64304953068495 55.735721677541733 58.382401131093502 53.427882358431816 57.339851044118404 148.31872135400772
leaf_count=309 2802 377 2648 974 283 316 283 290 761
internal_value=0 0.0548688 0.149811 -0.0191021 -0.101959 -0.0424384 0.0807796 -0.164239 0.0583895
internal_weight=0 1111.83 486.848 624.981 302.019 224.886 111.81 113.076 322.962
internal_count=9043 6241 2957 3284 1549 1172 599 573 1735
is_linear=0
shrinkage=0.3


Tree=9
num_leaves=10
num_cat=0
split_feature=10 7 10 7 10 10 8 8 1
split_gain=89.941 47.0239 33.5369 19.1176 19.7444 17.4924 15.2005 32.1825 20.9243
threshold=145.50000000000003 3.5000000000000004 801.50000000000011 1.0000000180025095e-35 282.50000000000006 62.500000000000007 15.500000000000002 21.500000000000004 853.50000000000011
decision_type=2 2 2 2 2 2 2 2 2
left_child=1 -1 3 4 -2 -3 -5 -8 -9
right_child=2 5 -4 6 -6 -7 7 8 -10
leaf_value=0.2428396541922451 0.16648404459833918 0.28403679980495766 -0.16148552969776273 -0.078400653079744087 -0.0071102344954925446 -0.033248336528087535 0.084314401896007557 -0.0035850670856268233 -0.19879848213941873
leaf_weight=182.29075811058283 92.231628380715847 17.945817776024342 164.45201749354601 420.11656395345926 163.14697399735451 116.87046870589256 212.23962854593992 122.6550402417779 82.658819623291492
leaf_count=1605 595 167 1000 2133 797 610 1063 630 443
internal_value=0 0.143535 -0.0352235 -0.0162132 0.0556275 0.00917647 -0.0381194 0.00241864 -0.0822395
internal_weight=0 317.107 1257.5 1093.05 255.379 134.816 837.67 417.553 205.314
internal_count=9043 2382 6661 5661 1392 777 4269 2136 1073
is_linear=0
shrinkage=0.3


Tree=10
num_leaves=10
num_cat=0
split_feature=10 7 8 10 4 4 0 10 1
split_gain=52.4363 38.8721 27.8036 20.1154 18.419 23.1262 21.161 15.1615 14.8247
threshold=153.50000000000003 7.5000000000000009 7.5000000000000009 613.50000000000011 1.5000000000000002 1.0000000180025095e-35 53.500000000000007 64.500000000000014 2.5000000000000004
decision_type=2 2 2 2 2 2 2 2 2
left_child=1 -1 -3 4 5 6 -2 -4 -6
right_child=3 2 7 -5 8 -7 -8 -9 -10
leaf_value=0.17259157749838963 0.045210257767087959 0.16812954054301346 0.28925709474700823 -0.1004733069150008 0.33784175543061523 -0.086344657125179178 -0.13824167206198212 -0.24353005671805672 0.053656326884114335
leaf_weight=233.14993320405483 387.69690030813217 29.713078543543816 5.2352549955248824 265.52653255313635 18.832602553069592 325.33956065773964 66.153195332735777 49.365010984241962 129.94116611033678
leaf_count=2121 1981 164 46 1680 107 1634 367 230 713
internal_value=0 0.109484 -0.0650231 -0.0276815 -0.00684377 -0.0253147 0.0184443 -0.191983 0.089845
internal_weight=0 317.463 84.3133 1193.49 927.963 779.19 453.85 54.6003 148.774
internal_count=9043 2561 440 6482 4802 3982 2348 276 820
is_linear=0
shrinkage=0.3


Tree=11
num_leaves=10
num_cat=0
split_feature=0 4 4 9 8 6 8 7 8
split_gain=22.0252 19.634 18.2861 16.8088 16.1243 12.9252 11.6827 12.835 16.1231
threshold=25.500000000000004 1.5000000000000002 1.0000000180025095e-35 1.5000000000000002 7.5000000000000009 1.0000000180025095e-35 13.500000000000002 3.5000000000000004 9.5000000000000018
decision_type=2 2 2 2 2 2 2 2 2
left_child=4 2 3 -2 -1 6 7 -4 -9
right_child=1 -3 5 -5 -6 -7 -8 8 -10
leaf_value=0.11146956641398605 -0.02583450688928068 0.087607184674834346 -0.060803179644852025 0.069052633810734856 -0.25669211991631846 0.093564513183240508 -0.024335452595105618 -0.12753392826743656 -0.42904784829338555
leaf_weight=13.726489350199698 314.30074434354901 236.93345655500889 117.56663052365184 360.80399753898382 47.737763144075871 49.702516969293356 246.03146475180984 52.721173632889986 22.881639756262302
leaf_count=82 1884 1575 675 2299 288 294 1513 308 125
internal_value=0 0.00890842 -0.00711721 0.02488 -0.174422 -0.0512965 -0.0677085 -0.122907 -0.219262
internal_weight=0 1400.94 1164.01 675.105 61.4643 488.903 439.201 193.169 75.6028
internal_count=9043 8673 7098 4183 370 2915 2621 1108 433
is_linear=0
shrinkage=0.3


Tree=12
num_leaves=10
num_cat=0
split_feature=7 0 3 9 1 2 8 5 7
split_gain=14.3975 12.1867 14.7711 13.9878 11.0602 10.1863 6.55249 6.52209 10.383
threshold=10.500000000000002 25.500000000000004 4.5000000000000009 3.5000000000000004 50.500000000000007 1.0000000180025095e-35 8.5000000000000018 1.0000000180025095e-35 1.0000000180025095e-35
decision_type=2 2 2 2 2 2 2 2 2
left_child=1 6 3 4 -3 -4 -1 8 -6
right_child=-2 2 5 -5 7 -7 -8 -9 -10
leaf_value=0.035813486488065746 -0.17052628513408552 0.05298433110010755 0.093156010119830809 0.073665871557559354 0.065866489890041763 -0.0019905348571293518 -0.1949218304026708 -0.069732404851047439 -0.052575403186439808
leaf_weight=15.216623555868862 42.823756493628025 131.38581359013915 268.7424665465951 150.5633981116116 105.54463446512818 162.45704706385732 40.323886901140213 354.33207323029637 180.17237478867173
leaf_count=89 272 817 1771 1054 724 974 257 2083 1002
internal_value=0 0.00583482 0.0114921 -0.00994355 -0.0262697 0.0573173 -0.131759 -0.0425447 -0.00881445
internal_weight=0 1408.74 1353.2 921.998 771.435 431.2 55.5405 640.049 285.717
internal_count=9043 8771 8425 5680 4626 2745 346 3809 1726
is_linear=0
shrinkage=0.3


Tree=13
num_leaves=10
num_cat=0
split_feature=10 10 1 0 9 7 7 8 7
split_gain=37.161 22.6984 24.5571 15.0084 14.985 14.5742 31.539 17.3468 36.3354
threshold=78.500000000000014 477.50000000000006 -1.0000000180025095e-35 59.500000000000007 1.5000000000000002 2.5000000000000004 4.5000000000000009 16.500000000000004 7.5000000000000009
decision_type=2 2 2 2 2 2 2 2 2
left_child=-1 2 -2 4 5 -4 -7 8 -8
right_child=1 -3 3 -5 -6 6 7 -9 -10
leaf_value=0.22809589959060092 0.23234397495680253 -0.070973903515335182 0.042446437543965064 -0.12831001278595389 0.051655616483995505 -0.25469193896203374 -0.44001275358124287 0.085299758485984242 0.0061797014517185073
leaf_weight=61.601631470024586 44.339051675051451 391.34157722070813 161.16881144419312 71.066868983209133 465.20970035716891 63.830884523689747 21.58715683221817 88.263313174247742 67.637219272553921
leaf_count=915 328 2358 979 453 2726 321 111 485 367
internal_value=0 -0.00987921 0.0144456 0.00412895 0.0149904 -0.027391 -0.0740313 -0.00894602 -0.102167
internal_weight=0 1374.44 983.103 938.764 867.697 402.487 241.319 177.488 89.2244
internal_count=9043 8128 5770 5442 4989 2263 1284 963 478
is_linear=0
shrinkage=0.3


Tree=14
num_leaves=10
num_cat=0
split_feature=10 7 9 8 10 7 8 7 7
split_gain=24.9951 19.3559 16.9251 11.8216 11.2613 11.4293 10.8854 10.0935 22.0242
threshold=175.50000000000003 1.0000000180025095e-35 4.5000000000000009 23.500000000000004 923.50000000000011 10.500000000000002 27.500000000000004 6.5000000000000009 5.5000000000000009
decision_type=2 2 2 2 2 2 2 2 2
left_child=1 3 -3 -1 5 7 -5 8 -2
right_child=4 2 -4 6 -6 -7 -8 -9 -10
leaf_value=0.3078417063127919 -0.016731737226466165 0.014399304467860249 0.25491790764575628 -0.22887115744062395 -0.11985077043805473 -0.20422737845344607 0.2830923793417563 0.053027000244534127 -0.41531787298186923
leaf_weight=42.839584697037935 704.34478907287121 266.59913749992847 29.113258793950081 8.328326039016245 97.984351709485054 27.214005146175623 6.6063513755798331 195.89818085357547 12.595968954265116
leaf_count=599 3829 1907 381 83 712 205 97 1157 73
internal_value=0 0.0692299 0.0381615 0.227889 -0.0231223 -0.0130276 -0.00200508 -0.00730442 -0.0237949
internal_weight=0 353.487 295.712 57.7743 1038.04 940.053 14.9347 912.839 716.941
internal_count=9043 3067 2288 779 5976 5264 180 5059 3902
is_linear=0
shrinkage=0.3


Tree=15
num_leaves=10
num_cat=0
split_feature=10 6 10 8 8 8 10 10 1
split_gain=19.0207 11.3201 18.4468 8.43895 22.0479 18.2145 10.18 9.42244 8.58422
threshold=76.500000000000014 1.0000000180025095e-35 588.50000000000011 21.500000000000004 27.500000000000004 18.500000000000004 457.50000000000006 255.50000000000003 943.50000000000011
decision_type=2 2 2 2 2 2 2 2 2
left_child=-1 3 -3 5 -5 -2 -7 -6 -8
right_child=1 2 -4 4 7 6 8 -9 -10
leaf_value=0.19333248370147474 -0.020600643128166347 0.12315189874565365 -0.11380573425826543 -0.14216867960507687 0.12361524539585179 0.15806921830079568 0.11830037989969312 -0.038230630528364902 -0.1352788612430581
leaf_weight=44.438792750239372 737.18113002367318 125.99930085986853 38.533111393451691 146.54843702912331 53.426361698657274 89.439999498426914 23.063049823045731 81.822980090975761 24.851655542850494
leaf_count=881 4520 795 246 917 368 543 132 488 153
internal_value=0 -0.00598132 0.0676194 -0.0164591 -0.0615971 -0.00190873 0.0983491 0.0257487 -0.0132305
internal_weight=0 1320.87 164.532 1156.33 281.798 874.536 137.355 135.249 47.9147
internal_count=9043 8162 1041 7121 1773 5348 828 856 285
is_linear=0
shrinkage=0.3


Tree=16
num_leaves=10
num_cat=0
split_feature=3 0 1 8 7 8 7 7 7
split_gain=11.1717 7.19196 9.02921 8.54144 9.44768 7.41312 8.96837 8.58942 6.71765
threshold=1.0000000180025095e-35 29.500000000000004 932.50000000000011 21.500000000000004 7.5000000000000009 28.500000000000004 6.5000000000000009 1.0000000180025095e-35 8.5000000000000018
decision_type=2 2 2 2 2 2 2 2 2
left_child=-1 5 -3 -4 -5 7 -7 -2 -8
right_child=1 2 3 4 -6 6 8 -9 -10
leaf_value=-0.071206155415503791 0.046910859109864499 0.044951645424205482 0.0098238048559496621 -0.04048078912338033 -0.26944695475499209 -0.15533118046327388 0.57786603207469112 -0.11096387463588107 0.059404962579139249
leaf_weight=167.41674548573792 43.407568674534559 591.82377634011209 330.17731988802552 69.160208657383919 21.102552648633718 5.0875860601663581 4.8030605316162092 108.10305269248784 4.2007856145501137
leaf_count=1093 302 4129 2126 485 147 42 25 697 32
internal_value=0 0.0115913 0.0210736 -0.0125406 -0.0942641 -0.0463474 0.161008 -0.0657318 0.339482
internal_weight=0 1177.87 1012.26 420.44 90.2628 165.602 14.0914 151.511 9.00385
internal_count=9078 7985 6887 2758 632 1098 99 999 57
is_linear=0
shrinkage=0.3


Tree=17
num_leaves=10
num_cat=0
split_feature=10 7 5 4 8 7 7 7 1
split_gain=11.2993 15.6456 17.7392 13.427 11.7448 25.6983 22.8407 33.8551 12.5787
threshold=285.50000000000006 1.0000000180025095e-35 1.0000000180025095e-35 1.5000000000000002 16.500000000000004 7.5000000000000009 4.5000000000000009 3.5000000000000004 -50.499999999999993
decision_type=2 2 2 2 2 2 2 2 2
left_child=1 2 -1 4 8 6 7 -6 -3
right_child=-2 3 -4 -5 5 -7 -8 -9 -10
leaf_value=0.21224006875767018 -0.026080553017948472 0.34367397475427214 -0.060261690119408746 0.12031017088736135 0.10165034320894921 -0.12815263361187829 0.26297988664209432 -0.36137875235281525 -0.065452752924417157
leaf_weight=75.484378054738045 686.90977273136377 6.8485343754291526 29.990454852581024 82.200115935876966 80.223303655162454 57.982668362557888 53.934264689683914 17.160884603857994 248.40879026800394
leaf_count=1031 4083 61 193 640 750 338 401 90 1491
internal_value=0 0.0290477 0.134775 0.00862971 -0.0111542 0.041512 0.106569 0.0197519 -0.0543378
internal_weight=0 652.233 105.475 546.759 464.558 209.301 151.318 97.3842 255.257
internal_count=9078 4995 1224 3771 3131 1579 1241 840 1552
is_linear=0
shrinkage=0.3


Tree=18
num_leaves=10
num_cat=0
split_feature=10 10 0 6 7 3 1 0 7
split_gain=9.02644 7.56722 16.4381 9.85635 6.90511 6.5041 9.78327 7.95191 6.78822
threshold=62.500000000000007 801.50000000000011 60.500000000000007 1.0000000180025095e-35 9.5000000000000018 3.5000000000000004 2144.5000000000005 25.500000000000004 8.5000000000000018
decision_type=2 2 2 2 2 2 2 2 2
left_child=-1 3 4 5 -3 6 8 -7 -2
right_child=1 2 -4 -5 -6 7 -8 -9 -10
leaf_value=0.19212567067851619 0.011605772491489195 -0.1093449502386999 0.64450178201763997 0.082142604700491631 0.16503398004439998 -0.13207406740906164 -0.093446198622365043 0.036584063313514915 -0.086194950561170006
leaf_weight=21.781923428177834 411.90807557292283 112.23739184252918 2.7068360336124888 133.08849672786891 8.816608112305401 26.869321463629603 140.24655090272427 374.14575971104205 75.485256429761648
leaf_count=631 2572 875 39 919 89 190 854 2440 469
internal_value=0 -0.00216097 -0.0726487 0.00535405 -0.0892345 -0.00458838 -0.0236549 0.0252515 -0.00355661
internal_weight=0 1285.5 123.761 1161.74 121.054 1028.65 627.64 401.015 487.393
internal_count=9078 8447 1003 7444 964 6525 3895 2630 3041
is_linear=0
shrinkage=0.3


Tree=19
num_leaves=10
num_cat=0
split_feature=10 3 10 0 0 0 10 10 4
split_gain=5.66386 4.82066 5.42785 10.1257 7.75815 6.55566 10.5264 7.40106 6.91323
threshold=62.500000000000007 1.0000000180025095e-35 1172.0000000000002 56.500000000000007 59.500000000000007 71.500000000000014 603.50000000000011 165.50000000000003 1.5000000000000002
decision_type=2 2 2 2 2 2 2 2 2
left_child=-1 -2 4 -4 -3 6 -6 -7 -8
right_child=1 2 3 -5 5 7 8 -9 -10
leaf_value=0.16577786900875283 -0.05073071973367075 0.01612332572659584 -0.16435638189070079 0.34594940442296962 -0.19281069059399839 0.25552990809102588 -0.055044992945694225 -0.080003355650174315 0.54547299378215142
leaf_weight=18.307278267107904 158.5535901542753 999.72717721760273 32.168541586026549 3.8251758590340605 46.360764542594552 9.2823970615863818 4.0008590333163729 15.906294524669645 2.9045451283454895
leaf_count=631 1015 6556 275 34 324 46 35 138 24
internal_value=0 -0.00180543 0.00516109 -0.109268 0.00899151 -0.0817862 -0.141332 0.0441982 0.201973
internal_weight=0 1272.73 1114.18 35.9937 1078.18 78.4549 53.2662 25.1887 6.9054
internal_count=9078 8447 7432 309 7123 567 383 184 59
is_linear=0
shrinkage=0.3


Tree=20
num_leaves=10
num_cat=0
split_feature=8 7 7 7 8 5 8 8 7
split_gain=4.22029 20.118 20.7827 26.2085 13.2798 11.189 10.4709 10.4431 10.0947
threshold=20.500000000000004 7.5000000000000009 6.5000000000000009 3.5000000000000004 18.500000000000004 1.0000000180025095e-35 27.500000000000004 21.500000000000004 9.5000000000000018
decision_type=2 2 2 2 2 2 2 2 2
left_child=4 2 3 -2 8 -3 -4 -5 -1
right_child=1 5 6 7 -6 -7 -8 -9 -10
leaf_value=-0.013528270148548429 0.022528584196280808 -0.36567812343770811 -0.30254664943378851 -0.069752300024634908 0.11283714692312441 -0.093136888242102325 0.27527176033882983 -0.34683326328732478 0.091442380144717214
leaf_weight=736.38030828069896 207.5431521832943 20.284388687461615 3.0139084681868544 22.599882028996944 102.09145849850029 40.782010363414884 31.353786746039987 26.776265328750014 92.74053493142128
leaf_count=5046 1654 104 18 169 782 332 207 172 594
internal_value=0 -0.0277418 0.0051019 -0.0242366 0.0108002 -0.184144 0.223825 -0.220432 -0.00177669
internal_weight=0 352.353 291.287 256.919 931.212 61.0664 34.3677 49.3761 829.121
internal_count=9078 2656 2220 1995 6422 436 225 341 5640
is_linear=0
shrinkage=0.3


end of trees

feature_importances:
Column_7=46
Column_10=41
Column_8=27
Column_0=19
Column_1=17
Column_5=11
Column_9=9
Column_3=6
Column_4=6
Column_6=5
Column_2=2

parameters:
[boosting: gbdt]
[objective: binary]
[metric: auc,l2]
[tree_learner: serial]
[device_type: cpu]
[linear_tree: 0]
[data: ]
[valid: ]
[num_iterations: 200]
[learning_rate: 0.3]
[num_leaves: 10]
[num_threads: -1]
[deterministic: 0]
[force_col_wise: 0]
[force_row_wise: 0]
[histogram_pool_size: -1]
[max_depth: 9]
[min_data_in_leaf: 20]
[min_sum_hessian_in_leaf: 0.001]
[bagging_fraction: 0.954684]
[pos_bagging_fraction: 1]
[neg_bagging_fraction: 1]
[bagging_freq: 8]
[bagging_seed: 3]
[feature_fraction: 0.850232]
[feature_fraction_bynode: 1]
[feature_fraction_seed: 2]
[extra_trees: 0]
[extra_seed: 6]
[early_stopping_round: 2]
[first_metric_only: 0]
[max_delta_step: 0]
[lambda_l1: 0]
[lambda_l2: 0.106013]
[linear_lambda: 0]
[min_gain_to_split: 0]
[drop_rate: 0.1]
[max_drop: 50]
[skip_drop: 0.5]
[xgboost_dart_mode: 0]
[uniform_drop: 0]
[drop_seed: 4]
[top_rate: 0.2]
[other_rate: 0.1]
[min_data_per_group: 100]
[max_cat_threshold: 32]
[cat_l2: 10]
[cat_smooth: 10]
[max_cat_to_onehot: 4]
[top_k: 20]
[monotone_constraints: ]
[monotone_constraints_method: basic]
[monotone_penalty: 0]
[feature_contri: ]
[forcedsplits_filename: ]
[refit_decay_rate: 0.9]
[cegb_tradeoff: 1]
[cegb_penalty_split: 0]
[cegb_penalty_feature_lazy: ]
[cegb_penalty_feature_coupled: ]
[path_smooth: 0]
[interaction_constraints: ]
[verbosity: 1]
[saved_feature_importance_type: 0]
[max_bin: 255]
[max_bin_by_feature: ]
[min_data_in_bin: 3]
[bin_construct_sample_cnt: 200000]
[data_random_seed: 1]
[is_enable_sparse: 1]
[enable_bundle: 1]
[use_missing: 1]
[zero_as_missing: 0]
[feature_pre_filter: 1]
[pre_partition: 0]
[two_round: 0]
[header: 0]
[label_column: ]
[weight_column: ]
[group_column: ]
[ignore_column: ]
[categorical_feature: ]
[forcedbins_filename: ]
[objective_seed: 5]
[num_class: 1]
[is_unbalance: 0]
[scale_pos_weight: 1]
[sigmoid: 1]
[boost_from_average: 1]
[reg_sqrt: 0]
[alpha: 0.9]
[fair_c: 1]
[poisson_max_delta_step: 0.7]
[tweedie_variance_power: 1.5]
[lambdarank_truncation_level: 30]
[lambdarank_norm: 1]
[label_gain: ]
[eval_at: ]
[multi_error_top_k: 1]
[auc_mu_weights: ]
[num_machines: 1]
[local_listen_port: 12400]
[time_out: 120]
[machine_list_filename: ]
[machines: ]
[gpu_platform_id: -1]
[gpu_device_id: -1]
[gpu_use_dp: 0]
[num_gpu: 1]

end of parameters

pandas_categorical:null
