tree
version=v3
num_class=1
num_tree_per_iteration=1
label_index=0
max_feature_idx=6
objective=binary sigmoid:1
feature_names=Column_0 Column_1 Column_2 Column_3 Column_4 Column_5 Column_6
feature_infos=[-6847:81204] [0:1] [0:1] [0:11] [1:31] [1:63] [3:3881]
tree_sizes=1177 1176 1172 1179 1165 1181 1183 1174 1171 1176 1183 1175 1178 1173 1175 1176 1168 1165 1181 1177 1170 1174 1168 1168 1174 1176 1173 1172 1168 1170 1168

Tree=0
num_leaves=10
num_cat=0
split_feature=6 6 1 3 6 3 0 3 1
split_gain=1713.14 432.328 342.45 301.259 159.469 96.0892 77.2628 76.5486 71.2445
threshold=206.50000000000003 437.50000000000006 1.0000000180025095e-35 3.5000000000000004 87.500000000000014 3.5000000000000004 202.50000000000003 1.0000000180025095e-35 1.0000000180025095e-35
decision_type=2 2 2 2 2 2 2 2 2
left_child=3 2 7 -1 -5 6 -4 -2 -6
right_child=1 -3 5 4 8 -7 -8 -9 -10
leaf_value=0.56268615385330079 0.5004458771431145 -0.27886346396058936 0.31100887992223236 0.57564199193321464 0.30522043248070585 -0.25841739179343881 -0.088834236234020952 0.18383152888587628 -0.045907004566691723
leaf_weight=585.76428046822548 119.09626799821854 637.33944255113602 62.288843095302582 74.497456341981888 77.985631555318832 202.06500700116158 141.27109614014626 162.20014742016792 153.72886475920677
leaf_count=2351 478 2558 250 299 313 811 567 651 617
internal_value=0.116382 -0.101009 0.0641753 0.436712 0.195396 -0.112106 0.0336937 0.318324 0.0724201
internal_weight=0 1324.26 686.921 891.976 306.212 405.625 203.56 281.296 231.714
internal_count=8895 5315 2757 3580 1229 1628 817 1129 930
is_linear=0
shrinkage=1


Tree=1
num_leaves=10
num_cat=0
split_feature=6 6 1 3 3 2 6 6 3
split_gain=939.181 258.882 240.981 138.186 86.1024 68.0706 60.1488 54.2834 66.7088
threshold=175.50000000000003 609.50000000000011 1.0000000180025095e-35 7.5000000000000009 8.5000000000000018 1.0000000180025095e-35 130.50000000000003 392.50000000000006 2.5000000000000004
decision_type=2 2 2 2 2 2 2 2 2
left_child=3 2 7 6 5 -4 -1 8 -2
right_child=1 -3 4 -5 -6 -7 -8 -9 -10
leaf_value=0.41176485335098711 0.29945350459029069 -0.34088918476170393 -0.16298452128286098 0.0066518303955590006 -0.41519729117946069 0.21884356288807152 0.20335651617622041 -0.044885899823101628 0.0076208992543873475
leaf_weight=394.29446865618229 178.49552454054356 408.75174218416214 434.24370670318604 133.20489066839218 114.73529890179634 46.084557622671127 184.57855796813965 135.16997911036015 116.34104299545288
leaf_count=1696 752 1667 1768 547 466 189 786 553 471
internal_value=0 -0.13917 -0.0586069 0.282199 -0.182192 -0.126161 0.345545 0.112429 0.184505
internal_weight=0 1433.82 1025.07 712.078 595.064 480.328 578.873 430.007 294.837
internal_count=8895 5866 4199 3029 2423 1957 2482 1776 1223
is_linear=0
shrinkage=0.3


Tree=2
num_leaves=10
num_cat=0
split_feature=6 6 1 3 3 3 6 4 3
split_gain=532.839 201.592 157.887 73.2588 69.3717 52.9395 42.9369 41.332 36.4767
threshold=138.50000000000003 409.50000000000006 1.0000000180025095e-35 8.5000000000000018 2.5000000000000004 3.5000000000000004 77.500000000000014 16.500000000000004 7.5000000000000009
decision_type=2 2 2 2 2 2 2 2 2
left_child=5 2 4 7 -2 -1 -7 -4 -9
right_child=1 -3 3 -5 -6 6 -8 8 -10
leaf_value=0.35816186352921103 0.26113828628663199 -0.21126091458730017 -0.12289652943535112 -0.32345872179107954 -0.0025878563071609676 0.3672086517950256 0.038903084290298949 0.095775752887246948 -0.43609438410111351
leaf_weight=302.68206936120987 228.19125550985336 636.99509525299072 248.05432300269604 102.10613332688808 147.75595194101334 52.648940801620483 110.59912838041782 181.32855367660522 11.904535204172133
leaf_count=1512 1044 2741 1030 444 604 248 462 757 49
internal_value=0 -0.0816214 0.00826948 -0.0951099 0.157622 0.283916 0.145582 -0.0419681 0.0619691
internal_weight=0 1556.34 919.341 543.394 375.947 465.93 163.248 441.287 193.233
internal_count=8891 6669 3928 2280 1648 2222 710 1836 806
is_linear=0
shrinkage=0.3


Tree=3
num_leaves=10
num_cat=0
split_feature=6 6 1 3 3 6 2 3 5
split_gain=313.456 129.227 109.753 47.809 46.4817 40.2459 39.7379 37.4069 32.7996
threshold=134.50000000000003 651.50000000000011 1.0000000180025095e-35 10.500000000000002 8.5000000000000018 257.50000000000006 1.0000000180025095e-35 7.5000000000000009 1.5000000000000002
decision_type=2 2 2 2 2 2 2 2 2
left_child=7 2 3 5 6 -2 8 -1 -4
right_child=1 -3 4 -5 -6 -7 -8 -9 -10
leaf_value=0.29168516592439708 0.20526590757798829 -0.23071224698949813 -0.16464186782487952 -0.50441724920175557 -0.26341643835399775 0.031873705200433838 0.1769179449134447 0.059617925341557361 -0.012878378324614857
leaf_weight=306.66086864471436 212.88201978802681 311.12272071838379 236.89786659181118 11.286612406373022 116.73075710237026 277.22165712714195 58.674489259719849 78.859972029924393 278.75483384728432
leaf_count=1782 1013 1472 1004 46 563 1234 249 342 1186
internal_value=0 -0.058695 -0.0137361 0.093062 -0.0912336 0.107321 -0.0560394 0.244353 -0.0826924
internal_weight=0 1503.57 1192.45 501.39 691.058 490.104 574.327 385.521 515.653
internal_count=8891 6767 5295 2293 3002 2247 2439 2124 2190
is_linear=0
shrinkage=0.3


Tree=4
num_leaves=10
num_cat=0
split_feature=6 3 3 4 4 3 4 6 3
split_gain=187.948 89.9689 89.3451 72.6739 50.1961 113.213 86.0634 36.3638 30.1199
threshold=285.50000000000006 3.5000000000000004 4.5000000000000009 5.5000000000000009 16.500000000000004 7.5000000000000009 7.5000000000000009 801.50000000000011 9.5000000000000018
decision_type=2 2 2 2 2 2 2 2 2
left_child=1 3 -3 -1 6 -6 -4 -2 -7
right_child=7 2 4 -5 5 8 -8 -9 -10
leaf_value=-0.098959627623375915 -0.066676661862235503 -0.43850694772531457 0.15021964105261648 0.21908892661044746 0.36549577430513347 -0.38010138850817754 -0.27274972112788487 -0.21709253296923112 0.010685888146909383
leaf_weight=74.793520420789719 655.89152827858925 39.558870509266853 79.110927745699883 465.03371196985245 96.291588917374611 25.654078617691994 94.5002561211586 185.40387593209743 55.167362809181213
leaf_count=406 3019 173 352 2690 473 116 427 971 258
internal_value=0 0.0956952 -0.014042 0.174972 0.0343897 0.146558 -0.0801335 -0.0999343 -0.114929
internal_weight=0 930.11 390.283 539.827 350.724 177.113 173.611 841.295 80.8214
internal_count=8885 4895 1799 3096 1626 847 779 3990 374
is_linear=0
shrinkage=0.3


Tree=5
num_leaves=10
num_cat=0
split_feature=6 0 6 0 3 4 3 1 6
split_gain=143.241 59.6716 55.5506 38.6609 27.2559 30.7232 34.4843 26.0577 18.9543
threshold=113.50000000000001 800.50000000000011 360.50000000000006 -1.0000000180025095e-35 1.0000000180025095e-35 16.500000000000004 7.5000000000000009 1.0000000180025095e-35 77.500000000000014
decision_type=2 2 2 2 2 2 2 2 2
left_child=8 2 3 -2 -5 -6 -7 -3 -1
right_child=1 7 -4 4 5 6 -8 -9 -10
leaf_value=0.30681526163958456 0.35620125744311443 -0.026710576086879156 -0.069105698762733078 0.20404136006730861 -0.063600518662327035 0.19481953208692757 -0.13983630045920428 -0.15171522317319819 0.13407132019073759
leaf_weight=116.75868567824364 43.419121108949184 249.50265462696552 353.60341154038906 92.715533405542374 180.22240826487541 120.04817711561918 35.589335352182388 377.08896151185036 114.22632080316544
leaf_count=906 239 1261 1767 548 837 574 173 1830 750
internal_value=0 -0.0322341 0.0207452 0.0880605 0.0605121 0.0206461 0.118092 -0.102001 0.221864
internal_weight=0 1452.19 825.598 471.995 428.575 335.86 155.638 626.592 230.985
internal_count=8885 7229 4138 2371 2132 1584 747 3091 1656
is_linear=0
shrinkage=0.3


Tree=6
num_leaves=10
num_cat=0
split_feature=6 6 3 5 1 4 2 3 4
split_gain=84.8452 43.065 57.7265 46.0951 40.7065 26.4932 25.4365 21.8208 15.8111
threshold=87.500000000000014 520.50000000000011 1.0000000180025095e-35 1.5000000000000002 1.0000000180025095e-35 16.500000000000004 1.0000000180025095e-35 7.5000000000000009 20.500000000000004
decision_type=2 2 2 2 2 2 2 2 2
left_child=-1 2 4 6 -2 -5 -4 -7 -9
right_child=1 -3 3 5 -6 7 -8 8 -10
leaf_value=0.24793666615925136 0.22206314158601467 -0.10398012023208834 -0.11960547777845293 -0.023277285078895715 -0.078588575751179737 0.16534046671965644 0.11567764453410181 0.12026759010233014 -0.23648436191788241
leaf_weight=117.43145100772381 168.61104267090559 376.88180811703205 371.06909911334515 252.71222132444382 53.021564364433289 177.92029273509979 46.133233450353146 20.591565638780594 23.381938062608242
leaf_count=1088 1092 2094 1792 1210 248 926 228 96 120
internal_value=0 -0.0163973 0.0132814 -0.0207914 0.150123 0.0431376 -0.0934812 0.118659 -0.0699528
internal_weight=0 1490.32 1113.44 891.808 221.633 474.606 417.202 221.894 43.9735
internal_count=8894 7806 5712 4372 1340 2352 2020 1142 216
is_linear=0
shrinkage=0.3


Tree=7
num_leaves=10
num_cat=0
split_feature=6 0 1 6 6 3 3 2 4
split_gain=57.5731 41.5061 29.4465 27.2998 25.5783 21.5437 21.681 17.8828 15.568
threshold=77.500000000000014 38.500000000000007 1.0000000180025095e-35 247.50000000000003 531.50000000000011 2.5000000000000004 4.5000000000000009 1.0000000180025095e-35 16.500000000000004
decision_type=2 2 2 2 2 2 2 2 2
left_child=-1 4 3 5 -2 -3 -7 -4 -8
right_child=1 2 7 -5 -6 6 8 -9 -10
leaf_value=0.25384057456775394 0.16331335173983413 0.21861248860181998 -0.087426435818666479 -0.029196496729459339 -0.062303799831732509 -0.25471998672677459 -0.05552932661250496 0.081340969398145918 0.2233284100233692
leaf_weight=77.610131360590458 173.9172268435359 90.226462744176388 642.86348797380924 335.65479074418545 60.752047643065453 20.627167068421841 34.049619197845459 61.559338383376598 37.389256075024605
leaf_count=903 1020 751 3363 1740 351 109 144 324 189
internal_value=0 -0.0105312 -0.0327246 0.0215664 0.104896 0.114861 0.0125508 -0.0726307 0.0909548
internal_weight=0 1457.04 1222.37 517.947 234.669 182.293 92.066 704.423 71.4389
internal_count=8894 7991 6620 2933 1371 1193 442 3687 333
is_linear=0
shrinkage=0.3


Tree=8
num_leaves=10
num_cat=0
split_feature=6 0 6 1 5 5 0 4 4
split_gain=39.862 22.8912 23.4009 20.5265 23.3514 20.3956 18.9589 15.2226 18.8966
threshold=143.50000000000003 950.50000000000011 924.50000000000011 1.0000000180025095e-35 3.5000000000000004 1.5000000000000002 101.50000000000001 21.500000000000004 15.500000000000002
decision_type=2 2 2 2 2 2 2 2 2
left_child=3 2 5 -1 6 -2 -5 8 -3
right_child=1 7 -4 4 -6 -7 -8 -9 -10
leaf_value=0.2014625763141204 -0.028050851272036766 -0.090381271632506949 -0.16283394545201291 0.20055962076003989 0.2621248716422378 0.076721102183298501 -0.094599696680969556 -0.16936377845880138 0.0527256307426269
leaf_weight=116.80715695023537 307.74255178123713 247.33868373930454 62.175705373287201 24.549705896526575 30.774986315518618 365.18901999294758 89.41238259896636 110.03699813038111 124.4902218580246
leaf_count=1204 1646 1314 418 210 304 1943 591 602 655
internal_value=0 -0.0208027 0.012512 0.108184 0.0324712 0.0288219 -0.0304189 -0.071586 -0.0424619
internal_weight=0 1216.97 735.107 261.544 144.737 672.932 113.962 481.866 371.829
internal_count=8887 6578 4007 2309 1105 3589 801 2571 1969
is_linear=0
shrinkage=0.3


Tree=9
num_leaves=10
num_cat=0
split_feature=6 3 4 6 4 4 4 3 3
split_gain=29.553 18.9057 21.4669 20.8329 20.7118 14.8819 37.428 25.6716 35.2917
threshold=77.500000000000014 1.0000000180025095e-35 4.5000000000000009 604.50000000000011 11.500000000000002 15.500000000000002 20.500000000000004 7.5000000000000009 6.5000000000000009
decision_type=2 2 2 2 2 2 2 2 2
left_child=-1 2 -2 4 -4 -3 -7 8 -8
right_child=1 5 3 -5 -6 6 7 -9 -10
leaf_value=0.21535163742048122 -0.31690865009661517 -0.05965776884340783 0.27519149322766556 -0.06158691339511746 0.065841338929629206 0.097766744017969975 -0.063209117264081585 -0.22048302307361092 0.25414164820367224
leaf_weight=55.534959830343723 12.436990559101103 550.85627266019583 59.545786302536726 70.762588918209076 147.48480531200767 243.15450382605195 197.22862420603633 68.814827099442482 37.024877451360226
leaf_count=904 68 2921 432 454 1020 1333 1147 412 196
internal_value=0 -0.00687184 0.0611529 0.0786172 0.126572 -0.0248873 0.0102006 -0.0600997 -0.0126164
internal_weight=0 1387.31 290.23 277.793 207.031 1097.08 546.223 303.068 234.254
internal_count=8887 7983 1974 1906 1452 6009 3088 1755 1343
is_linear=0
shrinkage=0.3


Tree=10
num_leaves=10
num_cat=0
split_feature=5 6 0 2 3 3 3 3 6
split_gain=19.2192 34.2935 17.1381 10.5624 10.7314 11.0182 17.3545 11.4942 10.669
threshold=3.5000000000000004 238.50000000000003 34.500000000000007 1.0000000180025095e-35 1.0000000180025095e-35 4.5000000000000009 3.5000000000000004 10.500000000000002 153.50000000000003
decision_type=2 2 2 2 2 2 2 2 2
left_child=2 -2 -1 4 8 6 -6 -7 -4
right_child=1 -3 3 -5 5 7 -8 -9 -10
leaf_value=0.072385230097102002 0.22627691005141495 -0.015158799186789531 0.21003846014909158 0.060040516211645141 -0.066214793306993175 -0.002510372324239638 -0.25833140528260945 -0.18330127678847061 -0.0023548132821487144
leaf_weight=178.95138286054134 89.095901019871235 129.30715973675251 24.115023341029882 108.5503913089633 300.41907447949052 339.84827661141753 48.903301745653152 34.402144357562065 157.31178837269545
leaf_count=1214 859 711 354 678 1704 1926 251 222 977
internal_value=0 0.0836246 -0.0130797 -0.0281975 -0.0388085 -0.0551594 -0.0934405 -0.0193513 0.0263753
internal_weight=0 218.403 1192.5 1013.55 905 723.573 349.322 374.25 181.427
internal_count=8896 1570 7326 6112 5434 4103 1955 2148 1331
is_linear=0
shrinkage=0.3


Tree=11
num_leaves=10
num_cat=0
split_feature=6 3 5 3 6 0 6 0 6
split_gain=16.4098 17.9794 18.0956 40.1717 16.5789 10.1955 8.02358 6.68843 7.08916
threshold=801.50000000000011 2.5000000000000004 1.5000000000000002 4.5000000000000009 161.50000000000003 1403.5000000000002 134.50000000000003 223.50000000000003 260.50000000000006
decision_type=2 2 2 2 2 2 2 2 2
left_child=1 4 3 -3 -1 -4 -7 8 -6
right_child=-2 2 5 -5 7 6 -8 -9 -10
leaf_value=0.16116758816497742 -0.098411959737584292 -0.24625464385849435 0.061224815213855553 -0.0090265156642502734 0.17981186787320622 0.12586181075223377 -0.08027265872642976 -7.255790991892702e-05 0.038110313374040292
leaf_weight=102.8558235578239 133.13971018046141 85.789080291986465 247.76482317410409 251.62380444258451 43.105994734913111 20.015124620869756 99.367890678346157 283.30022567510605 118.6080449000001
leaf_count=1401 976 459 1452 1450 326 156 524 1540 612
internal_value=0 0.0121774 -0.0195152 -0.0696179 0.0529149 0.0265616 -0.0453329 0.0277419 0.0763191
internal_weight=0 1252.43 704.561 337.413 547.87 367.148 119.383 445.014 161.714
internal_count=8896 7920 4041 1909 3879 2132 680 2478 938
is_linear=0
shrinkage=0.3


Tree=12
num_leaves=10
num_cat=0
split_feature=6 5 6 3 2 6 0 6 1
split_gain=13.7069 10.3003 10.5506 9.19373 7.65282 10.4004 6.36133 5.24979 6.13636
threshold=62.500000000000007 6.5000000000000009 879.50000000000011 10.500000000000002 1.0000000180025095e-35 679.50000000000011 1184.5000000000002 1175.5000000000002 1.0000000180025095e-35
decision_type=2 2 2 2 2 2 2 2 2
left_child=-1 3 -3 4 7 -6 -7 8 -2
right_child=1 2 -4 -5 5 6 -8 -9 -10
leaf_value=0.21242521316254709 0.017031855163423558 0.17874814138566783 -0.26490747369428524 -0.15385141411210204 0.094373653771734151 -0.19517589489565812 0.14192387453727434 -0.13091469969080313 -0.029296630944429625
leaf_weight=26.359773185104132 443.42137357406318 43.49378414824605 4.9734420627355567 37.869146771728992 124.95978397317231 19.751368172466758 6.3043971657752982 32.747145988047123 611.73429534211755
leaf_count=617 2920 318 40 256 795 137 42 262 3495
internal_value=0 -0.004046 0.130985 -0.00922103 -0.00474001 0.0584312 -0.112477 -0.0135318 -0.00982858
internal_weight=0 1325.25 48.4672 1276.79 1238.92 151.016 26.0558 1087.9 1055.16
internal_count=8882 8265 358 7907 7651 974 179 6677 6415
is_linear=0
shrinkage=0.3


Tree=13
num_leaves=10
num_cat=0
split_feature=5 4 4 4 3 3 3 3 4
split_gain=6.84227 10.8881 21.4398 21.2255 17.169 29.4961 15.3756 29.4002 20.1672
threshold=3.5000000000000004 21.500000000000004 18.500000000000004 27.500000000000004 3.5000000000000004 1.5000000000000002 9.5000000000000018 8.5000000000000018 9.5000000000000018
decision_type=2 2 2 2 2 2 2 2 2
left_child=1 2 6 4 5 -3 7 8 -1
right_child=-2 3 -4 -5 -6 -7 -8 -9 -10
leaf_value=0.036527354526873175 0.051710354552644791 -0.23576029606671467 0.11509252418432364 0.023298255145580864 -0.2911307768763165 0.13354532411464881 0.10218279676082669 -0.36127807125888806 -0.070619979095138855
leaf_weight=314.90173897333443 196.68470237217844 40.989579498767853 138.28135132044554 125.33318524248898 47.970984037965536 36.216838730499148 90.557859741151333 22.673898063600063 316.54430621862411
leaf_count=1978 1570 300 905 875 294 244 542 135 2039
internal_value=0 -0.0088375 0.00683253 -0.0639724 -0.151097 -0.0627774 -0.0133342 -0.0293924 -0.017199
internal_weight=0 1133.47 882.959 250.511 125.177 77.2064 744.678 654.12 631.446
internal_count=8882 7312 5599 1713 838 544 4694 4152 4017
is_linear=0
shrinkage=0.3


Tree=14
num_leaves=10
num_cat=0
split_feature=6 0 5 3 6 0 3 1 0
split_gain=9.52994 16.7425 11.7271 8.89511 7.89443 6.90124 5.74309 9.89594 5.60041
threshold=343.50000000000006 -1.0000000180025095e-35 3.5000000000000004 6.5000000000000009 195.50000000000003 9434.0000000000018 1.0000000180025095e-35 1.0000000180025095e-35 131.50000000000003
decision_type=2 2 2 2 2 2 2 2 2
left_child=1 -1 5 4 -4 6 7 -3 -9
right_child=-2 2 3 -5 -6 -7 -8 8 -10
leaf_value=0.24138005278805996 -0.029192957346726618 0.14225611674814959 0.26207879518447508 -0.052173866579239503 0.066664542422272155 -0.19577133750197198 -0.0088449350969204768 0.17743617841010392 -0.12949016129131807
leaf_weight=29.641035532578826 563.74673665687442 60.776280673220754 35.143900753930211 23.18707998842001 39.896977137774229 15.587354332208632 525.63061200082302 6.3317986316978958 24.660884156823158
leaf_count=346 3327 812 605 136 208 99 3176 41 132
internal_value=0 0.0222522 0.0132108 0.109377 0.15931 -0.0017869 0.00326485 0.0722992 -0.0649658
internal_weight=0 760.856 731.215 98.228 75.0409 632.987 617.4 91.769 30.9927
internal_count=8882 5555 5209 949 813 4260 4161 985 173
is_linear=0
shrinkage=0.3


Tree=15
num_leaves=10
num_cat=0
split_feature=6 4 6 6 0 4 4 4 4
split_gain=7.1993 6.49532 5.9689 5.51809 7.5489 7.00815 18.3475 12.4322 11.7936
threshold=62.500000000000007 1.5000000000000002 501.50000000000006 477.50000000000006 -1.0000000180025095e-35 21.500000000000004 16.500000000000004 27.500000000000004 9.5000000000000018
decision_type=2 2 2 2 2 2 2 2 2
left_child=-1 2 -2 4 -3 6 8 -7 -6
right_child=1 3 -4 -5 5 7 -8 -9 -10
leaf_value=0.1767838049677341 -0.25320355378969644 0.1547700386307635 0.18147706543207828 -0.031261628926586175 0.034697915899760991 -0.11064241586112895 0.10515221226733641 0.035870029705088596 -0.058720600501000628
leaf_weight=20.073794780299067 15.236287713050844 32.04403380677104 3.0916421487927428 353.55134449899197 269.89635081775486 108.16893260739744 177.30342487245798 99.815230989828706 220.56780913472176
leaf_count=618 81 342 22 2286 1602 748 1119 695 1369
internal_value=0 -0.00210268 -0.177011 0.000507857 0.0128912 0.00761459 0.0225918 -0.040411 -0.00733054
internal_weight=0 1279.68 18.3279 1261.35 907.796 875.752 667.768 207.984 490.464
internal_count=8882 8264 103 8161 5875 5533 4090 1443 2971
is_linear=0
shrinkage=0.3


Tree=16
num_leaves=10
num_cat=0
split_feature=3 4 4 4 4 6 4 5 6
split_gain=5.95523 13.6374 6.8077 8.38972 13.5441 13.058 12.0329 11.563 7.43204
threshold=1.0000000180025095e-35 4.5000000000000009 11.500000000000002 27.500000000000004 23.500000000000004 268.50000000000006 25.500000000000004 1.5000000000000002 725.50000000000011
decision_type=2 2 2 2 2 2 2 2 2
left_child=1 -1 8 4 5 -4 -6 -7 -3
right_child=-2 2 3 -5 6 7 -8 -9 -10
leaf_value=-0.27147506297214691 -0.0089076955458039543 0.18366035208067852 0.20428015954939677 0.19592653609461508 -0.48252058743894483 -0.12195742046499392 -0.060665572947024141 0.089193229979581332 -0.089977998522453931
leaf_weight=11.414186801761387 1029.3842098042369 54.892893678508699 33.672088796272874 22.56739956419915 7.8795060478150871 44.577320225536823 22.899154594168067 47.916460573673248 10.335972823202608
leaf_count=77 6655 549 528 228 47 267 183 284 81
internal_value=0 0.0421679 0.0573186 0.0269894 0.00215317 0.0458017 -0.174643 -0.0126791 0.139946
internal_weight=0 256.155 244.741 179.512 156.945 126.166 30.7787 92.4938 65.2289
internal_count=8899 2244 2167 1537 1309 1079 230 551 630
is_linear=0
shrinkage=0.3


Tree=17
num_leaves=10
num_cat=0
split_feature=4 4 3 3 4 3 3 4 3
split_gain=4.45652 10.4444 41.0238 22.5717 29.6497 28.6839 14.2109 14.0093 9.26996
threshold=13.500000000000002 9.5000000000000018 3.5000000000000004 7.5000000000000009 4.5000000000000009 8.5000000000000018 9.5000000000000018 7.5000000000000009 9.5000000000000018
decision_type=2 2 2 2 2 2 2 2 2
left_child=1 3 -3 4 -1 7 -7 -5 -4
right_child=-2 2 8 5 -6 6 -8 -9 -10
leaf_value=-0.18093353616402916 0.016800550929084349 0.02006461139568565 -0.35434930243919355 0.27320015082660032 0.029667344647459924 -0.32643072977573506 0.02815772527593929 -0.11207537484957297 -0.024435492237588841
leaf_weight=91.275584058836102 709.25172429252416 114.34884935896844 44.046387396752834 67.915722010657191 174.35425209905952 12.833115443587301 42.634818680584431 9.4216401949524862 9.3516061380505544
leaf_count=553 5150 828 252 371 1285 86 261 58 55
internal_value=0 -0.0188771 -0.0815537 0.00757971 -0.0429029 0.108335 -0.0560609 0.225846 -0.297333
internal_weight=0 566.182 167.747 398.435 265.63 132.805 55.4679 77.3374 53.398
internal_count=8899 3749 1135 2614 1838 776 347 429 307
is_linear=0
shrinkage=0.3


Tree=18
num_leaves=10
num_cat=0
split_feature=6 5 2 6 4 4 4 1 4
split_gain=4.7659 4.97317 3.48491 4.0384 3.3698 9.73039 8.54667 5.42969 7.24096
threshold=924.50000000000011 6.5000000000000009 1.0000000180025095e-35 64.500000000000014 22.500000000000004 15.500000000000002 27.500000000000004 1.0000000180025095e-35 21.500000000000004
decision_type=2 2 2 2 2 2 2 2 2
left_child=1 2 3 -1 5 -5 -6 8 -7
right_child=-2 -3 -4 4 6 7 -8 -9 -10
leaf_value=0.15480713857202358 -0.070764941907977538 0.10502583009715996 0.046687780971720216 -0.021732316142822349 -0.10972058471315706 0.11556556745828032 0.012871441484903169 0.00937053539255462 -0.17488273474058871
leaf_weight=13.533356830477713 79.904394064098597 42.368047521449625 132.12498264294118 531.56715369410813 91.196196917444468 111.70981887541711 115.63119200989604 143.79566462524235 7.8592674341052762
leaf_count=448 692 438 974 3330 633 734 769 836 50
internal_value=0 0.00470071 0.000952161 -0.00501967 -0.00725492 0.00162782 -0.041317 0.0487291 0.0958264
internal_weight=0 1189.79 1147.42 1015.29 1001.76 794.932 206.827 263.365 119.569
internal_count=8904 8212 7774 6800 6352 4950 1402 1620 784
is_linear=0
shrinkage=0.3


Tree=19
num_leaves=10
num_cat=0
split_feature=3 4 4 4 3 3 4 5 3
split_gain=4.76805 18.1849 11.0286 9.21814 14.7491 12.6757 11.8056 8.19721 20.7622
threshold=2.5000000000000004 2.5000000000000004 30.500000000000004 6.5000000000000009 7.5000000000000009 8.5000000000000018 12.500000000000002 1.5000000000000002 4.5000000000000009
decision_type=2 2 2 2 2 2 2 2 2
left_child=1 -1 3 4 -2 -6 -5 8 -8
right_child=2 -3 -4 6 5 -7 7 -9 -10
leaf_value=-0.21064032017895426 -0.087065783379340886 0.033369299970469508 -0.52201123852787468 -0.11043112519152785 0.18972476933344259 -0.042725310255943907 -0.23343239318378362 0.032375270433398981 -0.00015852893635994107
leaf_weight=28.500197986140847 45.390295160934329 528.06984694674611 3.3633095175027838 129.28049597609788 68.48557579703629 30.195716440677643 43.399404397234321 224.10690453648567 157.68269258830696
leaf_count=171 258 4271 20 813 367 195 262 1526 1021
internal_value=0 0.0206967 -0.0164686 -0.0136634 0.0538232 0.11874 -0.0312315 -0.00704926 -0.0509594
internal_weight=0 556.57 701.904 698.541 144.072 98.6813 554.469 425.189 201.082
internal_count=8904 4442 4462 4442 820 562 3622 2809 1283
is_linear=0
shrinkage=0.3


Tree=20
num_leaves=10
num_cat=0
split_feature=3 4 4 4 3 3 3 4 4
split_gain=4.19773 13.0254 11.8432 15.5944 14.8778 19.7631 19.0726 17.7866 14.4171
threshold=3.5000000000000004 4.5000000000000009 7.5000000000000009 13.500000000000002 4.5000000000000009 5.5000000000000009 6.5000000000000009 16.500000000000004 15.500000000000002
decision_type=2 2 2 2 2 2 2 2 2
left_child=1 -1 -2 -4 8 7 -7 -6 -5
right_child=2 -3 3 4 5 6 -8 -9 -10
leaf_value=-0.099727834991236178 0.063609002382330762 0.028983226067306574 -0.16132680252646939 0.33946734791448352 -0.34912965165280696 -0.45842104688136431 -0.025108721738877772 0.15654469055150391 -0.25797362687388342
leaf_weight=78.832429759204388 116.79119653068483 655.15940493997186 81.643489014357328 3.6498281881213179 6.2739543840289107 9.1444464176893216 177.48839781712741 87.390341597609222 32.613475743681192
leaf_count=501 669 5139 543 25 32 48 1140 590 204
internal_value=0 0.015101 -0.0202154 -0.0448495 -0.0146023 0.00891715 -0.0475064 0.121001 -0.194048
internal_weight=0 733.992 514.995 398.204 316.56 280.297 186.633 93.6643 36.2633
internal_count=8891 5640 3251 2582 2039 1810 1188 622 229
is_linear=0
shrinkage=0.3


Tree=21
num_leaves=10
num_cat=0
split_feature=6 0 3 3 5 3 6 0 2
split_gain=7.33919 6.57063 4.91899 4.63957 8.22132 7.83215 6.56175 5.82843 6.05775
threshold=343.50000000000006 -1.0000000180025095e-35 8.5000000000000018 3.5000000000000004 1.5000000000000002 1.5000000000000002 87.500000000000014 34.500000000000007 1.0000000180025095e-35
decision_type=2 2 2 2 2 2 2 2 2
left_child=1 2 -1 4 -3 6 -6 -7 -9
right_child=-2 3 -4 -5 5 7 -8 8 -10
leaf_value=0.23165992033157787 -0.0260451665129642 -0.016644246015491915 -0.2179121719874442 -0.011643997489469905 0.29186182932659488 0.28608274552786145 -0.012920720106673412 0.069537170854505503 0.28237514972156719
leaf_weight=19.002697376534346 545.63503444939852 145.63680589571595 2.0717419534921637 310.69703241251409 6.3629860114306203 17.037231409922242 85.990346444770694 91.873091571964324 13.478281904943286
leaf_count=335 3326 1148 12 2019 279 198 766 671 137
internal_value=0 0.0204638 0.183443 0.015213 0.0383515 0.0756014 0.00953508 0.125213 0.0979707
internal_weight=0 692.15 21.0744 671.076 360.379 214.742 92.3533 122.389 105.351
internal_count=8891 5565 347 5218 3199 2051 1045 1006 808
is_linear=0
shrinkage=0.3


Tree=22
num_leaves=10
num_cat=0
split_feature=3 3 4 1 3 0 0 0 4
split_gain=2.55573 5.69894 22.8508 18.1635 15.9225 5.85742 5.45097 4.46589 4.11844
threshold=10.500000000000002 9.5000000000000018 20.500000000000004 1.0000000180025095e-35 8.5000000000000018 615.50000000000011 2800.5000000000005 3838.0000000000005 28.500000000000004
decision_type=2 2 2 2 2 2 2 2 2
left_child=1 4 3 -3 8 -5 -6 -8 -1
right_child=-2 2 -4 5 6 -7 7 -9 -10
leaf_value=-0.0037933316450632121 -0.080547886360734955 0.24237046065132836 -0.13527171649474581 -0.21786926415399688 -0.29336225251433395 0.06557704941954165 0.32795838257236043 -0.19051018855302163 0.06793575717320828
leaf_weight=965.13656881125644 33.751616843044758 58.036420557647943 35.671337720006704 11.154493108391764 21.917245585471395 14.627993326634167 2.2314935661852351 2.8237640708684921 77.350678916089237
leaf_count=7075 261 318 254 62 163 98 19 28 622
internal_value=0 0.00257229 0.0645677 0.149912 -0.00438133 -0.0588624 -0.229823 0.0472617 0.00155882
internal_weight=0 1188.95 119.49 83.8189 1069.46 25.7825 26.9725 5.05526 1042.49
internal_count=8900 8639 732 478 7907 160 210 47 7697
is_linear=0
shrinkage=0.3


Tree=23
num_leaves=10
num_cat=0
split_feature=6 0 4 0 0 1 6 0 0
split_gain=5.39752 3.67717 2.61745 3.0292 5.74913 3.48637 2.96138 4.1811 2.90823
threshold=531.50000000000011 -1.0000000180025095e-35 3.5000000000000004 109.50000000000001 967.50000000000011 1.0000000180025095e-35 555.50000000000011 2068.0000000000005 750.50000000000011
decision_type=2 2 2 2 2 2 2 2 2
left_child=-1 -2 3 -3 -5 -6 7 -4 -8
right_child=1 2 6 4 5 -7 8 -9 -10
leaf_value=0.011351654217755015 -0.15863933701396896 0.31882724287456182 -0.21301675354518135 -0.17670732314760906 0.44939850775208523 0.0059079949126007603 0.0061240005048905696 0.10930237380037368 -0.059702737668621428
leaf_weight=917.19796664407477 19.728477366268635 3.4727006107568732 15.735643945634367 6.2861952818930131 2.5834897831082344 3.3341794051229954 132.31670321896672 4.3221787437796584 110.51310715451837
leaf_count=6868 125 23 77 46 17 30 878 24 812
internal_value=0 -0.0350719 -0.0260524 0.0912121 0.0164548 0.21943 -0.0332048 -0.142594 -0.0238951
internal_weight=0 298.293 278.564 15.6766 12.2039 5.91767 262.888 20.0578 242.83
internal_count=8900 2032 1907 116 93 47 1791 101 1690
is_linear=0
shrinkage=0.3


Tree=24
num_leaves=10
num_cat=0
split_feature=6 6 6 5 3 3 3 1 0
split_gain=3.43844 3.44529 2.79776 8.05576 4.0566 5.82918 9.71568 5.28655 6.24403
threshold=1175.5000000000002 1151.5000000000002 175.50000000000003 4.5000000000000009 10.500000000000002 9.5000000000000018 8.5000000000000018 1.0000000180025095e-35 520.50000000000011
decision_type=2 2 2 2 2 2 2 2 2
left_child=1 2 3 -1 5 6 -4 -7 -9
right_child=-2 -3 4 -5 -6 7 -8 8 -10
leaf_value=0.012591299628256608 -0.092372456441127987 0.30042281925775643 -0.007677822759970687 0.20870518448716066 -0.13285334144016359 0.12724327954278905 -0.25897855706450923 -0.2074312520546375 0.071713972295259928
leaf_weight=252.00653369398788 35.668991599231958 2.9615053609013549 778.19392346777022 19.883655212353915 22.121442131698132 53.41951248049736 13.598597681149839 10.751547105610372 19.63008264452219
leaf_count=2540 334 24 4634 491 200 260 140 90 176
internal_value=0 0.0015419 0.000657215 0.0272897 -0.00741963 -0.00417668 -0.0121543 0.070825 -0.0288278
internal_weight=0 1172.57 1169.61 271.89 897.715 875.594 791.793 83.8011 30.3816
internal_count=8889 8555 8531 3031 5500 5300 4774 526 266
is_linear=0
shrinkage=0.3


Tree=25
num_leaves=10
num_cat=0
split_feature=6 0 0 4 3 3 4 3 3
split_gain=2.75416 3.13387 8.06014 2.52631 9.57982 18.0645 7.44617 6.35703 19.3336
threshold=679.50000000000011 5442.0000000000009 4837.0000000000009 28.500000000000004 1.0000000180025095e-35 1.5000000000000002 24.500000000000004 6.5000000000000009 8.5000000000000018
decision_type=2 2 2 2 2 2 2 2 2
left_child=3 2 -2 6 -5 -6 -1 -7 -9
right_child=1 -3 -4 4 5 7 -8 8 -10
leaf_value=0.0094230444803973905 -0.034907474365299014 -0.18779908659496172 0.44925874194631682 0.32856327005652408 -0.58164070211927221 -0.044199625871413906 -0.077722773296419578 0.36895012483905543 -0.053570269905806704
leaf_weight=845.70724287675694 155.41473698057234 10.993191096931694 2.6592285260558119 9.6026227856054884 3.7805331703275433 32.760728881228715 98.017431058455259 17.013503879308701 21.734839633107185
leaf_count=6019 1243 91 22 111 23 283 824 112 161
internal_value=0 -0.0364566 -0.0253733 0.00480686 0.0542205 0.0172957 0.000335558 0.0527745 0.134283
internal_weight=0 169.067 158.074 1028.62 84.8922 75.2896 943.725 71.5091 38.7483
internal_count=8889 1356 1265 7533 690 579 6843 556 273
is_linear=0
shrinkage=0.3


Tree=26
num_leaves=10
num_cat=0
split_feature=3 0 6 0 0 0 0 6 0
split_gain=2.59253 5.42585 4.86638 4.14349 3.59868 8.12107 6.73278 3.90318 3.26754
threshold=2.5000000000000004 3739.0000000000005 165.50000000000003 3185.5000000000005 3931.0000000000005 3739.0000000000005 4219.0000000000009 716.50000000000011 12123.500000000002
decision_type=2 2 2 2 2 2 2 2 2
left_child=1 2 -1 -4 5 -2 -6 8 -8
right_child=4 -3 3 -5 6 -7 7 -9 -10
leaf_value=0.080739736564236692 -0.0082894675620216705 0.11095962895491918 -0.0016850778632702195 -0.19031934802435957 -0.32189625810809602 0.38623426300990388 -0.047109282043174681 -0.23387560229605253 0.13429478686778215
leaf_weight=66.148905742447823 574.66100146016106 47.682890376076102 410.65536799840629 10.255490757524965 8.2535216128453595 4.2351376246660939 50.575203285552561 7.893060613423585 10.337686618790029
leaf_count=1327 3895 372 2667 65 49 35 345 70 65
internal_value=0 0.0149236 0.00541775 -0.00650125 -0.0132076 -0.00507276 -0.0738929 -0.0420388 -0.015481
internal_weight=0 534.743 487.06 420.911 655.956 578.896 77.0595 68.806 60.9129
internal_count=8890 4431 4059 2732 4459 3930 529 480 410
is_linear=0
shrinkage=0.3


Tree=27
num_leaves=10
num_cat=0
split_feature=6 5 0 6 3 3 0 0 3
split_gain=1.83115 3.52192 3.25745 3.17489 2.97069 15.7829 5.76319 6.67725 5.0225
threshold=473.50000000000006 11.500000000000002 13875.000000000002 482.50000000000006 5.5000000000000009 6.5000000000000009 882.50000000000011 472.50000000000006 7.5000000000000009
decision_type=2 2 2 2 2 2 2 2 2
left_child=1 4 3 -2 -1 -6 7 8 -7
right_child=2 -3 -4 -5 5 6 -8 -9 -10
leaf_value=0.017461536875866379 -0.17561373565248803 0.24354269213625787 0.23616103968093799 -0.01671516541081116 -0.33297877900178507 0.14473436163099263 -0.055897882883923257 0.13592302386915772 -0.037079894911259861
leaf_weight=576.58002671878785 11.231357175856827 5.1312612122856072 3.9521335419267407 328.37060214951634 13.333023976534603 15.920128340367226 106.81597528140992 41.890122149139643 81.314666323363781
leaf_count=4743 61 107 25 2255 72 110 724 276 517
internal_value=0 0.00706836 -0.0189096 -0.0222204 0.0054721 -0.0211726 -0.00362837 0.036559 -0.00672423
internal_weight=0 840.985 343.554 339.602 835.854 259.274 245.941 139.125 97.2348
internal_count=8890 6549 2341 2316 6442 1699 1627 903 627
is_linear=0
shrinkage=0.3


Tree=28
num_leaves=10
num_cat=0
split_feature=0 6 0 6 6 6 0 6 0
split_gain=1.33803 2.42818 1.45684 7.58593 2.43041 1.51332 1.27609 2.69169 1.7248
threshold=-435.49999999999994 379.50000000000006 -114.49999999999999 422.50000000000006 615.50000000000011 227.50000000000003 -55.499999999999993 543.50000000000011 -14.499999999999998
decision_type=2 2 2 2 2 2 2 2 2
left_child=1 -1 3 5 -5 -2 7 -4 -8
right_child=2 -3 6 4 -6 -7 8 -9 -10
leaf_value=0.26032857086958128 0.23966728417712307 -0.0076871160776948227 0.26432252501183867 -0.40729002511679402 -0.1102967767993405 -0.00055945419706540916 -0.15185655907878975 -0.15848546880192202 0.00070639451610097592
leaf_weight=4.4826120333746058 4.175394893158229 7.7431825399398804 3.8713788776658467 4.4520305842161161 6.031178142875433 4.7618151195347309 6.2094525415450326 1.5713379420340059 1132.4403549542185
leaf_count=85 122 47 54 19 47 44 69 12 8388
internal_value=0 0.0969414 -0.000868449 -0.0813018 -0.249209 0.118417 0.000531746 0.139195 -0.000191793
internal_weight=0 12.2258 1163.51 19.4204 10.4832 8.93721 1144.09 5.44272 1138.65
internal_count=8887 132 8755 232 66 166 8523 66 8457
is_linear=0
shrinkage=0.3


Tree=29
num_leaves=10
num_cat=0
split_feature=4 3 3 1 4 3 4 3 0
split_gain=1.45733 5.13357 10.6996 9.16628 5.78919 3.67224 3.4553 11.2168 6.20612
threshold=24.500000000000004 6.5000000000000009 3.5000000000000004 1.0000000180025095e-35 27.500000000000004 9.5000000000000018 18.500000000000004 5.5000000000000009 711.00000000000011
decision_type=2 2 2 2 2 2 2 2 2
left_child=6 2 -2 4 -3 -6 -1 8 -8
right_child=1 3 -4 -5 5 -7 7 -9 -10
leaf_value=-0.004318844628780804 -0.023629772081712921 -0.39850774765895475 -0.2741180428390016 0.11835760884656997 0.16169276025685939 -0.14357545321656354 0.1279875527858261 -0.1124518408497525 0.013799883283763791
leaf_weight=764.22024190146476 120.29779444774613 4.7053000330924997 17.114107159897685 45.901101753115654 5.2775150937959543 8.7118800282478333 85.843297115992755 35.746703766286373 85.286050216294825
leaf_count=5499 1107 29 123 375 56 45 743 270 640
internal_value=0 -0.0229783 -0.0557067 0.0465366 -0.128297 -0.0268089 0.00499794 0.0393425 0.0712854
internal_weight=0 202.008 137.412 64.5958 18.6947 13.9894 971.096 206.876 171.129
internal_count=8887 1735 1230 505 130 101 7152 1653 1383
is_linear=0
shrinkage=0.3


Tree=30
num_leaves=10
num_cat=0
split_feature=3 3 4 6 3 1 5 6 4
split_gain=1.47568 6.75522 5.46698 5.20341 5.83543 5.95042 4.96407 4.66377 16.7037
threshold=9.5000000000000018 8.5000000000000018 20.500000000000004 153.50000000000003 10.500000000000002 1.0000000180025095e-35 2.5000000000000004 193.50000000000003 28.500000000000004
decision_type=2 2 2 2 2 2 2 2 2
left_child=1 -1 3 -2 6 -6 -5 8 -4
right_child=2 -3 7 4 5 -7 -8 -9 -10
leaf_value=0.00023060424051127678 -0.062282304641407445 -0.16860088948341101 -0.23553253668083596 0.17938198425340515 -0.29372714362948077 0.06472653288541054 -0.027791135827880391 -0.13577581202463371 0.49762085771110953
leaf_weight=1002.7375605173875 22.929297059774399 21.293361727148294 5.7520995773375017 52.978871170431376 5.6475527584552774 12.543893046677113 12.772392176091669 26.553925607353449 4.5895448997616768
leaf_count=7684 145 208 39 297 32 140 71 242 24
internal_value=0 -0.00336049 0.0290467 0.0633663 0.0978531 -0.0514305 0.139232 -0.0698825 0.0977704
internal_weight=0 1024.03 143.768 106.872 83.9427 18.1914 65.7513 36.8956 10.3416
internal_count=8882 7892 990 685 540 172 368 305 63
is_linear=0
shrinkage=0.3


end of trees

feature_importances:
Column_3=77
Column_6=65
Column_4=55
Column_0=41
Column_1=17
Column_5=16
Column_2=8

parameters:
[boosting: gbdt]
[objective: binary]
[metric: auc]
[tree_learner: serial]
[device_type: cpu]
[linear_tree: 0]
[data: ]
[valid: ]
[num_iterations: 200]
[learning_rate: 0.3]
[num_leaves: 10]
[num_threads: -1]
[deterministic: 0]
[force_col_wise: 0]
[force_row_wise: 0]
[histogram_pool_size: -1]
[max_depth: 9]
[min_data_in_leaf: 20]
[min_sum_hessian_in_leaf: 0.001]
[bagging_fraction: 0.995601]
[pos_bagging_fraction: 1]
[neg_bagging_fraction: 1]
[bagging_freq: 2]
[bagging_seed: 3]
[feature_fraction: 0.886049]
[feature_fraction_bynode: 1]
[feature_fraction_seed: 2]
[extra_trees: 0]
[extra_seed: 6]
[early_stopping_round: 2]
[first_metric_only: 0]
[max_delta_step: 0]
[lambda_l1: 0]
[lambda_l2: 0.499399]
[linear_lambda: 0]
[min_gain_to_split: 0]
[drop_rate: 0.1]
[max_drop: 50]
[skip_drop: 0.5]
[xgboost_dart_mode: 0]
[uniform_drop: 0]
[drop_seed: 4]
[top_rate: 0.2]
[other_rate: 0.1]
[min_data_per_group: 100]
[max_cat_threshold: 32]
[cat_l2: 10]
[cat_smooth: 10]
[max_cat_to_onehot: 4]
[top_k: 20]
[monotone_constraints: ]
[monotone_constraints_method: basic]
[monotone_penalty: 0]
[feature_contri: ]
[forcedsplits_filename: ]
[refit_decay_rate: 0.9]
[cegb_tradeoff: 1]
[cegb_penalty_split: 0]
[cegb_penalty_feature_lazy: ]
[cegb_penalty_feature_coupled: ]
[path_smooth: 0]
[interaction_constraints: ]
[verbosity: 1]
[saved_feature_importance_type: 0]
[max_bin: 255]
[max_bin_by_feature: ]
[min_data_in_bin: 3]
[bin_construct_sample_cnt: 200000]
[data_random_seed: 1]
[is_enable_sparse: 1]
[enable_bundle: 1]
[use_missing: 1]
[zero_as_missing: 0]
[feature_pre_filter: 1]
[pre_partition: 0]
[two_round: 0]
[header: 0]
[label_column: ]
[weight_column: ]
[group_column: ]
[ignore_column: ]
[categorical_feature: ]
[forcedbins_filename: ]
[objective_seed: 5]
[num_class: 1]
[is_unbalance: 0]
[scale_pos_weight: 1]
[sigmoid: 1]
[boost_from_average: 1]
[reg_sqrt: 0]
[alpha: 0.9]
[fair_c: 1]
[poisson_max_delta_step: 0.7]
[tweedie_variance_power: 1.5]
[lambdarank_truncation_level: 30]
[lambdarank_norm: 1]
[label_gain: ]
[eval_at: ]
[multi_error_top_k: 1]
[auc_mu_weights: ]
[num_machines: 1]
[local_listen_port: 12400]
[time_out: 120]
[machine_list_filename: ]
[machines: ]
[gpu_platform_id: -1]
[gpu_device_id: -1]
[gpu_use_dp: 0]
[num_gpu: 1]

end of parameters

pandas_categorical:null
