,result
0,0.8663788864295989
1,0.15159230963107734
2,0.9061643152746366
3,0.9677922390329469
4,0.30119548038108007
5,0.14721486984201165
6,0.9677922390329469
7,0.5378033951544564
8,0.6522159502018339
9,0.41238518890997156
10,0.8883264264588216
11,0.3506978947497028
12,0.9160166498617686
13,0.4261887922122354
14,0.9194641626396214
15,0.9642422283438793
16,0.16442322283870103
17,0.26286407322405675
18,0.9477989248750343
19,0.20869468424697493
20,0.9541777139523172
21,0.12794073727274502
22,0.6354482477973881
23,0.14917899523798497
24,0.12430105060254282
25,0.8680997158480428
26,0.40101004175286686
27,0.9544039311759529
28,0.43659013350869574
29,0.3608165565154974
30,0.8500177159399064
31,0.18347367871712206
32,0.1611951125115287
33,0.9211803574507661
34,0.12439705839113488
35,0.48548968417486915
36,0.13687354435267218
37,0.898526949485828
38,0.13269549205987843
39,0.12715833530818543
40,0.5335918042327327
41,0.7085703863941811
42,0.1612777802770134
43,0.413766324995909
44,0.15953406352332317
45,0.8686374864324276
46,0.7553368767767475
47,0.9677922390329469
48,0.24446063657521389
49,0.15228078580938803
50,0.4618271969681299
51,0.4759448005047995
52,0.7393295724348938
53,0.7139417824343204
54,0.9503044113627648
55,0.48676885398932945
56,0.8975189543496961
57,0.9427140121793607
58,0.16660253187235416
59,0.14349819747597622
60,0.9672917495885069
61,0.3260236275521196
62,0.17874744243597798
63,0.49048883465594595
64,0.5018787605230551
65,0.6655626587674739
66,0.15060623545031376
67,0.2139830876670836
68,0.935177042351499
69,0.4263030733360188
70,0.11185109352204087
71,0.9557392656396053
72,0.45338227486152477
73,0.7594035563223325
74,0.9533141173128499
75,0.467780922120048
76,0.6359825832918063
77,0.9404392048299359
78,0.29842946911304896
79,0.2344391433617581
80,0.12231785157391979
81,0.9052106564624162
82,0.1285772459939177
83,0.16714066182550943
84,0.2772662771668471
85,0.22475882960815796
86,0.9184539141591609
87,0.7956242402743318
88,0.13680918412682472
89,0.5024369569904916
90,0.6522602257921092
91,0.9440430852812596
92,0.4385262436729825
93,0.9403076163948999
94,0.8379325828399478
95,0.8351903861077347
96,0.14643589046526795
97,0.5788554409220024
98,0.8755991309593004
99,0.9070996216371885
100,0.9672917495885069
101,0.21419620641270173
102,0.34578873060771215
103,0.7837276687693936
104,0.8239315661658572
105,0.7630435900338856
106,0.8673040974376359
107,0.44963155538021776
108,0.6725051110544935
109,0.14404345000528795
110,0.13504548661138693
111,0.9539925082777027
112,0.15317262806915335
113,0.21681517688763863
114,0.14342348213899944
115,0.10825567192954309
116,0.5001792498008452
117,0.24021830229080987
118,0.9202032442822922
119,0.24584560083885007
120,0.9559437425858361
121,0.9504539980939849
122,0.5215804387735214
123,0.20008401646569893
124,0.7067176818407459
125,0.7666331296646517
126,0.15764906598185147
127,0.9677922390329469
128,0.18535501203153912
129,0.7411412865322923
130,0.36917940430936474
131,0.2874809266933274
132,0.7342795645123251
133,0.6531711104102843
134,0.8586026449485965
135,0.6544302421033251
136,0.8965808591694002
137,0.9632367854597048
138,0.23327799838006733
139,0.9330622041738839
140,0.9539125399474138
141,0.6596505059231725
142,0.20128050304001877
143,0.13007596480296219
144,0.6492081179920095
145,0.1572805774526448
146,0.9626682376038015
147,0.9414313968278468
148,0.22793243279623268
149,0.9560133094750255
150,0.3997358416605875
151,0.17472818960547298
152,0.3766024565533979
153,0.398382562291835
154,0.960814296045091
155,0.8741118723177504
156,0.25744474510863025
157,0.22654921512482623
158,0.8593475677708838
159,0.33262478020391545
160,0.7619632551035969
161,0.9663561839061826
162,0.7635415679046035
163,0.9668704987192676
164,0.698562328588316
165,0.12698562952835868
166,0.9188728176489542
167,0.16387582728920752
168,0.2949086107702989
169,0.9343911042780433
170,0.11484850173011475
171,0.17952627929006523
172,0.4175920638711465
173,0.34154344872031633
174,0.9371533472916461
175,0.21932426113860126
176,0.7182624506437141
177,0.14188196854395793
178,0.6540580888251892
179,0.23355503807843364
180,0.8040638178458426
181,0.9557095656458855
182,0.16841222475761816
183,0.9379849800112142
184,0.30302525392989027
185,0.9558292748834946
186,0.15747227861494995
187,0.6505453269236499
188,0.9668704987192676
189,0.40824021128442817
190,0.11328176894387937
191,0.5619913104420287
192,0.6105002507836829
193,0.7576642073232311
194,0.9668704987192676
195,0.4440179744944131
196,0.29632806653264193
197,0.3632844787880971
198,0.9271903724622571
199,0.8203968486708066
200,0.5869360596557125
201,0.9663561839061826
202,0.11829392480714161
203,0.9421216562055788
204,0.9059143070045804
205,0.8634222121547663
206,0.9397700360708582
207,0.9455567084843836
208,0.3324095166115685
209,0.6058816488640897
210,0.14248601570769606
211,0.1409144003874623
212,0.11635136931422863
213,0.9510948103321337
214,0.915169248395842
215,0.10948721173819136
216,0.8057891773133224
217,0.9442659435938453
218,0.8063753641964674
219,0.9257498160361732
220,0.49745574260085607
221,0.5423340159658615
222,0.1998170066788506
223,0.22940495663014832
224,0.17941979953563358
225,0.3366614148866492
226,0.7385623420041738
227,0.12900594962029596
228,0.24543085725784633
229,0.29148382002210815
230,0.27112448476620016
231,0.9677922390329469
232,0.9260135699990312
233,0.37108779791603064
234,0.8471575193364176
235,0.32226442445763714
236,0.16726155631122763
237,0.9510983110615494
238,0.9668704987192676
239,0.739747712925928
240,0.17227422090304756
241,0.1722456619412894
242,0.17204304797675746
243,0.2380209610019674
244,0.9288974036650682
245,0.181020478884066
246,0.31082655451906127
247,0.3445946342812554
248,0.4744116358410019
249,0.8873788732586342
250,0.8940637593343115
251,0.3672151117794166
252,0.9663561839061826
253,0.42868008157229903
254,0.8749632167662659
255,0.22294249168742958
256,0.9077672652440403
257,0.885057729279567
258,0.3587282219641112
259,0.11637892905840758
260,0.9456988296553883
261,0.8524447033209555
262,0.67644080846401
263,0.18347804123051908
264,0.9221968214301596
265,0.1470181958917771
266,0.936315307183471
267,0.9185818603718273
268,0.7728332384249974
269,0.5198256201771347
270,0.27684371272406755
271,0.9362473927404802
272,0.928272361763119
273,0.9677922390329469
274,0.8906714399345247
275,0.9415134416943369
276,0.8277544477983257
277,0.24100392102223803
278,0.832286140910905
279,0.4044709026842056
280,0.8970041444875616
281,0.9227143885203933
282,0.5811895361709805
283,0.8498196101639499
284,0.9149530137082221
285,0.5976987216548164
286,0.4755437498028553
287,0.8206136200632383
288,0.9668704987192676
289,0.49785312747092764
290,0.9663561839061826
291,0.23945906789780888
292,0.41928177498049696
293,0.15055915784442228
294,0.14120058525293286
295,0.9324249311905636
296,0.9677922390329469
297,0.2651705798658785
298,0.7646290548109766
299,0.892080036025292
300,0.9124447374415637
301,0.9549502008789924
302,0.8788057730054679
303,0.12053197087240684
304,0.1348313043045155
305,0.7985900706217426
306,0.3553407487825325
307,0.5458912866242671
308,0.9382969689729258
309,0.20124841532972618
310,0.6468457009382218
311,0.14739342252120902
312,0.20849167327200496
313,0.8295211351913389
314,0.31473508320993115
315,0.11903529027137265
316,0.8833104746661874
317,0.6977102442849492
318,0.1378385539914341
319,0.2648078958863819
320,0.5522998426007839
321,0.3411805688647115
322,0.2781908417763055
323,0.2166662633111558
324,0.13466133132266345
325,0.5394364641413858
326,0.21527740527364603
327,0.23703394802211447
328,0.7326256280566356
329,0.9677922390329469
330,0.17260714161657417
331,0.15582433515817432
332,0.1487559510891833
333,0.9601495407171253
334,0.9141326039531597
335,0.34520925921789863
336,0.8986063383599925
337,0.9367779162061074
338,0.8957661095391839
339,0.39195345135566634
340,0.2371079232714529
341,0.6832190756916819
342,0.9636886436262481
343,0.18468164104148901
344,0.9588220048471425
345,0.9336621636674732
346,0.8133590948426868
347,0.813019092146305
348,0.5382846852057535
349,0.9481851939228682
350,0.8925044637880237
351,0.1337461952094797
352,0.9263887051819991
353,0.26047669347547264
354,0.9285639934334027
355,0.539625049862006
356,0.23485432527760872
357,0.566459175173934
358,0.23218541520146932
359,0.6033442208540325
360,0.17866526137645478
361,0.5185643474051039
362,0.6068168518398146
363,0.18786589458161412
364,0.2857357718177834
365,0.27148519041860714
366,0.144291747679268
367,0.2375639260815559
368,0.39712624924280143
369,0.8056612842817553
370,0.9515937732270077
371,0.926221189100059
372,0.2833512585227748
373,0.13323609352344432
374,0.9054662533419336
375,0.8965919844641773
376,0.1834760036321136
377,0.24155374884260827
378,0.5921191966741988
379,0.6573399501133307
380,0.34636277875722216
381,0.24703138324435273
382,0.5611384619195353
383,0.888398178794687
384,0.9668704987192676
385,0.25836857989601586
386,0.8374744578657685
387,0.9668704987192676
388,0.9502453969661173
389,0.16049996690056995
390,0.9632367854597048
391,0.35934464220500617
392,0.32162517013184794
393,0.3510746260973587
394,0.7888665171321799
395,0.6065626894223944
396,0.931517628014451
397,0.5435667301088454
398,0.862802475289762
399,0.34848513858622326
400,0.918087146225528
401,0.45079124748306665
402,0.2445721456501699
403,0.9672917495885069
404,0.9543226818780705
405,0.4700002081213189
406,0.7002354491331578
407,0.280428563020445
408,0.914689280051362
409,0.3478496260123075
410,0.8751627189062315
411,0.6350270966973536
412,0.14505487092614686
413,0.3096939428765688
414,0.26861919535447737
415,0.21323053540302203
416,0.7389446410809604
417,0.9321288777549989
418,0.14619726724933915
419,0.17016704977288985
420,0.2849824363879359
421,0.12660038341491198
422,0.1646472518293419
423,0.32892714413057594
424,0.47050704463076687
425,0.5165186375371505
426,0.9279138526787187
427,0.6233891150264008
428,0.4921828575276739
429,0.299312518868884
430,0.14369984816949674
431,0.9417984934764769
432,0.9591597867756012
433,0.8101427604545937
434,0.27805325856217694
435,0.9561868767223858
436,0.9501501618567441
437,0.66204775552137
438,0.19960570737998826
439,0.9672917495885069
440,0.21325473731029723
441,0.6463027012105615
442,0.6046120227038682
443,0.2431797820845164
444,0.8082470598551589
445,0.8141430331367628
446,0.15565854832163614
447,0.15383125286107643
448,0.4627120206683168
449,0.20323771361366794
450,0.9540166430895852
451,0.3015332002350576
452,0.947370779475076
453,0.5677911075160069
454,0.8796375503263337
455,0.6569132847274938
456,0.1664373880101841
457,0.9531305739427213
458,0.9401054574506981
459,0.14039998450380062
460,0.8867470204345316
461,0.18812684793263662
462,0.13773115981944015
463,0.9516853082430782
464,0.9248537599330661
465,0.36754693200143185
466,0.7886222579823982
467,0.21810225079204615
468,0.2790387361744988
469,0.9652344639692639
470,0.2603729447346128
471,0.2767413028114234
472,0.8696920571091651
473,0.43448478006769764
474,0.23955873040982742
475,0.5203755366292028
476,0.9320072497842555
477,0.3554152528778628
478,0.22084739290810218
479,0.8864345933684045
480,0.2073919939956728
481,0.18857035487648202
482,0.891163581793972
483,0.13305006720707815
484,0.16559103244316337
485,0.7766152579831201
486,0.9409043664855412
487,0.9663561839061826
488,0.2545967815490329
489,0.24463946344166346
490,0.41828592754217475
491,0.41431019174944417
492,0.34525143522992985
493,0.2009978602779338
494,0.9146113432698848
495,0.32120750180770047
496,0.2583501805581389
497,0.3051689686398552
498,0.24586011399117472
499,0.8748792431025267
500,0.9606536290947991
501,0.20314181693707484
502,0.41529277410905074
503,0.5034276112252878
504,0.5259028206758039
505,0.47235150987544755
506,0.4006756523800785
507,0.11302649784025533
508,0.9506435871359515
509,0.9078966193942666
510,0.8443926439094661
511,0.6344493123318313
512,0.5309244690663155
513,0.19662048121987824
514,0.18771231104842398
515,0.28844150407470703
516,0.222962404968466
517,0.1712464440439435
518,0.474857574476819
519,0.9294988190457656
520,0.14290098691425052
521,0.10066168470305514
522,0.11911027390326956
523,0.9668704987192676
524,0.7262185586309786
525,0.0895224572739534
526,0.9445172397566615
527,0.6871823216878412
528,0.7276616962066411
529,0.16686730867283794
530,0.2765040601961583
531,0.16803772099141592
532,0.413042088264284
533,0.12605144362348175
534,0.9373733085974263
535,0.9574139639705547
536,0.7780992193105887
537,0.12054067859325786
538,0.2870523926998526
539,0.6343076723128253
540,0.8000391457933951
541,0.9387904920341759
542,0.6870374278182663
543,0.7954574136092665
544,0.2510122406744753
545,0.1564872377049507
546,0.19982450138036012
547,0.2008762979043057
548,0.19935198385104835
549,0.9165340394930812
550,0.6754349284503057
551,0.13815231036799921
552,0.1545852648835961
553,0.42707900800348503
554,0.1033894597407944
555,0.507687315069438
556,0.2984217258706374
557,0.9668704987192676
558,0.18675264035305134
559,0.12526014846875394
560,0.6581116467426241
561,0.9389723749878534
562,0.3377056383223271
563,0.12413706380490326
564,0.9298875095306678
565,0.628391963237692
566,0.13905237833307948
567,0.236888222361122
568,0.9544039311759529
569,0.6797922969916866
570,0.21323188186106615
571,0.1239653267405867
572,0.2426868147521475
573,0.7151241654355994
574,0.3867708979541737
575,0.9326219085867232
576,0.9632367854597048
577,0.27972923746241224
578,0.23806114856767968
579,0.3137585420553216
580,0.19154842107034895
581,0.2924559081775213
582,0.8725746368017829
583,0.8584653973154915
584,0.2575854655000495
585,0.2751773640638437
586,0.8322710542620463
587,0.14843214827564616
588,0.8862142759665885
589,0.47391402197471905
590,0.8416981304939954
591,0.9672917495885069
592,0.9379148486426229
593,0.7631848463527965
594,0.18649257032626626
595,0.6208288520655776
596,0.7511897380622499
597,0.09082706951596746
598,0.9386346059561448
599,0.2089838250505467
600,0.9663561839061826
601,0.29723307558053347
602,0.33604873575846733
603,0.9558171510473393
604,0.298955943539253
605,0.1365244245887591
606,0.9501673656364709
607,0.9305986091673569
608,0.29870124651055685
609,0.15636180916629364
610,0.14304003480869928
611,0.8435080105882249
612,0.19074113049000507
613,0.42918229192079266
614,0.7091556469744859
615,0.8383276437912419
616,0.7226136748585655
617,0.14290190181841556
618,0.9618711432608898
619,0.9668704987192676
620,0.1356037046725428
621,0.7519331657835143
622,0.9668704987192676
623,0.6250952582478577
624,0.6761472151465217
625,0.8108137859025792
626,0.9259679152158232
627,0.9398380940988572
628,0.5760983844556624
629,0.9677922390329469
630,0.9305931664454187
631,0.20986127901383173
632,0.9237628354926521
633,0.7967682464919235
634,0.4773591319031955
635,0.39026942197139913
636,0.2297949831909447
637,0.106641932558241
638,0.8833401271560962
639,0.8876895531897747
640,0.20382307489187299
641,0.26779720445190347
642,0.16427981731096
643,0.9460777997095653
644,0.9252395287483185
645,0.6094513796438568
646,0.5366073813585979
647,0.9263333118158122
648,0.24644269421922319
649,0.12849167908380743
650,0.12171560768378166
651,0.12828396109216592
652,0.36259361914498384
653,0.2766039667894293
654,0.17131662616198373
655,0.9663561839061826
656,0.9317987975995417
657,0.13334706622787207
658,0.14968249212972615
659,0.16991041686427544
660,0.9668751252876957
661,0.38394396388634955
662,0.9525984627706162
663,0.7636051948801739
664,0.8568658276591169
665,0.19046596762346332
666,0.8197165085862362
667,0.9317779294174127
668,0.8955360161010256
669,0.9172274326286688
670,0.2865665418390974
671,0.9357295849409852
672,0.27059498680349076
673,0.789518161244925
674,0.09765230844807968
675,0.22349847237559317
676,0.7712120781376448
677,0.22295092516457496
678,0.21688257187422483
679,0.20884918401673608
680,0.6437148023012752
681,0.11798394621738116
682,0.580174303576671
683,0.9621897679328368
684,0.889465534298914
685,0.7832795186315674
686,0.5865381571576483
687,0.5503066482528715
688,0.9072862660325296
689,0.24176999970393356
690,0.8058125298067869
691,0.1831015056366333
692,0.1444576162072946
693,0.9632367854597048
694,0.8484944154956038
695,0.1664448110911798
696,0.9621897679328368
697,0.673059377924184
698,0.7187172947441507
699,0.9668704987192676
700,0.3330979925468434
701,0.18560936861784835
702,0.8891668943175678
703,0.9056660745068232
704,0.4565149716701466
705,0.7794111701730566
706,0.16322289175177385
707,0.9018804146807631
708,0.9261880338816982
709,0.8476682267160369
710,0.9419635628958566
711,0.20320760687791894
712,0.3687297011678202
713,0.9286216499079029
714,0.1618622347583886
715,0.3474857295926122
716,0.45496113117971326
717,0.10217839173260061
718,0.2574847228853132
719,0.9029563414870261
720,0.3538505161259218
721,0.9388302873065105
722,0.9206715601260825
723,0.8130604048756338
724,0.4232771230169008
725,0.931897677818983
726,0.12715148500087925
727,0.38378692792842173
728,0.8856510222434558
729,0.166686075144901
730,0.14668148667724823
731,0.9618711432608898
732,0.6380222210599926
733,0.9547621026642888
734,0.9677922390329469
735,0.129638116911014
736,0.1351482659720263
737,0.4642749578676246
738,0.9090629155936111
739,0.9668704987192676
740,0.2153558007065411
741,0.3312066544819296
742,0.09647148110269088
743,0.9246971376298108
744,0.8535204093445274
745,0.10827950228940712
746,0.15781094154738665
747,0.9668704987192676
748,0.6065489960988367
749,0.9677922390329469
750,0.6930746273943085
751,0.09986424021707287
752,0.13756339541445892
753,0.5520634700686213
754,0.40501812581711
755,0.7867107355562817
756,0.14154062887777075
757,0.28951234129579645
758,0.7332897882896969
759,0.908999302765213
760,0.9485958779351763
761,0.7855817460262052
762,0.9616056732344272
763,0.1284015321816785
764,0.11431704542029464
765,0.6101683181225797
766,0.1072359325066073
767,0.7468376762195359
768,0.25737981324579073
769,0.941852525491765
770,0.12802964905161793
771,0.2818635166583587
772,0.2603774043576424
773,0.4715919288332594
774,0.13175209733272317
775,0.18230661790217648
776,0.200071045897494
777,0.2574064550895611
778,0.6308453338100084
779,0.22188197918359923
780,0.19916102974170008
781,0.17881368615338294
782,0.39863584470298247
783,0.1451832300159479
784,0.20404811290938846
785,0.7448700350438305
786,0.23873330946907845
787,0.6439824924852257
788,0.6780405882197135
789,0.1948823935725387
790,0.17405772063387057
791,0.23505064224986505
792,0.2878766282587873
793,0.5316507871604377
794,0.8736757807441132
795,0.13690135751631052
796,0.843228371234438
797,0.9205565646330723
798,0.920649609469892
799,0.9677922390329469
800,0.47741565237171285
801,0.15992144388721816
802,0.9313460408538938
803,0.9595560078351804
804,0.955430210141132
805,0.1936135584008122
806,0.20114845079849739
807,0.34977571160906185
808,0.9084022198955148
809,0.8719041401974694
810,0.15134134466025848
811,0.4186536335742536
812,0.22242456478360453
813,0.3247354419973148
814,0.9672917495885069
815,0.9677922390329469
816,0.5355652657131347
817,0.2736867242244745
818,0.31780622707361966
819,0.3711451884970811
820,0.5731491539422476
821,0.9112032107202384
822,0.2598882787372006
823,0.3464611342628791
824,0.8571728538684147
825,0.1327901857175245
826,0.224687432138192
827,0.957707208332757
828,0.38488892537568975
829,0.11822671945111653
830,0.29981063318418183
831,0.14349698038670836
832,0.9601495407171253
833,0.8408922641057226
834,0.8876403587976432
835,0.13545845495113132
836,0.8188843289348448
837,0.25492865154400013
838,0.9169470928535655
839,0.5626642428683494
840,0.7576830643451403
841,0.303321482008334
842,0.9405321176751907
843,0.8690835883406866
844,0.8649601100323463
845,0.9281247382198012
846,0.31728510962729317
847,0.8959608579495276
848,0.18630136731151106
849,0.3722165152738821
850,0.11457692684849777
851,0.3053753748808325
852,0.7557022688759929
853,0.1427539889585722
854,0.20812414805298143
855,0.11655764755437781
856,0.468995381017934
857,0.5145851267505579
858,0.8643499868594461
859,0.1293869463287219
860,0.16386783168450353
861,0.9152706968175949
862,0.30329543365499434
863,0.2514263677678825
864,0.17366008449395842
865,0.7598142157610527
866,0.7616821948224676
867,0.9322371086590638
868,0.9039856775706319
869,0.2624112528638361
870,0.8703499688189711
871,0.9374534800111067
872,0.38347750409859344
873,0.37432133050396044
874,0.7238109091808539
875,0.14083250563999392
876,0.21114469589977902
877,0.9668704987192676
878,0.1400083406625796
879,0.9326086470099691
880,0.9531217148701195
881,0.28461483596311415
882,0.2161640513152217
883,0.9408251479660488
884,0.17463396044729054
885,0.8283495744523511
886,0.6767697932794303
887,0.21439271347751096
888,0.9618711432608898
889,0.19929943644402942
890,0.20660985233856657
891,0.8932670662962036
892,0.1801584048013785
893,0.9371400577424723
894,0.9522004614314404
895,0.25536029899844126
896,0.5050359039595037
897,0.27660285493389875
898,0.2161756419282268
899,0.9022683798808704
900,0.33967249504787195
901,0.6781203145923405
902,0.16298374253909442
903,0.9483894285939439
904,0.2652534572198881
905,0.14885883197373043
906,0.24410327129654888
907,0.3556795618540865
908,0.4138300483456502
909,0.9471443204624355
910,0.5603232997263234
911,0.2296814766819383
912,0.5693641413770932
913,0.49368247010909144
914,0.19724664777351866
915,0.9668751252876957
916,0.34150697683578457
917,0.1824298363863511
918,0.2813174823063045
919,0.5701858123149648
920,0.13088724226932494
921,0.4228946249715567
922,0.7594862071406413
923,0.12978096413799425
924,0.9246172664065162
925,0.12027977472812695
926,0.2316060827879092
927,0.12359263043215911
928,0.8401398224972128
929,0.6953767901561569
930,0.16501831828526198
931,0.577255100533605
932,0.5109641066776724
933,0.22987662496146172
934,0.5791380231618237
935,0.8227697264253779
936,0.7931480289795272
937,0.8214717335922725
938,0.45841901705443155
939,0.5857767690480608
940,0.20939599526109579
941,0.7181356830627502
942,0.2244678333851621
943,0.197181101192014
944,0.4194152935963859
945,0.886931052965602
946,0.2523768610496179
947,0.9503113311591509
948,0.9677922390329469
949,0.6398925812522893
950,0.8059120769379093
951,0.6841294744551937
952,0.2831059869616929
953,0.4481785123063597
954,0.2961767767559276
955,0.9159665526952651
956,0.15537684932920362
957,0.18851624599642156
958,0.3278137377466807
959,0.7221091003268486
960,0.9324584138015082
961,0.9507041476279687
962,0.12156339987222961
963,0.8986188044726838
964,0.830827755350167
965,0.8715134955099153
966,0.850220969571263
967,0.17915693474643277
968,0.9677922390329469
969,0.7056314719060285
970,0.18858156087365813
971,0.17652942297685226
972,0.17381211987308082
973,0.1854766730607584
974,0.17978395424146298
975,0.8707101913659085
976,0.730744759756154
977,0.16373705917154255
978,0.9398509224958164
979,0.16129536005882358
980,0.13393939782963912
981,0.2958394149935936
982,0.24741628436268223
983,0.19583541753612566
984,0.4744216672463337
985,0.9663561839061826
986,0.9677922390329469
987,0.7042608683447877
988,0.9357432018512357
989,0.502080701020281
990,0.9652344639692639
991,0.15706083198618637
992,0.23126125635908476
993,0.22502576248712255
994,0.7961140324401722
995,0.2523351298846333
996,0.1528448726270943
997,0.4996834690142477
998,0.25065638968418935
999,0.2594375307897305
1000,0.357130297080712
1001,0.9677922390329469
1002,0.20456122867664558
1003,0.47807614178792224
1004,0.9567305431759872
1005,0.5474003530395355
1006,0.13184243126794323
1007,0.7559232838480158
1008,0.9424994783470679
1009,0.14535512338885154
1010,0.13945363298510693
1011,0.17355915551731546
1012,0.37185121898090884
1013,0.16384683613759424
1014,0.14074362637211504
1015,0.9672917495885069
1016,0.22761988334765262
1017,0.17172461998809613
1018,0.34279685117380654
1019,0.19657745385610353
1020,0.49432892306919546
1021,0.9567305431759872
1022,0.16630923015856544
1023,0.9033392333209346
1024,0.3458449899931514
1025,0.951246870147864
1026,0.5722575038197413
1027,0.9546682467581057
1028,0.4503790417298162
1029,0.9368729896719711
1030,0.7356876763696257
1031,0.9516421089963399
1032,0.3658284893836768
1033,0.15477250709936316
1034,0.17193367338595167
1035,0.7152643460962259
1036,0.2522943203283796
1037,0.6754492403085748
1038,0.6638136420767424
1039,0.8895152827845414
1040,0.9026579426633492
1041,0.8419113696427846
1042,0.6304765618665181
1043,0.8192425759961887
1044,0.13731204997034108
1045,0.2662921684272118
1046,0.23083779057713885
1047,0.9141883861949449
1048,0.5300292943528199
1049,0.9411462394656684
1050,0.34430490031209604
1051,0.9284317844832242
1052,0.1768448788025254
1053,0.8537915270871341
1054,0.8396544133860717
1055,0.45302521616359986
1056,0.12034917554815037
1057,0.9668704987192676
1058,0.8605808600351273
1059,0.7773171782712148
1060,0.18125002906643892
1061,0.9672917495885069
1062,0.944532251077804
1063,0.8617571647108687
1064,0.7379787974334362
1065,0.6758063124695174
1066,0.8863225527321968
1067,0.8443421718057862
1068,0.9663561839061826
1069,0.7334044995489469
1070,0.1462314047803918
1071,0.28690257481147635
1072,0.4900965142431019
1073,0.730584934315892
1074,0.6701061682669444
1075,0.13743208063494963
1076,0.11749344032553616
1077,0.7195073529621859
1078,0.9405237836527557
1079,0.8588904456895662
1080,0.202642466098847
1081,0.9356291875618097
1082,0.9060390273077085
1083,0.8913018741240105
1084,0.225145204073805
1085,0.22398170865378073
1086,0.9415613154617445
1087,0.9557095656458855
1088,0.26800597111460317
1089,0.7424127117591967
1090,0.9105523696156409
1091,0.10759194417008804
1092,0.15372700628037633
1093,0.8638688877450003
1094,0.3284418026523119
1095,0.36233922718982636
1096,0.3547441410539592
1097,0.915635610819202
1098,0.14005012175622203
1099,0.19164057138229593
1100,0.9022696353512238
1101,0.648620093762525
1102,0.13877078185511
1103,0.2204857479100979
1104,0.16246794646020948
1105,0.14669183558109147
1106,0.35244269826634506
1107,0.9287910469897339
1108,0.8815612631589148
1109,0.2847089913581432
1110,0.17977795065446883
1111,0.6659068147717631
1112,0.9414890109400942
1113,0.9677922390329469
1114,0.752200473751308
1115,0.31257049464132103
1116,0.44145112965082595
1117,0.10189685584432047
1118,0.7885784569939016
1119,0.8834327927179282
1120,0.5551893775309312
1121,0.2584647998041134
1122,0.1737324672730403
1123,0.5258479654582457
1124,0.2311116376502072
1125,0.9188898504192115
1126,0.20319702605070422
1127,0.17958087900268221
1128,0.36899681313749283
1129,0.3064258532948205
1130,0.7668541234147525
1131,0.18053576828848478
1132,0.46764921825587563
1133,0.21841713930671172
1134,0.8720920771598774
1135,0.9466725634924363
1136,0.25567935979067863
1137,0.21234745889665047
1138,0.16621243119678356
1139,0.9544039311759529
1140,0.8285069350384473
1141,0.9128790593004428
1142,0.18392368790971672
1143,0.07870567864412825
1144,0.8095128663308822
1145,0.9555975239476203
1146,0.1414424022572255
1147,0.4669340687703935
1148,0.6222263502537727
1149,0.9003381308887376
1150,0.11859122992351746
1151,0.6271316912832068
1152,0.6515792903934379
1153,0.17766415583924716
1154,0.7510535530016084
1155,0.20284616541238645
1156,0.8802986094839281
1157,0.22070945263773045
1158,0.7079661899841336
1159,0.2165678372882358
1160,0.14608065465064546
1161,0.9672917495885069
1162,0.5130462453218437
1163,0.9510372697306524
1164,0.5946487089595504
1165,0.22698452392365323
1166,0.6204527519362967
1167,0.1160052412132956
1168,0.9230990665744891
1169,0.2420695232180911
1170,0.20220743428824417
1171,0.9668704987192676
1172,0.9546617237539524
1173,0.2815772465647965
1174,0.1863103501081901
1175,0.8607965111396703
1176,0.9292270319282886
1177,0.14946117720236704
1178,0.23942697738475333
1179,0.41421563889571744
1180,0.3016451203960616
1181,0.13722071415164713
1182,0.15337291125483674
1183,0.7149670880657181
1184,0.16651209693694977
1185,0.2752592517902527
1186,0.8962778273204116
1187,0.4141575555479569
1188,0.44224609614368227
1189,0.9394727915357831
1190,0.7502161118350197
1191,0.6196945950407338
1192,0.2751559187055554
1193,0.3126689657931752
1194,0.9672917495885069
1195,0.6147975583542759
1196,0.9668704987192676
1197,0.9443715273509712
1198,0.7361700258561007
1199,0.9535975579986797
1200,0.5012266580008077
1201,0.8353049482634036
1202,0.1289598272501967
1203,0.932335561621693
1204,0.6992160203688719
1205,0.8327473214241543
1206,0.3246836265000522
1207,0.7523019508076007
1208,0.7532613128823437
1209,0.24102405788789524
1210,0.9024454560398061
1211,0.34126436747044875
1212,0.18765583722657989
1213,0.4945768402164099
1214,0.9672917495885069
1215,0.16154261217637272
1216,0.8875011236474912
1217,0.5145070457327884
1218,0.3990457941284191
1219,0.7638192116031682
1220,0.7863705615931076
1221,0.860814406936642
1222,0.7353269425786902
1223,0.14950996675749115
1224,0.4070951894665365
1225,0.212512461388166
1226,0.16679888448322594
1227,0.19273524208568815
1228,0.9419495928121805
1229,0.2542397314217789
1230,0.6165384021135796
1231,0.3018242387621261
1232,0.45853395528626384
1233,0.3625217555439214
1234,0.9453142398920132
1235,0.7305228340091782
1236,0.9545350656241334
1237,0.8028965445196354
1238,0.7237291002769006
1239,0.2189826740758991
1240,0.8549444785434583
1241,0.3176753181296823
1242,0.17862025372879636
1243,0.9478229721970616
1244,0.9367425767731719
1245,0.24627561251694996
1246,0.1990629412847405
1247,0.39923803673069663
1248,0.37763686617669945
1249,0.8826285626893189
1250,0.47729720067334397
1251,0.7859815905921484
1252,0.9567422647624111
1253,0.8992021989257425
1254,0.9672917495885069
1255,0.9373862643437031
1256,0.15525212485478074
1257,0.9668704987192676
1258,0.21041727548367675
1259,0.36841640494800465
1260,0.14180384491303435
1261,0.239432136426859
1262,0.6533473028452498
1263,0.38068487763564507
1264,0.6276349931944779
1265,0.20275674455702627
1266,0.5932276559661465
1267,0.4790262795567536
1268,0.1864630313050303
1269,0.7614418052406312
1270,0.9677922390329469
1271,0.4515574779194737
1272,0.2455891539680493
1273,0.16319685301834322
1274,0.3529397838620605
1275,0.6422224769187431
1276,0.5416294211115926
1277,0.16808155301779268
1278,0.8906963039883988
1279,0.7185800774198593
1280,0.18065224004123395
1281,0.14552449199944356
1282,0.6119036232954815
1283,0.20859460166683416
1284,0.33984122635061836
1285,0.38764209013248396
1286,0.487116929055783
1287,0.3752186293371745
1288,0.4243322180651456
1289,0.7802086345195088
1290,0.6904774523845227
1291,0.9296018303979908
1292,0.9672917495885069
1293,0.12537824407649734
1294,0.10950146087106956
1295,0.24524105283344608
1296,0.1772912174866808
1297,0.14184585499921099
1298,0.6048574557226395
1299,0.16544593057579915
1300,0.1291032167695442
1301,0.9234395913802865
1302,0.6077039934274805
1303,0.28624412420722056
1304,0.8639587308690321
1305,0.2075221622108401
1306,0.5071623018728695
1307,0.35524134316785233
1308,0.3846701368350364
1309,0.7679153719049555
1310,0.930119238899831
1311,0.11249323441071805
1312,0.2709979516357752
1313,0.18660277501165165
1314,0.24189339267706997
1315,0.11898336400889695
1316,0.9029818617055043
1317,0.40685788506378895
1318,0.9544039311759529
1319,0.8761026920324408
1320,0.11813601805381035
1321,0.39665893946458797
1322,0.14862343411785198
1323,0.7754786745167132
1324,0.7069978251354582
1325,0.7617620207741226
1326,0.8355465076873715
1327,0.2913006431022425
1328,0.7556398576594384
1329,0.8953427716828596
1330,0.20106499600461
1331,0.1832003090141468
1332,0.3220261172691576
1333,0.6527291226177004
1334,0.8863439871387214
1335,0.9514048575733783
1336,0.15458825887789962
1337,0.9085016486996838
1338,0.23347728831582065
1339,0.7848291206358965
1340,0.4124893121262368
1341,0.8168792905367651
1342,0.15820188383406827
1343,0.9677922390329469
1344,0.9668704987192676
1345,0.119191060429592
1346,0.8240400275427312
1347,0.4019878544353663
1348,0.9292279865885994
1349,0.16993231153470928
1350,0.8767913018902481
1351,0.20783658279582248
1352,0.20142710006280484
1353,0.7440304990683199
1354,0.6625316220374369
1355,0.49366642319870335
1356,0.828419710566988
1357,0.17273872220801081
1358,0.17017375270584556
1359,0.1308462940291939
1360,0.9305104519034005
1361,0.1116519149605944
1362,0.1380162283862212
1363,0.9474615451075432
1364,0.9063014793989931
1365,0.9303218593613553
1366,0.15764966235065558
1367,0.23762992858178864
1368,0.2750721396607622
1369,0.15706735914719203
1370,0.40027413636081083
1371,0.24299970275317215
1372,0.23636665647250987
1373,0.15831088458208878
1374,0.3018011206651227
1375,0.49664586649126286
1376,0.1518315694291376
1377,0.8418760130821703
1378,0.7124164076720372
1379,0.19408975263854783
1380,0.18134663518452632
1381,0.7316931868255103
1382,0.3749004811757469
1383,0.8645467441643431
1384,0.6590009311609336
1385,0.7450461105388552
1386,0.9626682376038015
1387,0.2806447295854504
1388,0.7317036352605314
1389,0.17219624494672003
1390,0.8877689737440247
1391,0.3095619069374508
1392,0.9632367854597048
1393,0.8443779838846978
1394,0.9506549304567543
1395,0.3576853409549904
1396,0.9014892800108308
1397,0.30901034722448
1398,0.24412049676664446
1399,0.17836914129070372
1400,0.32749342112325697
1401,0.3681541110087678
1402,0.8178180144331033
1403,0.31233066563223066
1404,0.9283896617853994
1405,0.41309363790505965
1406,0.921400205831233
1407,0.6105532896805835
1408,0.44226835293277833
1409,0.23858154238636906
1410,0.17679838722481392
1411,0.40570629103064143
1412,0.9668704987192676
1413,0.8772851200483537
1414,0.8876445557496694
1415,0.1573717969309591
1416,0.23185822891690006
1417,0.7504532890268774
1418,0.7083554416151195
1419,0.879837618921535
1420,0.14170441468905995
1421,0.26425623549605876
1422,0.9005551842691127
1423,0.17452627547539462
1424,0.3062997895520097
1425,0.9371129158924608
1426,0.47542750539777395
1427,0.3867227251522466
1428,0.14548968239480836
1429,0.31593714179575666
1430,0.10507807079710552
1431,0.2625198523791717
1432,0.814010265994529
1433,0.9176354352726479
1434,0.6328669168498383
1435,0.16925215653347472
1436,0.11294411133244467
1437,0.9086702761057818
1438,0.9454466328441589
1439,0.2719935957197326
1440,0.8232107227526023
1441,0.5954403922765532
1442,0.1290198554008139
1443,0.7701234337761501
1444,0.8325257090078493
1445,0.3824622065761451
1446,0.9544039311759529
1447,0.5227724407929885
1448,0.8117204036682848
1449,0.17179064516439532
1450,0.912209067922074
1451,0.22125933675829562
1452,0.9668704987192676
1453,0.5297568384583962
1454,0.9393302722492859
1455,0.7149088260452361
1456,0.8649298915119733
1457,0.9268639736595995
1458,0.26045090606784543
1459,0.8706339039481314
1460,0.7051892503643913
1461,0.6024292800507968
1462,0.9398107403418043
1463,0.7657572652144621
1464,0.9404658370426059
1465,0.9558787192790412
1466,0.7957928988900953
1467,0.7060186780360364
1468,0.45756301493907653
1469,0.26622191265697176
1470,0.3654532136867116
1471,0.7736711668389614
1472,0.2390199285424339
1473,0.24379439164768324
1474,0.15935608641877233
1475,0.7321959184834854
1476,0.8608255407946439
1477,0.8382089609740806
1478,0.1688466318306656
1479,0.18700067321926814
1480,0.15579977261478223
1481,0.8911552164786706
1482,0.9385559002880671
1483,0.13871501614932258
1484,0.9044561682712109
1485,0.34423556199583616
1486,0.925269188913917
1487,0.48975342640711594
1488,0.961246057439431
1489,0.821349464647112
1490,0.29268752058112013
1491,0.8879573305497792
1492,0.19253028041589432
1493,0.8776305854874461
1494,0.9407527662581996
1495,0.11610036942796091
1496,0.31261148099901825
1497,0.15926611542448768
1498,0.31867534462034985
1499,0.2627642900625304
1500,0.9165453862383413
1501,0.17264216059111917
1502,0.19460713080021638
1503,0.9672917495885069
1504,0.30525199275999554
1505,0.21824755215775016
1506,0.28719186108875966
1507,0.7684996450421376
1508,0.6976663191132852
1509,0.42316128349342497
1510,0.8794023777175185
1511,0.9584888487351992
1512,0.5915148990727824
1513,0.2274010294034883
1514,0.4450560412842653
1515,0.6329606766602616
1516,0.15872070395904583
1517,0.9356413786425245
1518,0.2901004161794922
1519,0.1773405117374714
1520,0.9618711432608898
1521,0.21950542359979827
1522,0.24447857073716942
1523,0.9269507502970551
1524,0.32222077432069574
1525,0.2995485427748078
1526,0.10947906356153633
1527,0.14706072632212375
1528,0.1451444590656015
1529,0.8828283677345077
1530,0.9479121291998017
1531,0.9677922390329469
1532,0.3355542954325677
1533,0.29992447234938746
1534,0.18331076499599186
1535,0.9370148705760107
1536,0.20727795940968005
1537,0.8862867636469915
1538,0.9579034661443118
1539,0.8545002723826132
1540,0.18468913490257155
1541,0.9089162713225414
1542,0.9156862594140965
1543,0.14427935066373193
1544,0.21453508957475623
1545,0.29853254313273964
1546,0.28284108475504727
1547,0.6984814604244236
1548,0.12302570004381269
1549,0.39864809341125057
1550,0.8304716742983973
1551,0.5500697501264764
1552,0.30200327828030504
1553,0.49488940443921936
1554,0.16459431948823175
1555,0.22530787143229578
1556,0.9529441463524767
1557,0.30262010004774886
1558,0.2089095423121131
1559,0.7757354009021843
1560,0.1575337912040531
1561,0.9677922390329469
1562,0.28350992730095226
1563,0.8809781332295954
1564,0.6651186822181688
1565,0.7550551846462353
1566,0.9487675434105554
1567,0.1487044035184825
1568,0.14058903429198238
1569,0.21124056850581768
1570,0.14278026919216308
1571,0.9632367854597048
1572,0.4891224259153966
1573,0.4250851220655515
1574,0.9677922390329469
1575,0.4408701439647471
1576,0.3200305331478073
1577,0.12982020075294
1578,0.7856419623071083
1579,0.20518050517040326
1580,0.9394991185469456
1581,0.9663561839061826
1582,0.17763518416138108
1583,0.902495691902161
1584,0.9134680623791714
1585,0.9232769711703132
1586,0.834606605570365
1587,0.9668704987192676
1588,0.375285681521056
1589,0.11457264533250719
1590,0.9284952775549261
1591,0.34435720110772894
1592,0.25588159142641576
1593,0.7511260895391173
1594,0.9239153625847925
1595,0.855578708225292
1596,0.9668704987192676
1597,0.2450617275796463
1598,0.14921386052199567
1599,0.9274178584745236
1600,0.17189086839190607
1601,0.9663561839061826
1602,0.2210571584981957
1603,0.3265052054629501
1604,0.2784435730969796
1605,0.17183305744801847
1606,0.825381485434583
1607,0.734623190288444
1608,0.11391427731793372
1609,0.4709147081170924
1610,0.6920380963681493
1611,0.9604446378462571
1612,0.3929486109497942
1613,0.2874397280131825
1614,0.4100415697797435
1615,0.30538864643512953
1616,0.13186368465572917
1617,0.9589801327300443
1618,0.15801977241668197
1619,0.19319601767377825
1620,0.14730517456231515
1621,0.9677922390329469
1622,0.9013737621386303
1623,0.22903294739688448
1624,0.8168872984979348
1625,0.1737756330631591
1626,0.43278681411681835
1627,0.4034817832872617
1628,0.1866524209091069
1629,0.9610596235897153
1630,0.12412399738248561
1631,0.7902646723208858
1632,0.7622891230192606
1633,0.9672917495885069
1634,0.2791006278455583
1635,0.953066699390437
1636,0.32199491052031465
1637,0.9371261323184078
1638,0.9616056732344272
1639,0.8804429129733721
1640,0.8959065987259244
1641,0.18359251155646525
1642,0.22991058105387177
1643,0.22503462315574133
1644,0.2265285785383984
1645,0.9668704987192676
1646,0.6330129631500291
1647,0.1716187875322661
1648,0.11834949218583775
1649,0.15332076228349031
1650,0.306693723155657
1651,0.9668704987192676
1652,0.9536802665721957
1653,0.15674870267281124
1654,0.9588987827934212
1655,0.14893232986048277
1656,0.5333689918695844
1657,0.9621500571043297
1658,0.32889028190740666
1659,0.22002581376207275
1660,0.8162458889197645
1661,0.8535966994336693
1662,0.3699774229381597
