tree
version=v3
num_class=1
num_tree_per_iteration=1
label_index=0
max_feature_idx=79
objective=binary sigmoid:1
feature_names=Column_0 Column_1 Column_2 Column_3 Column_4 Column_5 Column_6 Column_7 Column_8 Column_9 Column_10 Column_11 Column_12 Column_13 Column_14 Column_15 Column_16 Column_17 Column_18 Column_19 Column_20 Column_21 Column_22 Column_23 Column_24 Column_25 Column_26 Column_27 Column_28 Column_29 Column_30 Column_31 Column_32 Column_33 Column_34 Column_35 Column_36 Column_37 Column_38 Column_39 Column_40 Column_41 Column_42 Column_43 Column_44 Column_45 Column_46 Column_47 Column_48 Column_49 Column_50 Column_51 Column_52 Column_53 Column_54 Column_55 Column_56 Column_57 Column_58 Column_59 Column_60 Column_61 Column_62 Column_63 Column_64 Column_65 Column_66 Column_67 Column_68 Column_69 Column_70 Column_71 Column_72 Column_73 Column_74 Column_75 Column_76 Column_77 Column_78 Column_79
feature_infos=[0:75] [-6847:81204] [0:2] [0:11] [0:3] [0:1] [0:1] [0:11] [0:30] [0:35] [3:3881] [0:1] [-627:81204] [740:3881] [-627:5250.75] [370.59561128526644:740] [-6847:-627] [3:740] [-627:14524832] [0.0002576655501159495:0.33333333333333331] [-44.857142857142854:2131] none [0:1] [0:1] none none none [0:1] none [0:1] [0:1] none none [0:1] [0:1] [0:1] [0:1] [0:1] [0:1] [0:1] none [0:1] [0:1] [0:1] [0:1] [0:1] [0:1] none [0:1] [0:1] [0:1] [0:1] [0:1] [0:1] none none none [0:1] [0:1] [0:1] [0:1] [0:1] [0:1] [0:1] [0:1] [0:1] [0:1] [0:1] [0:1] [0:1] [0:1] [0:1] [0:1] [0:1] [0:1] [0:3176] [-1410482:73437504] [0:1] [8.9589679268948217e-05:0.99995520516036551] [0.00017917935853789643:1]
tree_sizes=5328 5370 5311 5353 5347 5368 5330 5311 5317 5333 3783 5358 5343 4299

Tree=0
num_leaves=50
num_cat=0
split_feature=19 19 7 77 6 19 7 7 76 10 19 7 7 7 9 77 0 65 6 77 7 1 19 10 7 1 7 7 42 7 19 7 0 7 7 7 18 10 9 76 19 0 10 70 15 3 9 6 10
split_gain=1559.23 421.835 313.002 233.52 159.596 153.775 91.1119 65.9336 64.4288 59.4444 54.2005 42.8612 67.2565 32.2208 30.8104 26.449 25.1681 19.9969 19.5878 19.6031 19.4465 19.3204 17.8276 17.2378 16.0895 14.7798 14.6898 13.4465 14.9218 13.7914 13.351 13.2408 13.1944 12.4819 9.62383 8.98522 8.42402 7.78019 8.69861 7.71245 7.34782 7.10501 6.32288 6.11748 5.88239 5.81044 5.64486 6.01427 5.35123
threshold=0.0048426434032174852 0.0022701504844361993 3.5000000000000004 1.0000000180025095e-35 1.0000000180025095e-35 0.011561079925153704 3.5000000000000004 2.5000000000000004 86719.000000000015 136.50000000000003 0.0015278847725097465 8.5000000000000018 4.5000000000000009 1.0000000180025095e-35 2.5000000000000004 1.0000000180025095e-35 13.500000000000002 1.0000000180025095e-35 1.0000000180025095e-35 1.0000000180025095e-35 8.5000000000000018 17.500000000000004 0.0079052618422697177 348.50000000000006 10.500000000000002 675.00000000000011 3.5000000000000004 4.5000000000000009 1.0000000180025095e-35 5.5000000000000009 0.0020898664407194207 2.5000000000000004 11.500000000000002 7.5000000000000009 4.5000000000000009 1.0000000180025095e-35 8897355.0000000019 380.50000000000006 1.0000000180025095e-35 186207.00000000003 0.0012507822277847312 17.500000000000004 62.500000000000007 1.0000000180025095e-35 372.55805409471253 4.5000000000000009 2.5000000000000004 1.0000000180025095e-35 163.50000000000003
decision_type=2 2 2 2 2 2 2 2 2 2 2 2 2 2 2 2 2 2 2 2 2 2 2 2 2 2 2 2 2 2 2 2 2 2 2 2 2 2 2 2 2 2 2 2 2 2 2 2 2
left_child=1 10 9 7 6 11 8 35 32 -2 40 12 -4 17 21 36 -10 48 19 30 34 -15 25 26 27 -14 43 28 -9 -29 41 -23 -5 -24 -8 -3 45 38 -37 -28 -1 -12 -7 -6 -20 -13 47 -17 -11
right_child=2 3 5 4 23 42 20 24 16 13 18 15 22 14 -16 46 -18 -19 44 -21 -22 31 33 -25 -26 -27 39 29 -30 -31 -32 -33 -34 -35 -36 37 -38 -39 -40 -41 -42 -43 -44 -45 -46 -47 -48 -49 -50
leaf_value=-0.38763153445440529 0.6374714175574292 0.50227649601122815 -0.31376793115669588 -0.08228954719408392 0.60656697290929573 0.64961358593851881 -0.37368912926805159 0.15442845718488651 -0.36105130499215737 0.46137733268046793 -0.25712984824321433 0.14798781225432589 0.30351826174123542 0.53104759167132454 0.60976373499042347 -0.28573696708213514 -0.033238802314122948 0.64209186867403634 -0.19803349203847803 -0.28445686009517973 -0.40781934342685361 0.28162215808291918 0.52252267288718424 0.091991340750853301 -0.33933581162110948 0.046817795505827361 0.35511751764686633 0.43994042494432267 -0.40446380828357581 0.13371053930389257 0.11188465439701639 0.02342445075204555 0.33183809096779271 0.19410649968559551 -0.15427306866392254 0.19175480590183858 -0.08228954719408392 0.011132331008371868 0.50312066496829455 -0.056731172455846871 -0.28772569128099351 -0.079057932699041281 0.4554991190038063 0.25622284239877069 0.12662039181487084 0.53844137916834844 0.08497365036610724 0.058178368551828355 0.10038411473374746
leaf_weight=230.94741520285606 355.26538735628128 94.671000838279724 22.671213358640671 7.7231605947017661 29.397837102413177 40.35974246263504 23.916884422302246 10.214502722024919 27.653897613286972 5.9792211055755606 37.120997697114944 8.9688316583633441 35.626192420721054 16.691992253065109 26.657360762357712 46.837231993675232 87.695242881774902 68.511908501386642 5.9792211055755642 121.82663002610207 74.241995394229889 43.349353015422821 26.906494975090027 16.691992253065109 5.9792211055755606 45.591560930013657 11.21103957295418 17.68852910399437 6.9757579565048209 49.577708333730698 20.429005444049835 29.896105527877808 49.577708333730698 17.190260678529739 83.210827052593231 13.453247487545012 7.7231605947017661 5.7300868928432456 20.67813965678215 5.9792211055755606 110.61559045314789 47.833768844604492 29.397837102413177 5.7300868928432456 23.667750209569931 5.2318184673786154 4.9826842546463004 5.2318184673786154 8.7196974456310254
leaf_count=927 1426 380 91 31 118 162 96 41 111 24 149 36 143 67 107 188 352 275 24 489 298 174 108 67 24 183 45 71 28 199 82 120 199 69 334 54 31 23 83 24 444 192 118 23 95 21 20 21 35
internal_value=0.117833 -0.0957627 0.430759 0.072012 -0.0592696 0.181906 -0.140607 0.318753 0.0157334 0.563648 -0.277289 0.0620089 0.157304 0.431628 0.328705 -0.115873 -0.113178 0.574188 -0.172358 -0.202248 -0.288892 0.243635 0.243603 0.357095 0.120538 0.159769 0.441241 0.155048 -0.0789254 0.215631 -0.106078 0.176293 0.275045 0.396288 -0.204865 0.451604 0.163688 0.328698 0.382615 0.211171 -0.355776 -0.158225 0.570141 0.551566 0.0578921 0.299239 -0.222885 -0.251881 0.252314
internal_weight=0 1246.42 851.79 647.998 423.03 296.719 354.02 224.968 172.65 555.071 598.42 226.961 147.986 199.806 116.595 78.9755 115.349 83.2108 256.857 227.21 181.37 89.9375 125.315 69.0102 90.4357 81.2178 52.3182 84.4565 17.1903 67.2662 105.384 73.2455 57.3009 44.0968 107.128 134.532 21.9238 39.8615 34.1314 17.1903 341.563 84.9548 69.7576 35.1279 29.647 14.2007 57.0517 52.0691 14.6989
internal_count=8422 5003 3419 2601 1698 1191 1421 903 693 2228 2402 911 594 802 468 317 463 334 1031 912 728 361 503 277 363 326 210 339 69 270 423 294 230 177 430 540 88 160 137 69 1371 341 280 141 119 57 229 209 59
is_linear=0
shrinkage=1


Tree=1
num_leaves=50
num_cat=0
split_feature=19 10 5 10 5 1 10 9 19 70 1 5 9 1 11 63 9 4 8 8 4 70 8 30 18 5 15 1 75 69 15 20 8 8 3 20 11 11 2 10 15 20 9 8 37 18 4 45 14
split_gain=831.477 197.445 165.471 133.738 108.456 61.5574 28.5146 27.8609 27.8221 27.3751 24.4905 22.6543 19.0156 18.8871 18.6866 16.7165 16.8072 14.3696 15.1692 13.3134 10.9629 10.8029 15.9086 10.2674 9.64656 9.58802 9.82462 8.78888 8.27878 9.00621 7.65241 7.46836 7.11217 6.88129 6.45516 6.38338 6.34874 6.18576 5.94246 5.73336 9.56732 6.99827 5.69892 5.5386 5.32242 5.23678 5.05024 8.54979 4.72726
threshold=0.0038535788535788542 130.50000000000003 1.0000000180025095e-35 447.50000000000006 1.0000000180025095e-35 103.50000000000001 651.50000000000011 2.5000000000000004 0.012903762903762906 1.0000000180025095e-35 61.500000000000007 1.0000000180025095e-35 1.0000000180025095e-35 103.50000000000001 1.0000000180025095e-35 1.0000000180025095e-35 1.0000000180025095e-35 1.5000000000000002 3.5000000000000004 16.500000000000004 1.0000000180025095e-35 1.0000000180025095e-35 21.500000000000004 1.0000000180025095e-35 8510119.5000000019 1.0000000180025095e-35 380.20135552317146 1990.5000000000002 303.50000000000006 1.0000000180025095e-35 383.94831240282184 3.8290764158424113 12.500000000000002 21.500000000000004 7.5000000000000009 4.1626016896120159 1.0000000180025095e-35 1.0000000180025095e-35 1.0000000180025095e-35 866.50000000000011 372.18378809949138 2.4127096621781248 1.0000000180025095e-35 24.500000000000004 1.0000000180025095e-35 1525827.5000000002 1.0000000180025095e-35 1.0000000180025095e-35 1513.3910716540543
decision_type=2 2 2 2 2 2 2 2 2 2 2 2 2 2 2 2 2 2 2 2 2 2 2 2 2 2 2 2 2 2 2 2 2 2 2 2 2 2 2 2 2 2 2 2 2 2 2 2 2
left_child=3 8 9 4 17 23 25 14 11 15 44 -2 13 -13 19 -3 35 18 31 -7 -16 22 -20 34 30 26 43 -9 -28 -30 -12 -1 -18 -23 -4 -17 45 -15 39 40 -8 -42 -32 -5 -6 -27 47 -26 -47
right_child=1 2 5 6 10 7 38 27 -10 -11 24 12 -14 37 20 16 32 -19 21 -21 -22 33 -24 -25 46 36 28 -29 29 -31 42 -33 -34 -35 -36 -37 -38 -39 -40 -41 41 -43 -44 -45 -46 48 -48 -49 -50
leaf_value=-0.044987212069895532 0.36938695576990854 0.3597431465533692 0.29009149606777673 -0.23464646604592646 0.11952937183251461 -0.25680935011337691 0.014926378680358617 0.24108833157114284 0.42686080593659154 0.386514738579053 -0.32988377910974842 0.39976440578681999 0.27648573060366211 -0.10347087749932339 -0.082315247744477835 0.087534056745687427 0.097959394852593917 0.31464873566673762 0.11776206904447015 -0.09782541578158091 0.38793183793838987 0.16350273934886458 -0.19797481433226072 -0.11356756444440916 0.055352431062486315 -0.074854541620592102 0.078635002643560672 -0.10877793023330264 -0.42597865331752099 0.074595101979176626 -0.27989229446537522 -0.49696172210570289 0.30574950528959999 0.44050015821292365 0.0049692680023994415 -0.12461503966414327 -0.05534309397916367 0.22638929376173006 -0.38711542063913768 -0.35206643109063679 -0.22142941198566563 -0.43582865500618412 -0.083119959941359262 0.007543994536720256 -0.13955427260616338 -0.19928600280804568 -0.20475328781449781 -0.23194027552410243 -0.34610187824516941
leaf_weight=9.042518422007559 120.37399837374687 35.113586843013763 45.238688141107559 67.226551860570908 25.299117475748062 127.30048316717148 11.216548174619673 20.854359522461895 198.17940373718739 94.457830235362053 82.724195867776871 10.024056926369665 81.80744980275631 33.62588107585907 10.006398871541025 28.943787857890129 24.690254420042038 28.268110305070877 61.91654697060585 76.5355613976717 7.5072015672922126 39.331914573907852 18.287980616092682 8.0341696888208372 22.824165463447571 10.045418083667753 25.869884088635445 9.016526907682417 7.1825376152992231 5.4709311127662659 26.477060630917549 4.8631389886140814 38.736273914575577 10.139277040958403 8.4898225069046003 22.208983242511749 12.1881086230278 5.6467891484498969 151.58783639967442 101.87495563924313 51.235426798462868 19.53513965010643 27.057477250695229 9.6925483942031843 9.5164624452590925 29.646233856678009 52.945949867367744 15.237963676452635 74.238089740276337
leaf_count=37 523 149 189 271 104 518 46 88 873 412 337 43 354 142 41 119 102 118 254 312 31 167 75 33 93 41 104 37 29 22 108 20 160 43 35 90 49 24 626 423 210 80 110 39 39 121 216 62 303
internal_value=0 0.194626 0.0751833 -0.190464 -0.0645539 -0.0692054 -0.285045 -0.135173 0.342424 0.260094 -0.185893 0.275324 0.18812 0.0404581 -0.171866 0.179524 0.123261 0.120499 0.081526 -0.197416 0.123317 0.113577 0.045159 0.198284 -0.221737 -0.20585 -0.142564 0.13544 -0.0185957 -0.213789 -0.272373 -0.212301 0.225956 0.223276 0.245399 -0.00482068 -0.263162 -0.054282 -0.341768 -0.30364 -0.242083 -0.282676 -0.18176 -0.204244 0.04795 -0.285129 -0.145085 -0.0608498 -0.305106
internal_weight=0 1006.79 557.134 1010.94 433.932 312.983 577.01 251.221 449.658 244.151 262.082 251.478 131.104 49.2967 221.35 149.693 114.579 171.849 143.581 203.836 17.5136 129.676 80.2045 61.7627 227.267 241.56 115.442 29.8709 38.5234 12.6535 136.259 13.9057 63.4265 49.4712 53.7285 51.1528 126.118 39.2727 335.45 183.862 81.9871 70.7706 53.5345 76.9191 34.8156 113.93 91.0081 38.0621 103.884
internal_count=8422 4275 2316 4147 1783 1284 2364 1027 1959 1032 1069 1086 563 209 902 620 471 714 596 830 72 539 329 257 926 979 465 125 155 51 555 57 262 210 224 209 514 166 1385 759 336 290 218 310 143 465 371 155 424
is_linear=0
shrinkage=0.3


Tree=2
num_leaves=50
num_cat=0
split_feature=19 10 7 7 8 19 5 0 0 76 19 8 8 7 7 7 8 8 7 8 7 7 0 8 8 7 65 10 5 0 20 7 5 0 76 0 5 59 34 0 20 7 44 76 8 0 18 8 19
split_gain=480.774 148.928 129.521 122.257 51.636 49.3871 45.8185 44.2353 32.5816 25.871 22.1331 19.8866 58.4196 36.9004 48.4503 19.868 19.8982 22.0643 19.3341 24.5926 33.9991 16.3962 13.4258 13.2782 12.3945 11.5772 11.0585 13.535 9.88816 9.68161 9.3633 9.09824 11.1525 7.54194 7.39374 7.25924 12.974 6.21031 6.03241 5.64671 5.52657 5.34846 5.31535 6.13226 5.01027 4.48734 4.4282 4.317 6.67485
threshold=0.0057307060755336621 410.50000000000006 3.5000000000000004 3.5000000000000004 3.5000000000000004 0.012579113924050636 1.0000000180025095e-35 41.500000000000007 7.5000000000000009 118074.50000000001 0.0012507822277847312 15.500000000000002 6.5000000000000009 7.5000000000000009 4.5000000000000009 10.500000000000002 20.500000000000004 14.500000000000002 8.5000000000000018 26.500000000000004 6.5000000000000009 7.5000000000000009 4.5000000000000009 20.500000000000004 3.5000000000000004 8.5000000000000018 1.0000000180025095e-35 520.50000000000011 1.0000000180025095e-35 42.500000000000007 0.14681346222699607 9.5000000000000018 1.0000000180025095e-35 21.500000000000004 32412.000000000004 11.500000000000002 1.0000000180025095e-35 1.0000000180025095e-35 1.0000000180025095e-35 6.5000000000000009 2.3609389326975978 9.5000000000000018 1.0000000180025095e-35 97054.000000000015 12.500000000000002 43.500000000000007 12650516.500000002 1.5000000000000002 0.0037664917009504898
decision_type=2 2 2 2 2 2 2 2 2 2 2 2 2 2 2 2 2 2 2 2 2 2 2 2 2 2 2 2 2 2 2 2 2 2 2 2 2 2 2 2 2 2 2 2 2 2 2 2 2
left_child=1 3 22 4 30 11 15 8 40 -10 -3 12 25 14 -13 16 17 -5 19 23 -21 -18 -2 -8 28 37 38 42 -24 35 -1 -15 -33 -29 -30 36 -26 -4 39 -12 -6 -14 -28 -44 -41 -9 -7 -32 -49
right_child=2 10 5 6 7 46 18 45 9 -11 26 13 41 31 -16 -17 21 -19 -20 20 -22 -23 24 -25 29 -27 27 33 34 -31 47 32 -34 -35 -36 -37 -38 -39 -40 44 -42 -43 43 -45 -46 -47 -48 48 -50
leaf_value=0.16168845792268791 -0.22161391137516975 -0.29245472076265228 0.098463645908722391 -0.045912784249359566 -0.060968363548469295 0.34306508924952767 -0.16326265213489763 -0.11661531517909685 0.27381582592791726 0.10125998237307707 -0.46824701405017816 -0.31747455126892327 -0.43207160725439442 -0.36480035293469265 0.3727915961627849 -0.41548296917575672 0.11766505095771199 0.28815472158471539 -0.34784753665741625 -0.42405968394523991 0.45745241583769136 -0.45780369249971037 0.29662616790071966 -0.45093273154001273 0.33554171047743603 -0.13012929489133176 0.17179326544318635 -0.24234422314675097 0.16865976633886043 -0.088724236963884331 -0.36628427996849228 0.18596713234114159 -0.22888076124678361 -0.050179437905446399 -0.29864911626165569 0.36881681622389978 -0.063817612291163228 0.38942790904839575 0.050962882422007041 -0.25221810934311567 -0.41539916775481311 -0.20765561980288624 0.18753625196172793 -0.1856222369515155 -0.16656296812005544 -0.42490052218612329 0.065117209177460403 -0.0072643656069715659 -0.33370102216123382
leaf_weight=5.3763944357633582 3.7014071345329276 202.23102316260338 13.610459879040718 33.27166260778904 7.7070498168468466 41.700140625238419 89.999492764472961 7.392386436462405 158.68671800196171 155.22813691198826 7.2020983546972266 11.391744479537008 31.444718614220619 13.088599711656569 41.42846842110157 8.2557130306959134 7.4015015661716488 37.629853039979935 78.89930821955204 5.482335329055787 11.699186488986015 10.328720822930334 13.719214171171188 17.092558532953262 24.857205852866173 9.9172760844230634 18.672243386507034 43.11108572781086 5.4994901865720749 4.3562196940183631 16.701175630092621 9.7590770721435547 13.357031971216202 32.265351817011833 5.9672420620918274 314.69370155036449 10.155718088150023 13.115149050951004 8.1227169036865217 106.33902218937874 8.1080812662839872 15.404563158750532 5.6663180440664318 11.158110454678534 157.09139679372311 11.016383871436117 6.1158069670200339 12.042386651039125 10.238946184515951
leaf_count=23 17 927 57 137 34 213 375 31 705 671 31 47 131 54 184 34 31 159 343 23 48 42 67 72 127 42 78 184 26 19 69 42 55 136 27 1561 47 55 34 454 35 65 24 47 670 45 31 50 43
internal_value=0 -0.101356 0.223228 -0.00689981 0.103267 0.039861 -0.150953 0.142134 0.16749 0.18872 -0.211806 -0.0350772 -0.139937 0.0634468 0.222686 0.0187877 0.0608818 0.131995 -0.231778 -0.157229 0.173007 -0.220212 0.328582 -0.210647 0.334174 0.143023 -0.169696 -0.0891033 0.128242 0.348666 -0.200343 -0.168769 -0.053562 -0.160769 -0.0763507 0.354207 0.220278 0.244798 -0.201582 -0.209225 -0.248303 -0.360605 0.0631702 -0.058544 -0.201461 -0.306092 0.308329 -0.25138 -0.160433
internal_weight=0 1284.42 603.283 692.558 392.498 220.333 300.06 348.139 329.73 313.915 591.859 172.517 83.4922 89.0249 52.8202 96.8875 88.6317 70.9015 203.173 124.274 17.1815 17.7302 382.95 107.092 379.249 36.6429 389.628 110.873 25.1859 354.063 44.3589 36.2047 23.1161 75.3764 11.4667 349.707 35.0129 26.7256 278.755 270.633 15.8151 46.8493 35.4967 16.8244 263.43 18.4088 47.8159 38.9825 22.2813
internal_count=8422 5555 2867 2970 1706 976 1264 1521 1445 1376 2585 732 350 382 231 403 369 296 861 518 71 73 1891 447 1874 154 1658 469 120 1754 185 151 97 320 53 1735 174 112 1189 1155 69 196 149 71 1124 76 244 162 93
is_linear=0
shrinkage=0.3


Tree=3
num_leaves=50
num_cat=0
split_feature=19 19 7 7 5 9 7 1 19 1 19 19 9 20 5 7 63 7 7 19 7 75 2 18 76 20 19 4 75 18 58 5 18 7 3 19 75 4 15 2 7 76 9 15 76 7 18 3 76
split_gain=281.527 104.683 88.9379 59.527 49.8068 29.7342 21.7277 21.4358 19.8346 19.4464 19.3128 12.548 12.2045 12.8649 11.5599 11.1564 11.0047 10.2289 21.9942 7.71941 7.574 7.10965 5.04736 5.7661 8.87303 5.50799 5.44875 5.00392 5.87635 4.72296 4.72714 4.60148 4.4957 4.75624 4.43861 4.25663 4.10302 4.07963 6.6291 3.85248 6.24517 4.84406 5.62432 5.83858 3.84 4.19018 3.83393 3.72539 3.52092
threshold=0.0069204980842911884 0.0026143835522808366 2.5000000000000004 7.5000000000000009 1.0000000180025095e-35 2.5000000000000004 5.5000000000000009 146.50000000000003 0.016001024065540197 -32.499999999999993 0.0015071598611641139 0.0061539044156631072 1.0000000180025095e-35 9.7223789864404235 1.0000000180025095e-35 4.5000000000000009 1.0000000180025095e-35 3.5000000000000004 4.5000000000000009 0.0039447885219881119 2.5000000000000004 11.500000000000002 1.0000000180025095e-35 5366502.5000000009 663515.00000000012 0.81827059659090928 0.0022701504844361993 1.5000000000000002 269.50000000000006 7657269.5000000009 1.0000000180025095e-35 1.0000000180025095e-35 10799109.000000002 9.5000000000000018 7.5000000000000009 0.0094788858939802347 18.500000000000004 1.5000000000000002 372.86152561824889 1.0000000180025095e-35 9.5000000000000018 634167.00000000012 1.0000000180025095e-35 372.47858636799191 556108.00000000012 5.5000000000000009 1431473.0000000002 10.500000000000002 236871.00000000003
decision_type=2 2 2 2 2 2 2 2 2 2 2 2 2 2 2 2 2 2 2 2 2 2 2 2 2 2 2 2 2 2 2 2 2 2 2 2 2 2 2 2 2 2 2 2 2 2 2 2 2
left_child=1 10 4 17 19 9 -7 34 21 -4 39 16 15 -14 22 -11 -9 47 -19 27 37 35 23 24 -12 36 -25 28 -3 31 -31 -23 46 -34 -6 -5 -24 38 -16 41 -41 44 43 -43 45 -1 -22 -2 -8
right_child=3 2 5 8 7 6 48 11 -10 12 14 -13 13 -15 20 -17 -18 18 -20 -21 32 29 25 26 -26 -27 -28 -29 -30 30 -32 -33 33 -35 -36 -37 -38 -39 -40 40 -42 42 -44 -45 -46 -47 -48 -49 -50
leaf_value=-0.18038611373771563 0.31493508930325964 0.15868778526858532 0.38353843245000829 0.32823644144840697 0.24099109290310722 0.3057028934347582 -0.023512077064469939 -0.13324073332966532 0.33970625697757206 -0.27810892149512262 0.19847911874164317 0.23686826269862468 -0.0038674642117257148 -0.21257845644763798 -0.27053896389038529 -0.1215364116009344 0.19406132510951349 -0.19359675815563129 0.25339267849860936 0.29312886593738985 -0.058162514300525568 0.11758956650005625 0.028523979820131738 -0.11879674984761569 -0.13277776407494729 -0.028615340002688869 0.099492885575625037 0.32253105909241908 -0.12813265974397922 -0.13702392371860037 -0.45182233682973455 -0.11905085679083738 -0.03942050287895485 -0.32059436529951812 -0.053500436903252423 -0.019405271334957123 -0.24795930694059012 0.069174244922786066 -0.03824716175879872 -0.28152295302412894 -0.058196382150478003 0.13960928128030217 -0.30000889532926744 -0.19456316735386756 0.09271083969383391 0.025732771418200091 -0.26369997673410406 0.081772203197093912 -0.31250144261777052
leaf_weight=55.48988850414753 245.60567119717598 53.212727010250092 6.7590659260749808 5.2871791869401914 31.357923209667206 28.738547369837761 11.36930660903454 88.252297252416611 12.261031419038771 55.708481967449188 23.306977152824402 10.743555918335913 117.02530999481678 34.007162228226662 16.207662373781204 157.31534461677074 9.9764898866415006 11.691824421286581 56.5672767162323 100.56117662787437 9.4407429248094541 11.171616077423097 5.8076807111501685 38.509697988629341 10.182602509856222 37.116532906889915 13.659963503479956 14.220665916800497 7.0095428973436347 20.381005018949512 5.2901352494955054 20.195272788405418 23.652046814560894 6.6873936504125586 5.2398646622896186 7.0850908309221268 26.268684610724449 13.45037044584751 33.60152967274189 105.59515383839607 12.871268957853315 5.5556752234697369 47.236536920070648 23.569363817572594 6.307200461626052 10.445579156279562 75.439334139227867 6.6571817547082892 5.3589518666267386
leaf_count=268 1475 249 30 22 146 133 49 371 77 243 97 47 514 151 72 700 44 53 303 546 41 52 25 163 42 160 59 72 32 89 23 87 106 32 22 33 114 59 147 540 66 26 237 119 31 50 349 33 23
internal_value=0 -0.063446 0.0123284 0.222699 0.131012 -0.0791055 0.148977 0.00128783 -0.00594267 -0.107199 -0.156389 -0.065487 -0.11671 -0.0512884 -0.108019 -0.162916 -0.0993625 0.280895 0.176165 0.238675 -0.159993 -0.0685574 -0.0478639 0.000886317 0.0973904 -0.107882 -0.0613262 0.16397 0.124694 -0.113251 -0.207688 -0.03436 -0.205733 -0.10468 0.198708 0.134648 -0.198159 -0.0759316 -0.115349 -0.216515 -0.257529 -0.18323 -0.236086 -0.129816 -0.126392 -0.147773 -0.24121 0.308918 -0.121102
internal_weight=0 1337.26 736.856 402.193 320.574 416.282 45.4668 145.57 81.6713 370.815 600.402 108.972 364.056 151.032 333.331 213.024 98.2288 320.522 68.2591 175.004 178.479 69.4103 154.852 85.6592 33.4896 69.1929 52.1697 74.4429 60.2223 57.038 25.6711 31.3669 115.22 30.3394 36.5978 12.3723 32.0764 63.2596 49.8092 267.071 118.466 148.604 76.3616 29.125 72.2427 65.9355 84.8801 252.263 16.7283
internal_count=8422 6175 3372 2247 1529 1843 205 630 383 1638 2803 462 1608 665 1466 943 415 1864 356 899 806 306 660 361 139 299 222 353 281 251 112 139 528 138 168 55 139 278 219 1337 606 731 382 145 349 318 390 1508 72
is_linear=0
shrinkage=0.3


Tree=4
num_leaves=50
num_cat=0
split_feature=79 19 7 7 8 5 76 3 19 19 65 8 8 7 7 8 8 7 5 8 8 8 7 7 7 67 2 19 8 5 14 20 1 20 7 8 14 33 20 65 44 20 76 75 79 1 78 3 14
split_gain=170.829 63.9874 58.166 32.5457 28.6853 25.7124 21.9697 19.7106 15.4887 14.3689 13.8496 13.2697 23.1635 17.1124 13.1155 15.0521 28.1976 22.6827 11.5279 9.4499 7.67005 14.9641 10.9222 10.9018 8.44939 7.21924 7.13117 6.8635 6.48076 7.29103 6.12144 5.92193 5.33932 5.33414 5.7733 5.31313 4.86405 5.25087 4.78937 4.4698 4.45209 4.63547 4.1977 4.79733 3.84872 3.35895 5.55263 3.2507 3.22864
threshold=0.2396523920444365 0.0027739304401354268 3.5000000000000004 3.5000000000000004 3.5000000000000004 1.0000000180025095e-35 85042.500000000015 10.500000000000002 0.0012507822277847312 0.012903762903762906 1.0000000180025095e-35 20.500000000000004 15.500000000000002 7.5000000000000009 8.5000000000000018 16.500000000000004 5.5000000000000009 4.5000000000000009 1.0000000180025095e-35 26.500000000000004 3.5000000000000004 14.500000000000002 7.5000000000000009 4.5000000000000009 9.5000000000000018 1.0000000180025095e-35 1.0000000180025095e-35 0.0020304589455630872 3.5000000000000004 1.0000000180025095e-35 1529.5740992235167 13.832320601851853 7102.5000000000009 1.4837833099579245 8.5000000000000018 5.5000000000000009 1492.2068815331011 1.0000000180025095e-35 20.039139093137258 1.0000000180025095e-35 1.0000000180025095e-35 1.8254500905507618 63614.000000000007 224.50000000000003 0.87473123096219318 3656.0000000000005 0.92196738935674627 10.500000000000002 1547.8128984958596
decision_type=2 2 2 2 2 2 2 2 2 2 2 2 2 2 2 2 2 2 2 2 2 2 2 2 2 2 2 2 2 2 2 2 2 2 2 2 2 2 2 2 2 2 2 2 2 2 2 2 2
left_child=3 8 4 28 39 11 7 25 -2 20 26 12 13 -4 15 16 -7 -17 27 -13 48 35 23 -23 -24 -6 -8 36 29 -1 -21 33 -12 34 -20 -22 -10 -38 -14 40 41 -3 -29 -44 -35 -16 -47 -30 -5
right_child=1 2 5 9 6 14 10 -9 18 -11 32 19 38 -15 45 17 -18 -19 31 30 21 22 24 -25 -26 -27 -28 42 47 -31 -32 -33 -34 44 -36 -37 37 -39 -40 -41 -42 -43 43 -45 -46 46 -48 -49 -50
leaf_value=0.29587738787038131 -0.19657676001864646 0.27077832229215787 -0.39296241000553889 0.37638870084039572 0.25401357523090712 0.051459499585885603 0.047636147682214171 -0.33365210351479141 0.21521487656000787 0.24329135651205183 0.17350005120571238 -0.40442712163471045 0.31753891871108547 0.045078121940158304 -0.27134271691502676 -0.28458095952993967 -0.32192049346355517 0.15372878931249698 -0.077839763701647732 -0.20078929993882161 0.069339173737265433 -0.1618238803369981 -0.32736503315340909 0.30793778862411086 0.069296149949263183 0.066316100136297254 -0.10539955508703179 -0.079073610120719645 0.30112964449591451 -0.13005404713291621 0.21110640367208705 0.070741687588034036 -0.15052944357953155 -0.21155447593438764 -0.27841379392805937 -0.25463471148754618 -0.10267317850879891 0.21038043727588943 0.018549995215845189 -0.25251883035117395 -0.17224979918928449 -0.078823693613081294 0.14874357876305916 -0.022077826513590863 0.076087647685144352 0.15771376418596508 -0.24489578271561571 0.019831737747308835 0.048991099405164731
leaf_weight=6.6588563621044141 159.53461933135986 5.4221552759408951 9.6475885063409788 6.3126464933156949 128.4769289046526 30.456688791513443 70.725821807980537 5.5317985862493506 4.4991515576839438 34.041178569197655 71.583586648106575 8.7212472707033175 30.739358887076378 39.761281907558441 61.95493258535862 14.106595724821089 44.507825061678886 39.447593733668327 105.10148175060749 6.2952138781547529 5.4890948086977032 5.3670851290226009 7.4333390295505533 20.713686555624008 12.370105683803558 21.910883501172066 44.20037630200386 22.254153147339821 173.38094842433929 7.0938581824302673 5.9243460297584534 11.786142542958258 4.5966457724571219 91.320056647062302 14.460590496659277 22.812457576394081 122.24725043773651 4.664638638496398 5.7649871855974189 16.864523470401764 14.063726916909218 7.9613659977912903 32.795359283685684 26.541530638933182 4.2005679607391349 4.5796788632869703 7.8836800158023834 3.8359221220016471 4.7738463282585144
leaf_count=49 927 26 41 28 715 132 316 25 20 235 385 37 142 166 307 72 201 172 495 27 25 25 31 127 55 122 196 99 1292 38 26 57 22 445 75 98 565 20 25 75 63 36 143 115 22 23 41 21 22
internal_value=0 -0.0446033 0.0169261 0.202998 0.0937652 -0.0801353 0.122797 0.206238 -0.116539 0.0797157 0.0544378 0.0388861 0.0911263 -0.042862 -0.142759 -0.0843037 -0.170742 0.0370515 -0.0873619 -0.173185 0.0136049 -0.0215941 0.0840664 0.210307 -0.0830408 0.226909 -0.0113785 -0.0371379 0.279702 0.0786483 -0.000739076 -0.134371 0.153281 -0.145719 -0.102925 -0.191711 -0.0794827 -0.0905575 0.271016 -0.132685 -0.0565474 0.0664705 0.0311165 0.0726896 -0.198647 -0.242744 -0.0966597 0.295098 0.241868
internal_weight=0 1300.53 701.129 310.283 391.338 309.791 347.026 155.92 599.406 119.313 191.106 106.854 85.9132 49.4089 202.937 128.519 74.9645 53.5542 439.871 20.9408 85.2723 74.1858 45.8842 26.0808 19.8034 150.388 114.926 213.002 190.97 13.7527 12.2196 226.869 76.1802 215.083 119.562 28.3016 131.411 126.912 36.5043 44.3118 27.4472 13.3835 81.591 59.3369 95.5206 74.4183 12.4634 177.217 11.0865
internal_count=8422 6376 3393 2046 1981 1412 1781 862 2983 646 919 464 374 207 948 577 333 244 2056 90 411 361 238 152 86 837 512 962 1400 87 53 1094 407 1037 570 123 605 585 167 200 125 62 357 258 467 371 64 1313 50
is_linear=0
shrinkage=0.3


Tree=5
num_leaves=50
num_cat=0
split_feature=79 19 5 7 7 7 6 7 9 7 79 65 1 6 1 19 76 19 41 9 5 1 20 18 64 1 18 44 18 18 76 79 4 14 20 76 18 15 20 9 14 14 19 19 7 79 18 79 66
split_gain=104.735 37.8448 34.5611 22.7128 22.6573 20.2328 16.5494 13.5681 15.4067 12.7174 11.5162 12.1618 9.82762 8.59464 8.58273 8.27245 6.50149 6.22356 5.90179 5.8648 6.85368 9.63502 6.25427 6.20709 5.6149 5.85628 5.42594 5.73145 5.40516 6.55689 5.37232 6.10283 5.03064 4.76612 4.09078 3.91786 3.79986 4.54858 5.58512 3.64153 3.48739 3.11073 3.0719 6.12064 3.02248 2.93493 3.5766 2.92407 2.88473
threshold=0.22247357104461571 0.002936863895118165 1.0000000180025095e-35 2.5000000000000004 7.5000000000000009 8.5000000000000018 1.0000000180025095e-35 4.5000000000000009 2.5000000000000004 10.500000000000002 0.84677925103028151 1.0000000180025095e-35 3116.0000000000005 1.0000000180025095e-35 -1.0000000180025095e-35 0.016001024065540197 312434.00000000006 0.004106793496593133 1.0000000180025095e-35 2.5000000000000004 1.0000000180025095e-35 99.500000000000014 2.5963378238920041 9607096.0000000019 1.0000000180025095e-35 36.500000000000007 2923305.0000000005 1.0000000180025095e-35 10471320.000000002 7464193.5000000009 2951483.0000000005 0.76395359254613882 1.5000000000000002 1676.1336080307867 13.832320601851853 921168.00000000012 1713915.0000000002 372.55805409471253 23.560699802433195 2.5000000000000004 1504.7060785856806 1708.5751989389921 0.0056657678479712387 0.0063092110500756323 1.5000000000000002 0.96295466762229009 13786852.500000002 0.97854327181508693 1.0000000180025095e-35
decision_type=2 2 2 2 2 2 2 2 2 2 2 2 2 2 2 2 2 2 2 2 2 2 2 2 2 2 2 2 2 2 2 2 2 2 2 2 2 2 2 2 2 2 2 2 2 2 2 2 2
left_child=4 10 3 17 19 6 12 8 -5 16 11 13 14 24 -4 32 -9 26 44 20 48 -22 -23 -24 34 -26 -3 -28 29 -15 31 39 36 -14 -2 -33 -6 -38 -39 -13 -7 45 -42 -44 -8 46 -12 -43 -1
right_child=1 2 5 7 15 40 18 9 -10 -11 41 30 33 28 -16 -17 -18 -19 -20 -21 21 22 23 -25 25 -27 27 -29 -30 -31 -32 35 -34 -35 -36 -37 37 38 -40 -41 42 47 43 -45 -46 -47 -48 -49 -50
leaf_value=0.29366207140489103 -0.15647088799422301 0.32029102542260074 0.38017145067165031 -0.28342461948364406 -0.33640118919650697 -0.37922604154284795 0.059063289368896141 0.15435233832382564 0.32113926503998041 -0.29418514097069876 -0.099037589734711745 0.046249223043542585 -0.1907545942322138 0.037792364364846967 -0.012853801905126068 0.29166248733943112 -0.028255099971195859 0.23981419112124497 0.018171209170591267 0.32182524345561064 0.32255508084681811 -0.2048462382990674 0.19185207624102071 -0.042029559361805011 0.14166702907789391 -0.078075060183672537 0.15944533450217899 -0.056399823915633453 -0.14195286522159195 0.4000393501976709 0.34099917063999324 -0.11108750987839668 0.20698463724914543 0.11233120634534303 0.03956194363504096 0.1275687143409536 -0.19800037392970107 0.090690894347261214 -0.23742670336494565 0.25938146802353945 -0.20302644622573116 -0.32571132558974863 0.14966580412816088 -0.22301436954422782 0.35478455725843938 -0.20047261955085408 -0.3007890235219744 -0.014816918789999307 0.11405260179696561
leaf_weight=57.457460969686508 140.33807881176472 8.541319288313387 4.7147514522075644 21.750704623758796 3.7870918065309516 7.5005218237638465 4.0612914413213757 56.701437205076218 4.2386614531278601 7.7883833348751059 141.10309691727161 54.229848295450211 40.138466238975525 16.523256346583373 244.74439358711243 8.2341239154338819 25.179618537425995 82.932540759444237 10.370675727725031 50.924443297088146 17.024104960262775 6.4624808207154265 26.719613060355186 16.192842103540897 11.974348857998846 94.412896439433098 24.298140108585358 19.792994454503059 8.2133806943893415 5.838959962129592 4.3691041320562354 36.166042819619179 6.7855238765478125 5.0194662660360327 10.12981306016445 7.1126128584146491 10.757952228188513 23.605987742543224 5.4107606112956992 7.9867151826620093 42.55874265730381 13.679705008864405 7.2779793143272382 7.8484333902597427 15.908955365419386 43.039828598499298 8.1179984956979734 3.4235465228557578 10.140136331319807
leaf_count=529 694 49 27 100 17 42 21 261 23 35 842 252 189 70 1150 77 113 601 51 467 150 42 196 119 55 458 139 108 36 25 20 167 31 23 48 33 50 112 25 36 243 85 37 40 88 284 49 23 90
internal_value=0 -0.0320426 0.0187633 0.105462 0.182898 -0.0371138 -0.00643137 0.00771207 -0.181534 0.063111 -0.0857328 -0.055637 -0.0282486 -0.0880548 -0.00484369 0.0201287 0.0983302 0.188597 0.203088 0.23431 0.200213 0.130521 0.0622999 0.104014 -0.105945 -0.0529149 0.106724 0.0629052 0.0616739 0.137615 0.0291869 0.0150644 -0.0261807 -0.156392 -0.143205 -0.0710764 -0.0640151 -0.0350648 0.0271687 0.0750546 -0.189121 -0.142634 -0.162021 -0.044447 0.296928 -0.131215 -0.110769 -0.265198 0.267528
internal_weight=0 1248.03 641.367 251.224 243.503 390.144 324.958 115.659 25.9894 89.6694 606.659 397.295 294.617 287.431 249.459 58.5814 81.8811 135.565 30.3409 184.921 133.997 66.399 49.3749 42.9125 256.855 106.387 52.6325 44.0911 30.5756 22.3622 109.864 105.495 50.3473 45.1579 150.468 43.2787 43.5618 39.7747 29.0167 62.2166 65.1857 209.364 57.6852 15.1264 19.9702 192.261 149.221 17.1033 67.5976
internal_count=8422 6517 3340 1429 1905 1911 1549 532 123 409 3177 1894 1389 1386 1177 312 374 897 160 1593 1126 507 357 315 1255 513 296 247 131 95 508 488 235 212 742 200 204 187 137 288 362 1283 320 77 109 1175 891 108 619
is_linear=0
shrinkage=0.3


Tree=6
num_leaves=50
num_cat=0
split_feature=10 0 10 0 3 76 5 10 44 10 60 59 0 10 20 10 10 10 0 14 3 20 10 75 1 76 76 76 18 5 20 18 0 14 20 14 76 44 75 15 15 20 45 15 18 6 15 10 10
split_gain=65.5441 40.8857 32.3945 28.7247 30.2956 22.4822 15.4831 13.3602 11.6981 8.92253 7.45113 6.15322 6.11871 6.11142 5.69344 5.64244 5.27685 7.48287 8.81478 5.15269 5.10485 5.2474 5.09954 5.43057 4.99968 4.84975 4.17608 5.21419 3.73881 3.60491 4.29608 5.3291 3.40692 3.77739 3.27086 2.97019 2.56353 1.95106 1.88427 1.11633 2.19902 1.10004 1.59751 0.963181 0.81879 1.0157 0.811602 0.790522 0.636749
threshold=113.50000000000001 42.500000000000007 613.50000000000011 11.500000000000002 3.5000000000000004 515833.00000000006 1.0000000180025095e-35 457.50000000000006 1.0000000180025095e-35 76.500000000000014 1.0000000180025095e-35 1.0000000180025095e-35 9.5000000000000018 513.50000000000011 8.6566616347301029 625.50000000000011 562.50000000000011 207.50000000000003 54.500000000000007 1505.6366596087198 10.500000000000002 1.5073892370605175 954.50000000000011 474.50000000000006 3983.0000000000005 17431.000000000004 528580.50000000012 151128.00000000003 10571609.500000002 1.0000000180025095e-35 14.565697647548182 12909366.500000002 41.500000000000007 1553.4226266802668 1.2492026245170729 1538.5252228624165 1456740.0000000002 1.0000000180025095e-35 261.50000000000006 372.55805409471253 373.10758639556599 0.17451088962716874 1.0000000180025095e-35 376.02505648442758 11495237.000000002 1.0000000180025095e-35 373.9726148117316 62.500000000000007 319.50000000000006
decision_type=2 2 2 2 2 2 2 2 2 2 2 2 2 2 2 2 2 2 2 2 2 2 2 2 2 2 2 2 2 2 2 2 2 2 2 2 2 2 2 2 2 2 2 2 2 2 2 2 2
left_child=9 2 3 6 5 8 26 10 -5 28 -6 -7 44 14 -8 43 17 18 35 -9 21 41 23 -17 38 -23 27 -2 -1 39 47 -32 33 -27 -24 37 48 -3 -18 -30 -41 42 -11 -14 45 -4 -20 -31 -19
right_child=1 16 12 4 7 11 13 19 -10 20 -12 -13 15 -15 -16 22 24 36 46 -21 -22 25 34 -25 -26 32 -28 -29 29 30 31 -33 -34 -35 -36 -37 -38 -39 -40 40 -42 -43 -44 -45 -46 -47 -48 -49 -50
leaf_value=0.29535239417061437 0.073486580485259925 -0.51903428582411093 -0.33936982016034817 0.080783304410956311 0.20669339627179642 -0.16314584329476722 -0.22549783115399363 0.27536749438165492 -0.026701888808558238 0.251157812745817 0.09461819369347052 -0.027637846480777054 -0.40102892930335898 0.11565286501625936 -0.03991926447669366 -0.08174555045136285 0.21171972530427027 -0.40635381528359094 0.20833839014795222 -0.058003097897624291 -0.18554046211967049 -0.28628295654235464 -0.1812549075101291 0.05594454946818813 -0.33245493503270795 0.074508071931527531 0.26029540839037379 -0.12731498083497894 0.32353763815052039 0.29495853792566845 -0.42465859499778608 0.16789766741908446 -0.12385860705504341 0.240861445441201 -0.037569965969576923 -0.054351041215221503 -0.14846012510950068 -0.20188343266157543 -0.063562149282748212 -0.10698647210385627 0.28880255128403487 0.34019508693133538 0.026933957015185871 -0.17895661176826735 -0.12604858537085792 -0.13255821061050235 0.027314673135397163 0.070029449534990351 -0.30298142196775352
leaf_weight=54.117192983627319 31.100390076637268 3.9658399596810359 12.085985958576204 219.43907705694437 118.17524361610413 76.484416797757149 74.639261648058891 4.2604394257068625 155.39701887965202 10.646115936338903 99.248966827988625 49.934991113841534 5.270659536123274 6.09617955982685 18.796505570411682 95.187750622630119 4.3791882842779142 19.872858442366123 4.0394119024276716 40.417362093925476 4.5340837836265555 2.6379194408655158 54.181240059435368 34.98859690874815 3.3070237040519705 42.677744120359421 5.8227478340268126 18.07152121514082 7.7889143005013466 2.73448646068573 2.8407451882958412 2.0792111307382584 5.1522306799888602 17.219084702432156 19.627668134868145 4.0813626646995536 6.9063036739826194 4.2893109768629074 3.9515837579965591 1.955734074115753 2.5111385583877563 8.6208910271525365 3.9970157593488684 4.1215341985225677 3.9512880295515052 3.4352329894900313 4.7625981867313385 3.1453884840011597 19.41471353918314
leaf_count=611 183 20 79 1199 681 386 382 20 833 102 545 246 26 33 93 553 26 102 20 194 22 19 396 211 22 330 30 91 86 29 25 20 28 136 144 20 37 21 26 23 29 78 37 20 28 21 23 28 108
internal_value=0 -0.0210397 -0.00667419 0.0186875 0.0425717 -0.000665645 -0.0991104 0.125139 0.0362414 0.176151 0.155795 -0.109871 -0.106513 -0.169479 -0.188486 -0.0914766 -0.229309 -0.2614 -0.110784 -0.0241048 0.114094 0.12976 -0.0806223 -0.0446808 -0.0411827 0.0866215 0.0285433 -0.000732669 0.251973 0.146932 0.0189275 -0.180302 0.10336 0.12358 -0.143444 -0.270976 -0.328818 -0.370791 0.0841413 0.255667 0.120839 0.251774 0.19224 -0.314601 -0.266245 -0.297969 0.115706 0.186478 -0.358751
internal_weight=0 1229.7 1150.73 917.884 763.358 501.256 154.527 262.102 374.836 172.658 217.424 126.419 232.85 99.5319 93.4358 213.377 78.9702 67.3324 21.1385 44.6778 95.4851 90.951 203.985 130.176 11.6378 67.687 54.9947 49.1719 77.1728 23.0556 10.7998 4.91996 65.0491 59.8968 73.8089 12.3365 46.1939 8.25515 8.33077 12.2558 4.46687 23.264 14.6431 9.39219 19.4725 15.5212 8.80201 5.87987 39.2876
internal_count=8422 6819 6394 4916 4104 2664 812 1440 2032 1603 1226 632 1478 508 475 1350 425 351 104 214 752 730 1304 764 74 513 304 274 851 240 102 45 494 466 540 61 247 41 52 138 52 217 139 46 128 100 43 57 210
is_linear=0
shrinkage=0.3


Tree=7
num_leaves=50
num_cat=0
split_feature=10 10 7 8 7 8 8 8 76 8 7 1 7 7 76 4 8 7 8 10 7 4 8 8 7 8 69 20 75 1 15 6 7 8 8 15 4 19 76 8 1 75 7 9 45 14 20 20 10
split_gain=41.085 18.7318 22.0678 19.4285 34.0486 15.722 15.141 14.4179 13.8566 12.4187 18.4594 11.6833 11.2197 10.6826 10.1149 8.11063 7.56376 6.38753 6.38033 5.66852 4.83608 5.81431 6.19344 5.34248 4.80124 8.31299 6.81703 7.40218 5.14879 4.59261 4.12459 7.93323 7.75202 8.329 6.15519 5.8015 3.85552 3.24564 3.02602 4.1969 2.50797 2.12869 1.7301 1.94013 3.95175 3.65289 1.4439 5.35019 1.42193
threshold=87.500000000000014 285.50000000000006 1.0000000180025095e-35 15.500000000000002 7.5000000000000009 22.500000000000004 26.500000000000004 20.500000000000004 -5958.9999999999991 8.5000000000000018 4.5000000000000009 136.50000000000003 9.5000000000000018 4.5000000000000009 190984.50000000003 1.5000000000000002 16.500000000000004 10.500000000000002 3.5000000000000004 651.50000000000011 7.5000000000000009 1.0000000180025095e-35 8.5000000000000018 1.5000000000000002 9.5000000000000018 19.500000000000004 1.0000000180025095e-35 1.8930868063025355 612.00000000000011 4415.5000000000009 373.33607626336544 1.0000000180025095e-35 8.5000000000000018 27.500000000000004 12.500000000000002 374.33256469410367 1.0000000180025095e-35 0.0057307060755336621 250504.00000000003 15.500000000000002 192.50000000000003 80.500000000000014 2.5000000000000004 2.5000000000000004 1.0000000180025095e-35 1514.5998377763826 2.4695046439628485 0.93595352016404665 85.500000000000014
decision_type=2 2 2 2 2 2 2 2 2 2 2 2 2 2 2 2 2 2 2 2 2 2 2 2 2 2 2 2 2 2 2 2 2 2 2 2 2 2 2 2 2 2 2 2 2 2 2 2 2
left_child=20 2 5 8 7 18 11 13 -4 15 -11 41 37 -5 -9 -10 -14 19 -2 30 23 -22 -23 -1 26 28 29 -28 -26 -21 32 34 33 -3 -32 -33 -13 -6 -20 -40 -34 -7 48 44 45 -44 47 -19 -25
right_child=1 17 3 4 12 6 -8 14 9 10 -12 36 16 -15 -16 -17 -18 46 38 24 21 22 -24 42 25 -27 27 -29 -30 -31 31 35 40 -35 -36 -37 -38 -39 39 -41 -42 -43 43 -45 -46 -47 -48 -49 -50
leaf_value=-0.17061318253149574 -0.18505409430930428 0.01432910444374054 0.35490224413624172 0.13242066888752968 -0.40149042149575481 -0.049148078901827007 0.24682289096306032 0.12356279087727783 -0.035796084209180123 -0.019471467357522945 -0.26395163588850856 -0.59126220002455043 0.259560327232567 0.35585235102564033 -0.10899043616710237 0.16473772391583769 -0.080752984297819325 -0.30751406980586432 0.27894824354748832 -0.18523165297705771 0.23432113433048535 0.1499159275553591 -0.35456249922900784 0.30299140934290719 0.2789799514797211 -0.24859852950292638 0.0082893750820575828 -0.17796528372461912 -0.12148541601357526 0.066921665270738673 -0.11961593179446656 0.34559558787975392 -0.35868493457313078 0.27580099946968828 -0.021688161091683558 0.028776500556112226 -0.21377952462665969 -0.16574885462605152 0.23101741461730119 -0.07081386730269866 -0.10302694865835745 0.31716867950127309 -0.20437237790391774 0.31027734014157232 0.28373781376464208 0.15059269278325768 -0.29946346940847729 0.13025825466850746 0.031927362998179817
leaf_weight=2.5300881266593924 3.0061698555946341 159.6160426363349 6.9180847480893126 44.039533525705338 10.976612411439421 2.6268136948347118 9.4424117580056173 52.683655500411987 129.3106500133872 56.471893087029457 54.475280933082104 4.8303454741835576 6.6977362334728232 34.936546944081783 24.299896880984306 20.716370269656181 34.103174164891243 5.5978723838925379 53.559327252209187 73.386977717280388 7.5629348382353774 3.7824059426784498 4.3194193318486214 40.549121730029583 10.602320417761804 5.4269850477576247 68.026184603571892 26.349851869046688 3.6654240116477004 6.9351218938827506 104.81655064970255 6.096747323870658 4.2121873944997814 11.38777321577072 128.58226853609085 26.702316448092461 5.9099550098180771 11.532906934618948 12.220314115285875 5.9524357020854941 16.265449173748493 2.518328458070755 4.1766013354063087 7.4614321216940871 7.4360562264919272 5.6970099583268166 9.2965588644146901 4.0324836000800133 1.9210591688752163
leaf_count=21 16 794 56 277 58 23 91 353 664 339 269 31 35 213 134 116 181 35 505 551 67 34 35 575 66 35 450 179 24 51 530 27 22 55 654 118 35 53 88 43 91 22 42 106 83 66 62 26 21
internal_value=0 -0.0113332 0.0277852 0.00138411 0.0675401 0.155812 -0.0479198 0.142766 -0.0527841 -0.0641049 -0.140016 -0.224834 -0.117512 0.232523 0.0499778 -0.0077501 -0.0229592 -0.0455642 0.224745 -0.0405007 0.203192 0.0510294 -0.122975 0.236881 -0.0833719 0.0561548 -0.0991916 -0.0442316 0.175604 -0.163242 -0.0222363 -0.0463641 0.0113323 0.0323296 -0.0657925 0.0910373 -0.398321 -0.285588 0.242827 0.132743 -0.161337 0.139865 0.253109 0.184415 0.124518 -0.0016206 -0.21567 -0.126272 0.291133
internal_weight=0 1258.23 587.228 487.162 219.27 100.066 25.3279 155.96 267.892 260.974 110.947 15.8854 63.3104 78.9761 76.9836 150.027 40.8009 670.999 74.7382 652.072 85.4361 15.6648 8.10183 69.7714 194.393 19.6947 174.698 94.376 14.2677 80.3221 457.679 266.198 191.481 171.004 233.399 32.7991 10.7403 22.5095 71.7321 18.1727 20.4776 5.14514 67.2413 24.7711 17.3097 9.87361 18.9269 9.63036 42.4702
internal_count=8422 7372 3602 2748 1304 854 202 977 1444 1388 608 111 327 490 487 780 216 3770 652 3647 1050 136 69 914 1356 125 1231 629 90 602 2291 1329 962 849 1184 145 66 111 636 131 113 45 893 297 191 108 123 61 596
is_linear=0
shrinkage=0.3


Tree=8
num_leaves=50
num_cat=0
split_feature=10 0 9 7 3 0 75 18 8 64 76 20 75 0 0 78 20 65 7 76 10 18 10 10 61 18 14 0 61 75 20 18 10 7 44 2 20 15 4 14 76 18 15 75 75 7 3 15 10
split_gain=36.5863 23.1115 18.8964 15.1294 11.7005 21.5797 9.65879 7.67154 7.0826 6.64622 9.11239 7.55703 7.32111 6.64768 6.27248 6.18291 6.11592 6.06116 5.98711 5.81529 5.64954 5.5891 5.31958 5.2268 5.68831 5.53756 5.09356 4.30037 4.27421 3.55936 3.25558 5.0516 2.82106 2.80078 2.70368 3.54779 2.34328 2.84289 2.32283 2.06574 2.02491 2.98248 2.61049 1.95975 3.04763 1.63646 1.57041 0.869003 2.98524
threshold=175.50000000000003 42.500000000000007 2.5000000000000004 1.0000000180025095e-35 3.5000000000000004 7.5000000000000009 612.00000000000011 1587357.5000000002 22.500000000000004 1.0000000180025095e-35 693872.00000000012 2.247296103342169 539.50000000000011 35.500000000000007 7.5000000000000009 0.97746819566385967 3.6009857342869043 1.0000000180025095e-35 10.500000000000002 618102.50000000012 437.50000000000006 13134043.500000002 788.50000000000011 76.500000000000014 1.0000000180025095e-35 11159066.000000002 1676.1336080307867 12.500000000000002 1.0000000180025095e-35 113.50000000000001 0.74517440417080449 8015825.5000000009 155.50000000000003 6.5000000000000009 1.0000000180025095e-35 1.0000000180025095e-35 8.4841229838709697 373.38984946142108 1.5000000000000002 1671.7948260946503 2002516.5000000002 5314222.5000000009 373.19079499283947 67.500000000000014 30.500000000000004 5.5000000000000009 3.5000000000000004 372.26978529817336 151.50000000000003
decision_type=2 2 2 2 2 2 2 2 2 2 2 2 2 2 2 2 2 2 2 2 2 2 2 2 2 2 2 2 2 2 2 2 2 2 2 2 2 2 2 2 2 2 2 2 2 2 2 2 2
left_child=2 4 3 8 7 28 18 17 47 12 11 -11 13 -9 -4 19 -14 34 20 23 -7 -12 38 25 -25 -5 27 -10 -6 -19 -8 -32 45 -16 35 -2 -35 -38 43 -36 41 -40 -43 44 -3 -21 -29 48 -1
right_child=1 22 14 15 5 6 30 9 26 10 21 -13 16 -15 33 -17 -18 29 -20 32 -22 -23 -24 24 -26 -27 -28 46 -30 -31 31 -33 -34 36 39 -37 37 -39 40 -41 -42 42 -44 -45 -46 -47 -48 -49 -50
leaf_value=0.2944907759515451 -0.035974794089954742 -0.30597565329441667 -0.18290771738030689 0.22998149890314054 -0.31015030899678314 0.10238931692678568 -0.33234727811234871 -0.056478495940785446 -0.19099108809499124 0.0031240576400884995 -0.12306593383407149 0.14531995621158075 0.017916022389526946 -0.19804391916135358 0.30491099190570875 -0.29676362786860716 0.42183259937183598 0.21479795168710453 -0.2437840353317646 0.22904244175337654 0.017994672687438939 0.23412931333032672 0.084304743596270396 0.014109292056490556 -0.21906438995036823 -0.069689022034378198 -0.41712437805770836 0.31956922897245221 0.011449684675709216 -0.10595183560484756 -0.27335508799546426 0.14296998139951503 0.40471956332855519 0.0011719544674473027 -0.20479077835253087 -0.26597642494899715 0.029735046220671885 0.44294569316144605 -0.38796972400209595 -0.43870995654095551 0.051620250823905207 -0.22139331198948467 0.048850254037608933 -0.34799762380344046 0.062759713197498304 -0.042069526717787117 0.018917294442052094 0.31969585058719169 -0.15852262204190129
leaf_weight=4.1508698575198677 13.653058871626854 4.6183060780167606 2.661707464605569 18.695199634879831 18.792173169553283 168.81889674812555 6.4979401454329517 227.07013731449842 2.8403919711709005 130.32017217576504 53.573191687464714 44.958210214972496 12.571987830102445 34.119664371013641 41.90001242607832 4.8944958597421637 4.2400870770215979 5.1656501367688161 5.3218648657202712 3.9919946268200857 123.82677222788334 3.8967224285006514 4.6748393997550002 171.09532402083278 9.5729716382920724 7.6116007827222338 1.6393380425870407 4.6880671121180058 4.580285243690013 6.7183839306235313 4.6883062794804555 5.0685091018676758 4.6668113544583321 6.0881947651505453 10.175186879932882 10.636618338525295 2.734995111823082 3.0934353247284889 5.1644343286752763 6.1204349845647803 3.1799345165491095 8.0291196852922422 5.012042984366416 21.247407726943493 3.1879781484603882 3.5016423165798187 2.3336103409528732 24.866409316658974 1.5517326444387434
leaf_count=68 76 28 16 273 121 932 56 1258 26 733 323 241 98 190 582 31 28 32 37 26 728 22 37 1065 66 83 17 59 27 39 36 35 23 32 59 59 21 23 34 33 19 53 31 134 20 18 27 358 15
internal_value=0 -0.0279775 0.0888063 0.0551675 -0.0163936 0.0277482 0.0485389 -0.0428531 0.219373 -0.031566 0.00583769 0.0398385 -0.0628454 -0.0752392 0.245832 0.0240038 0.127042 -0.151681 0.0608932 0.0316829 0.066751 -0.0974312 -0.215866 0.0196205 0.00130888 0.143524 0.0177293 0.103135 -0.247973 0.0358646 -0.174049 -0.0598991 0.229997 0.2682 -0.206415 -0.139306 0.133548 0.263075 -0.24412 -0.300851 -0.16398 -0.201931 -0.11913 -0.300155 -0.159569 0.106544 0.225904 0.29406 0.168964
internal_weight=0 955.928 322.579 266.1 900.814 337.595 314.222 563.22 42.0704 510.75 232.748 175.278 278.002 261.19 56.4783 224.03 16.8121 52.4693 297.968 219.136 292.646 57.4699 55.1141 206.975 180.668 26.3068 11.5014 9.86207 23.3725 11.884 16.2548 9.75682 12.1604 53.8166 40.5853 24.2897 11.9166 5.82843 50.4392 16.2956 21.3855 18.2056 13.0412 29.0537 7.80628 7.49364 7.02168 30.569 5.7026
internal_count=8348 5519 2829 2155 5163 1972 1824 3191 570 2893 1319 974 1574 1448 674 1585 126 298 1697 1554 1660 345 356 1487 1131 356 129 112 148 71 127 71 67 658 227 135 76 44 319 92 137 118 84 182 48 44 86 441 83
is_linear=0
shrinkage=0.3


Tree=9
num_leaves=50
num_cat=0
split_feature=19 0 0 8 8 7 7 7 8 0 19 58 8 7 78 10 69 5 7 67 78 8 8 8 61 7 7 8 8 8 78 18 7 5 7 18 78 14 14 0 10 7 10 7 45 57 14 10 0
split_gain=22.732 10.9581 11.8857 10.8573 19.0488 16.8307 10.2494 8.78528 9.25854 8.46899 7.65615 6.61542 7.07969 11.0645 8.96819 6.44186 8.21165 6.41016 6.32822 6.09932 9.55967 6.08016 13.0076 8.50133 5.80164 6.54868 8.74259 12.0502 5.57509 9.36432 5.14446 4.65843 4.61924 5.10992 4.48248 3.9947 3.88776 3.88226 6.10966 5.14377 3.6128 3.42341 3.29825 2.97178 2.92544 2.91172 2.6864 2.65774 2.59556
threshold=0.0071685508735868453 42.500000000000007 11.500000000000002 14.500000000000002 19.500000000000004 7.5000000000000009 6.5000000000000009 3.5000000000000004 3.5000000000000004 10.500000000000002 0.0062305900621118021 1.0000000180025095e-35 6.5000000000000009 2.5000000000000004 0.18616735352087441 417.50000000000006 1.0000000180025095e-35 1.0000000180025095e-35 5.5000000000000009 1.0000000180025095e-35 0.6759317326643971 20.500000000000004 26.500000000000004 16.500000000000004 1.0000000180025095e-35 6.5000000000000009 8.5000000000000018 6.5000000000000009 8.5000000000000018 11.500000000000002 0.55503046049095162 12568279.500000002 1.5000000000000002 1.0000000180025095e-35 2.5000000000000004 11993203.500000002 0.66209012721734462 1507.8082316801003 1514.1358421916589 10.500000000000002 501.50000000000006 9.5000000000000018 167.50000000000003 8.5000000000000018 1.0000000180025095e-35 1.0000000180025095e-35 1546.2983250740499 97.500000000000014 15.500000000000002
decision_type=2 2 2 2 2 2 2 2 2 2 2 2 2 2 2 2 2 2 2 2 2 2 2 2 2 2 2 2 2 2 2 2 2 2 2 2 2 2 2 2 2 2 2 2 2 2 2 2 2
left_child=1 2 24 11 15 6 -6 8 32 17 40 12 14 -14 -4 18 -17 -10 -5 20 -13 23 47 28 25 34 27 -27 30 48 -9 -7 33 -2 42 -31 -32 -26 -39 -40 -3 -25 -1 -24 46 -21 -42 -23 -30
right_child=7 10 3 4 5 31 -8 21 9 -11 -12 19 13 -15 -16 16 -18 -19 -20 45 -22 22 43 41 37 26 -28 -29 29 35 36 -33 -34 -35 -36 -37 -38 38 39 -41 44 -43 -44 -45 -46 -47 -48 -49 -50
leaf_value=0.15497065601561291 0.2929194604892098 -0.22349921611223214 0.18976888703154654 0.21083660651523065 -0.0028533144933587445 -0.23414539694515615 0.2207471411006206 0.23960024149017187 0.22240500289235196 0.22971652855163274 0.1887503515242448 0.083270263246682075 0.016602452928623026 -0.12807034802928149 0.003799449858336728 -0.06464592173336009 0.13707163070253583 -0.25797040838167296 0.031040285358831559 -0.28580329482902739 -0.21745270775454076 -0.55624929615511087 0.026042137029240377 0.32316099712721474 -0.19819974587898978 0.42112360215310896 -0.14746733076457808 -0.044813471535908589 -0.090188765959343178 0.1160769027669878 -0.24937188793219642 0.075292555935243075 -0.43869959653362312 -0.1643788406695291 -0.2812796013122979 -0.21574424770429901 0.085294074368886877 0.36853703574246888 -0.074087240654561654 0.23451587879231034 -0.27882717124819084 0.035363830626498734 -0.14051497457132558 0.39218944820459439 0.12426176117012333 -0.11258970568304683 0.082119852355710996 -0.21481482773015725 -0.40512883984018344
leaf_weight=3.3407525382935992 3.1732128448784334 39.125441759824753 27.572374381124973 73.455293908715248 170.15252501517534 33.737348631024361 20.302476100623608 13.418039336800577 3.8102704249322397 73.695023581385612 5.3468347042798987 25.785646915435791 103.71319806575775 87.38873229175806 141.22004676610231 31.796039916574955 41.421220906078815 5.8304762542247772 23.335823744535446 16.940974794328213 14.563195880502461 3.4920804463326949 7.1537662371993047 13.35221888124943 5.5673843026161185 7.0563708320260075 25.224011719226837 14.983205340802668 3.9269439652562159 15.573582891374828 4.1337396278977385 4.8358390256762496 2.308836866170167 5.3558609336614609 22.769109413027763 3.7279810681939116 9.7185959778726083 4.6405000612139728 18.452319480478767 6.1611448340117922 4.9687512814998609 5.2433654405176631 48.029970973730087 2.4105294533073902 5.38526950776577 19.341251976788044 2.6155711784958839 6.2835493385791779 6.740497425198555
leaf_count=21 46 274 170 431 1026 203 110 95 71 1221 25 157 664 492 771 197 242 37 127 96 79 19 67 155 34 36 171 79 19 102 25 30 17 31 134 19 60 29 117 38 38 36 291 13 39 109 20 31 34
internal_value=0 -0.0162066 -0.00880108 0.00541212 0.0411593 -0.0153261 0.021385 0.0966285 0.161407 0.195257 -0.143148 -0.0272727 -0.0101838 -0.0496809 0.0345452 0.117115 0.0495935 -0.0668479 0.167787 -0.107072 -0.0263132 0.0321342 -0.116484 0.0704379 -0.0846439 -0.115524 -0.0279158 0.109094 0.0126486 -0.0762077 0.109995 -0.194986 -0.0966131 0.0111276 -0.170935 0.0489833 -0.01867 0.0231055 0.0672766 0.00561473 -0.178363 0.244405 -0.120276 0.130077 -0.0396499 -0.195647 -0.156421 -0.353448 -0.296464
internal_weight=0 1049.23 991.787 835.562 399.037 229.028 190.455 189.349 94.1737 83.3358 57.4419 436.525 359.894 191.102 168.792 170.008 73.2173 9.64075 96.7911 76.6311 40.3488 95.1749 19.3399 75.835 156.225 121.403 47.2636 22.0396 57.2394 29.969 27.2704 38.5732 10.8379 8.52907 74.1398 19.3016 13.8523 34.8213 29.254 24.6135 52.095 18.5956 51.3707 9.5643 12.9696 36.2822 7.58432 9.77563 10.6674
internal_count=8348 6250 5854 4904 2366 1369 1136 2098 1423 1329 396 2538 2097 1156 941 997 439 108 558 441 236 675 130 545 950 732 286 115 354 174 180 233 94 77 446 121 85 218 184 155 371 191 312 80 97 205 58 50 53
is_linear=0
shrinkage=0.3


Tree=10
num_leaves=35
num_cat=0
split_feature=19 10 20 9 41 0 8 11 14 75 8 75 7 14 3 0 7 52 3 75 10 44 20 78 7 9 0 0 8 78 15 19 3 14
split_gain=14.1508 9.12796 12.9951 7.93398 12.805 10.0627 11.8509 8.12776 7.20138 6.7214 5.67084 7.27794 6.29252 3.98113 6.43988 4.28576 3.79674 3.48188 3.25773 5.73196 6.23251 3.86391 3.36428 3.88345 3.04766 2.76637 2.29836 2.18175 2.57198 1.7568 1.38772 0.913133 1.50708 0.0669756
threshold=0.012903762903762906 365.50000000000006 -1.0000000180025095e-35 1.0000000180025095e-35 1.0000000180025095e-35 7.5000000000000009 4.5000000000000009 1.0000000180025095e-35 1514.7516114932794 292.50000000000006 5.5000000000000009 176.50000000000003 2.5000000000000004 1483.0360896329107 2.5000000000000004 6.5000000000000009 8.5000000000000018 1.0000000180025095e-35 6.5000000000000009 59.500000000000007 866.50000000000011 1.0000000180025095e-35 25.506410256410259 0.95769127396523934 1.5000000000000002 2.5000000000000004 39.500000000000007 11.500000000000002 12.500000000000002 0.61572746819566404 373.09168333351175 0.0043956256279465188 2.5000000000000004 1549.977095655848
decision_type=2 2 2 2 2 2 2 2 2 2 2 2 2 2 2 2 2 2 2 2 2 2 2 2 2 2 2 2 2 2 2 2 2 2
left_child=1 2 16 9 5 29 -7 8 -6 10 11 -4 -12 14 -3 30 31 24 22 21 -21 -20 23 -17 -2 26 27 -26 -29 -5 -15 32 -1 -34
right_child=17 13 3 4 7 6 -8 -9 -10 -11 12 -13 -14 15 -16 18 -18 -19 19 20 -22 -23 -24 -25 25 -27 -28 28 -30 -31 -32 -33 33 -35
leaf_value=0.050829396240934015 0.30808380496036641 -0.10236057060893498 0.011793490248470907 -0.26669927327919724 0.038762736816651051 -0.057971900385135167 0.11778930919961156 0.35322026517517785 -0.14912778087924805 -0.34850233507505263 0.028478391625703262 0.26599971179647575 -0.076853303632701667 -0.36892050020218786 0.36237484203678055 -0.04358086554252702 -0.11461916739872655 -0.29945698651759639 -0.0061307388641572451 0.14249530979436631 -0.14978288880697266 -0.33687023053530035 0.20252122267215864 -0.20422005183965491 -0.16354940700142948 0.29682077575087695 -0.27741465418212713 -0.032712436148701542 0.22485303460467218 -0.033870328889602321 -0.11071318657084885 0.32502248197765699 0.32911636056882548 0.17416034643942235
leaf_weight=4.499494977295404 13.328688513487576 4.814550116658209 67.26662440598011 7.9029031433165056 28.363538209348917 41.399892188608646 201.49870016425848 3.6751172095537177 50.965505890548229 5.2919982820749274 75.255313349887729 11.553337432444094 157.17538085579872 4.1049711704254133 5.3099790066480637 387.59359182417393 2.3975820988416663 0.99822117015719314 7.84451776742935 33.456547148525715 7.8084274828433982 4.9721665158867836 4.4574507549405089 13.683485649526117 2.1779328212142088 6.0762768983840934 1.2361618094146241 5.1545457188040009 9.8600283339619619 4.6946541331708431 4.0292003937065601 12.295263551175593 3.4658314920961857 2.0698609054088593
leaf_count=30 365 25 381 49 185 228 1495 22 310 27 574 59 936 31 32 2386 12 8 43 185 68 28 25 88 27 167 16 72 186 27 33 181 28 19
internal_value=0 -0.00520019 0.0171352 0.00900953 0.0409149 0.0741491 0.0877875 -0.0612519 -0.0820879 -0.0251174 -0.0191897 0.0501813 -0.0427589 -0.0369467 0.145779 -0.0410183 0.228899 0.178023 -0.0370767 0.0319086 0.0863038 -0.1406 -0.0462938 -0.0492517 0.193548 0.127399 0.0665423 0.0968795 0.137841 -0.183556 -0.251939 0.267117 0.186663 0.286456
internal_weight=0 1157.85 679.771 655.043 338.5 255.496 242.899 83.0042 79.329 316.543 311.251 78.82 232.431 478.075 10.1245 467.95 24.728 38.8319 459.816 54.0817 41.265 12.8167 405.735 401.277 37.8336 24.5049 18.4287 17.1925 15.0146 12.5976 8.13417 22.3305 10.0352 5.53569
internal_count=8348 7507 4563 4293 2316 1799 1723 517 495 1977 1950 440 1510 2944 57 2887 270 841 2823 324 253 71 2499 2474 833 468 301 285 258 76 64 258 77 47
is_linear=0
shrinkage=0.3


Tree=11
num_leaves=50
num_cat=0
split_feature=19 9 0 7 8 7 7 8 7 8 7 8 1 5 19 14 0 14 10 66 10 10 19 76 14 69 6 8 0 14 60 14 42 18 41 8 8 14 76 19 14 18 5 14 18 18 19 18 5
split_gain=10.601 11.2369 9.88606 7.45985 5.74772 5.17986 7.58388 22.1643 19.7174 8.93549 13.9258 6.44306 5.69899 5.04404 5.03905 4.34419 5.24061 4.75062 3.78505 3.56272 5.1909 3.50488 3.23243 3.10371 4.16048 4.04091 2.94102 2.90484 2.88533 3.02853 6.10855 2.61749 2.48683 2.45866 2.43866 2.99932 3.47298 1.84957 1.78084 3.60422 4.66468 3.98296 3.18276 1.52549 1.4087 1.40955 1.25181 1.78367 1.13294
threshold=0.0056657678479712387 3.5000000000000004 41.500000000000007 1.0000000180025095e-35 22.500000000000004 10.500000000000002 9.5000000000000018 19.500000000000004 8.5000000000000018 27.500000000000004 6.5000000000000009 23.500000000000004 4169.0000000000009 1.0000000180025095e-35 0.0035650737163192684 1570.2199414966847 9.5000000000000018 1562.2946727383071 242.50000000000003 1.0000000180025095e-35 125.50000000000001 488.50000000000006 0.0018885758105360777 23433.000000000004 1532.8661854392624 1.0000000180025095e-35 1.0000000180025095e-35 28.500000000000004 21.500000000000004 1518.3472305050097 1.0000000180025095e-35 1552.5281496539653 1.0000000180025095e-35 4370545.0000000009 1.0000000180025095e-35 10.500000000000002 20.500000000000004 1742.4434078748802 575517.00000000012 0.0025477748351248899 1543.0398541435657 11159066.000000002 1.0000000180025095e-35 1509.4332275415998 11551997.500000002 11993203.500000002 0.0066007319623562219 8605495.5000000019 1.0000000180025095e-35
decision_type=2 2 2 2 2 2 2 2 2 2 2 2 2 2 2 2 2 2 2 2 2 2 2 2 2 2 2 2 2 2 2 2 2 2 2 2 2 2 2 2 2 2 2 2 2 2 2 2 2
left_child=2 3 5 4 46 6 8 12 9 11 -11 -1 13 -8 31 17 -17 19 -16 26 -21 38 34 -6 -25 -26 -5 32 29 30 -7 -9 -18 -31 35 -23 -37 44 42 -40 41 -41 -4 -44 -3 -46 47 -2 -10
right_child=1 37 21 15 23 28 7 14 48 10 -12 -13 -14 -15 18 16 27 -19 -20 20 -22 22 -24 24 25 -27 -28 -29 -30 33 -32 -33 -34 -35 -36 36 -38 -39 39 40 -42 -43 43 -45 45 -47 -48 -49 -50
leaf_value=-0.0041643294087530701 0.26279350356111952 0.31015124420557111 0.045669543710038035 -0.0027056948223148154 0.19269071252060657 -0.1700470624619482 0.21423909044677933 -0.13989047514321915 -0.4451864249922014 0.019667019181913561 0.35960832743463672 -0.10062661459471119 0.53447515780916055 -0.022921915385084771 -0.12299912002268863 -0.18368660443624357 0.037626430259162603 -0.3781776231740942 0.28235301490414066 0.037883182599491652 -0.26226887257035653 -0.19711859763294795 0.26632431132423762 0.15888343215731821 -0.58176004422540561 -0.0085245841749921579 0.13078404587282577 0.40662032616149446 -0.30327610230971641 0.00062279136995754705 0.41035371929599102 -0.38864815238969636 0.17513623728815941 -0.34565903464720354 -0.26399110373611745 0.26586929253665426 -0.13739943770660298 -0.10684924419115838 -0.31109011985112628 -0.32803155545028295 0.21825204706722168 0.11924911674665803 -0.070392526516140974 -0.29159187971499162 -0.16996300023934999 0.18887630267651206 0.30973896268782292 -0.042088760868326476 -0.25482850277150154
leaf_weight=594.88903273642063 3.7845794074237409 16.915032535791404 3.3726068362593677 123.78051419369876 3.7224938701838237 3.3623363822698611 38.855040065944195 11.31468421965838 6.1685407683253297 40.319011654704809 14.471766635775564 69.226330135017633 3.8205116093158713 10.071671344339846 4.4029293805360785 5.513687413185834 27.77447603829205 2.719378884881734 3.285226471722126 9.7150846440345067 10.524003170430658 4.0384566150605696 2.6237300112843505 2.4246580526232719 1.9607199281454084 2.1136568691581488 16.487313494086266 2.5618586912751189 7.1539705395698538 3.2746234647929668 2.5251323878765106 6.019401676952838 20.608129316940904 3.8337049633264542 3.9597249627113333 4.555973120033741 2.8311204090714455 1.0597286950796831 4.4411499537527552 4.1909653283655626 4.6860221400856972 2.6772261373698711 3.5815755650401142 20.533322628587484 0.89564192108809848 4.7791081182658672 14.258920185267923 2.7841320987790823 9.9036441519856453
leaf_count=3556 52 352 21 952 67 28 200 86 30 242 78 422 21 70 29 31 248 21 21 102 60 32 20 32 20 24 163 22 58 28 20 43 166 29 31 33 20 18 31 32 34 20 29 153 14 82 385 36 84
internal_value=0 0.0523727 -0.0149963 0.0335313 0.170219 -0.00639787 -0.00263646 0.0862118 -0.0120784 -0.00464221 0.111362 -0.0142726 0.196068 0.165624 -0.14482 0.013945 0.0853705 -0.0109049 0.0554824 -0.00378058 -0.120199 -0.130685 -0.0188158 -0.0140676 -0.136699 -0.311113 0.0133041 0.115665 -0.155184 -0.0671997 0.0889175 -0.232926 0.0971298 -0.194403 -0.0728256 -4.53503e-05 0.112176 0.248345 -0.176438 -0.0934998 -0.00243497 -0.156643 -0.222718 -0.260383 0.266538 0.124952 0.259257 0.138455 -0.336706
internal_weight=0 274.383 894.389 250.734 31.0492 832.898 812.748 77.7695 734.978 718.906 54.7908 664.115 52.7472 48.9267 25.0222 219.684 56.4582 163.226 7.68816 160.507 20.2391 61.4919 18.009 10.2215 6.49903 4.07438 140.268 50.9445 20.1498 12.9958 5.88747 17.3341 48.3826 7.10833 15.3853 11.4256 7.38709 23.6495 43.4829 15.9954 11.5542 6.86819 27.4875 24.1149 22.5898 5.67475 20.8276 6.56871 16.0722
internal_count=8348 2847 5501 2381 616 5045 4882 470 4412 4298 320 3978 291 270 179 1765 467 1298 50 1277 162 456 136 143 76 44 1115 436 163 105 48 129 414 57 116 85 53 466 320 117 86 52 203 182 448 96 473 88 114
is_linear=0
shrinkage=0.3


Tree=12
num_leaves=50
num_cat=0
split_feature=4 4 10 76 75 0 9 0 76 14 76 42 0 14 14 67 18 75 18 76 0 7 0 0 14 7 18 18 0 0 75 4 19 0 76 14 41 75 14 9 42 10 75 48 76 75 10 18 7
split_gain=9.29208 12.8966 12.225 11.0695 8.65672 8.07614 7.96608 7.91199 7.81301 6.42719 5.63827 6.53685 5.53609 5.50115 6.2188 7.23642 5.9987 5.8528 5.72036 5.63241 5.14707 7.31022 5.00511 4.72544 4.69296 4.55273 4.48592 4.4248 4.38537 4.3625 4.15884 4.15612 5.64351 5.51488 4.07735 4.05713 4.00104 3.99947 3.99509 3.83541 4.84397 3.72451 3.58221 3.55554 3.30564 3.29458 3.03765 2.57485 5.34782
threshold=1.5000000000000002 1.0000000180025095e-35 531.50000000000011 2485136.0000000005 89.500000000000014 41.500000000000007 1.0000000180025095e-35 41.500000000000007 -35955.499999999993 1501.4894556117563 5264085.0000000009 1.0000000180025095e-35 28.500000000000004 1566.0579211377596 1618.5930044146291 1.0000000180025095e-35 3966770.0000000005 28.500000000000004 12221705.500000002 565584.00000000012 19.500000000000004 1.0000000180025095e-35 6.5000000000000009 47.500000000000007 1483.0360896329107 6.5000000000000009 1666015.0000000002 12221705.500000002 16.500000000000004 34.500000000000007 191.50000000000003 2.5000000000000004 0.0026143835522808366 44.500000000000007 1279004.5000000002 1549.977095655848 1.0000000180025095e-35 233.50000000000003 1514.3621434090708 1.5000000000000002 1.0000000180025095e-35 159.50000000000003 109.50000000000001 1.0000000180025095e-35 88746.500000000015 154.50000000000003 319.50000000000006 1207163.0000000002 2.5000000000000004
decision_type=2 2 2 2 2 2 2 2 2 2 2 2 2 2 2 2 2 2 2 2 2 2 2 2 2 2 2 2 2 2 2 2 2 2 2 2 2 2 2 2 2 2 2 2 2 2 2 2 2
left_child=1 2 6 4 34 13 12 28 -4 -6 24 -12 22 18 15 16 -15 36 20 38 44 -22 45 -9 -10 -24 -26 31 30 -19 -8 33 -33 -11 43 -30 -16 -21 -20 40 -29 42 -14 47 -3 -1 -43 48 -2
right_child=3 5 8 -5 9 -7 7 23 10 27 11 -13 41 14 17 -17 -18 29 19 37 21 -23 25 -25 26 -27 -28 39 35 -31 -32 32 -34 -35 -36 -37 -38 -39 -40 -41 -42 46 -44 -45 -46 -47 -48 -49 -50
leaf_value=-0.051256341628072702 0.23784598788170452 -0.18555620153087188 -0.33896466177477741 -0.20487663857895436 0.30845990046770372 -0.24787498744729153 0.0064442657477446451 -0.31564941923139844 0.28759534575515117 0.045259140063274084 0.43735485230997811 -0.1089257960387395 -0.016441655052224918 0.323270610432765 0.24813524238426526 -0.32218594217503205 0.058288668167792157 -0.10935795597418919 0.22628753321676726 -0.26202126039575235 0.16930061182843029 -0.067575248826171108 0.0091650435485289457 0.10336548971486005 -0.27930165906480509 0.1238451565266314 -0.051365678719140266 0.44872625638967373 0.095577717659890746 0.17755235530605401 0.1647002565078402 0.030414644830872063 -0.27820734244849998 -0.27067645457999712 0.49191050860663849 0.21564442979827045 -0.088800457056272639 0.068296494512941203 0.018667968517943487 -0.040471846085977217 0.013163995937526049 -0.18862830298617611 0.36587056937101092 -0.18878394852701672 -0.086930883950237195 -0.41590184150552606 -0.025717221065250429 0.16855179797924041 -0.28980492864483359
leaf_weight=7.1282285023480636 3.010924167931079 49.962582272477448 8.1322338804602605 12.752809476107357 6.1209645401686421 17.856687271036208 64.012717928737402 6.5527338441461307 3.060075916349887 49.758843878284097 4.181378509849309 3.2416039034724236 12.024699699133633 11.830707186833022 9.001320665702222 2.7570408228784791 21.33857218362391 49.202955009415746 10.954289766028522 8.8091556839644891 13.453809916973112 76.5320841120556 98.407649835571647 3.4814453311264515 8.0197614282369596 45.246787497773767 108.2089881375432 5.0785650014877302 82.540738705545664 4.9259901922196141 19.120465897023678 9.4689049199223536 11.614185573533176 5.1307488307356826 2.7629889622330657 37.079418448731303 4.5414740499109021 4.933087643235921 31.820301503874362 5.909845955669879 4.0051990747451782 25.057553343474865 2.3030672520399085 2.5465095657855263 81.695227678865194 2.9468989335000515 17.541284885257483 67.634508404880762 3.1314179860055447
leaf_count=49 28 375 57 91 35 132 535 46 17 337 31 24 119 85 76 19 159 318 72 55 107 523 719 27 64 275 736 36 684 32 108 61 79 45 15 312 33 35 208 39 29 157 13 15 519 20 107 669 21
internal_value=0 -0.0116778 0.0177701 0.0610552 0.0807155 -0.0527956 0.0428178 0.0837027 -0.0607827 0.0205252 -0.0419437 0.205268 0.00144094 -0.0434271 0.0155412 0.115738 0.155461 -0.0380109 -0.0653802 0.0197085 -0.0870735 -0.031582 0.0310419 -0.171841 -0.0579459 0.0455234 -0.0679749 -8.39042e-05 0.0966551 -0.0821641 0.0434421 -0.0296543 -0.141564 0.0140257 0.154142 0.133376 0.135824 -0.144834 0.0734025 0.146702 0.265129 -0.0781633 0.0530805 0.139476 -0.124796 -0.16944 -0.122387 0.151739 -0.0323973
internal_weight=0 957.903 558.288 188.926 176.174 399.615 423.444 212.788 134.844 97.0873 126.712 7.42298 210.656 381.759 103.598 35.9263 33.1693 67.6717 278.161 56.5168 221.644 89.9859 153.73 10.0342 119.289 143.654 116.229 90.9663 202.753 54.1289 83.1332 75.9727 21.0831 54.8896 79.0863 119.62 13.5428 13.7422 42.7746 14.9936 9.08376 56.9266 14.3278 76.3234 131.658 10.0751 42.5988 73.7769 6.14234
internal_count=8348 6848 4100 1500 1409 2748 3171 1712 929 661 872 55 1459 2616 722 263 244 459 1894 370 1524 630 1063 73 817 994 800 626 1639 350 643 522 140 382 748 996 109 90 280 104 65 396 132 733 894 69 264 718 49
is_linear=0
shrinkage=0.3


Tree=13
num_leaves=40
num_cat=0
split_feature=10 20 8 7 10 7 8 7 7 7 75 8 0 8 7 8 75 8 8 0 10 10 10 7 42 15 3 8 63 76 8 10 15 8 8 20 15 9 0
split_gain=6.48271 5.55813 4.68926 8.25234 9.92012 8.84384 26.1022 16.698 14.9527 11.9821 7.94573 7.60111 13.0026 7.80132 13.9665 8.77194 6.75712 6.16254 7.01779 5.87716 5.38577 7.03618 5.13848 10.5224 5.26964 4.63059 3.98775 3.61596 2.48874 2.39494 2.38473 2.00913 1.76096 1.84634 1.41128 3.09234 1.79437 0.894675 0.58453
threshold=62.500000000000007 -1.0272109400589582 14.500000000000002 1.0000000180025095e-35 285.50000000000006 7.5000000000000009 6.5000000000000009 4.5000000000000009 8.5000000000000018 9.5000000000000018 22.500000000000004 20.500000000000004 11.500000000000002 26.500000000000004 3.5000000000000004 23.500000000000004 22.500000000000004 3.5000000000000004 10.500000000000002 50.500000000000007 941.50000000000011 854.50000000000011 402.50000000000006 5.5000000000000009 1.0000000180025095e-35 372.2217884427252 1.0000000180025095e-35 3.5000000000000004 1.0000000180025095e-35 -421553.99999999994 1.5000000000000002 260.50000000000006 372.95034751254212 17.500000000000004 25.500000000000004 18.262265512265518 372.90025105439878 2.5000000000000004 9.5000000000000018
decision_type=2 2 2 2 2 2 2 2 2 2 2 2 2 2 2 2 2 2 2 2 2 2 2 2 2 2 2 2 2 2 2 2 2 2 2 2 2 2 2
left_child=30 29 3 4 27 7 8 10 -7 -8 -5 12 16 14 15 -13 -4 28 -19 -9 21 -15 23 -14 -24 -16 -18 -3 -6 -2 -1 -29 33 -31 38 -36 -37 -22 -32
right_child=1 2 11 5 17 6 9 19 -10 -11 -12 13 22 20 25 -17 26 18 -20 -21 37 -23 24 -25 -26 -27 -28 31 -30 32 34 -33 -34 -35 35 36 -38 -39 -40
leaf_value=-0.23301151051258764 -0.073875347647104211 -0.10361670042790716 0.18551605710540672 0.065997995782602112 -0.085299802640496789 0.20522149470728659 -0.28344314216631622 -0.29516717450141022 -0.045305554828615584 -0.021537224514028133 -0.071407423566707484 0.099177357545954872 0.16458546871367638 0.03502704420774113 0.0068730937299066224 -0.088652199847080601 0.11938202323208529 0.10828404110497901 -0.057181184779638156 0.094485583264727349 -0.3119861961044253 0.50331767607363798 0.079486836687421653 -0.030481983245698997 -0.064128768371959757 -0.25534681474656085 -0.24078308808642424 0.17137325291247271 -0.43166422255937592 -0.12448076387696047 0.030897933089787891 0.38162560772561288 0.33520704599997714 0.24824274900928367 0.26825030365330649 -0.45955822676406366 0.053204325934080636 -0.064406065113879751 0.27703514835614484
leaf_weight=0.87009439244866627 2.4153591059148303 3.4959139674901953 4.6615231707692173 46.109943762421608 4.0146210417151442 59.394939955323935 26.984007511287928 34.874373123049736 33.242232132703066 37.096557864919305 205.12825880944729 40.399674613960087 97.510086732916534 118.43072822317481 7.2607657350599757 49.184625086374581 2.9222488552331951 40.170547794550657 53.119210455566645 3.6841704286634913 3.9699845872819415 2.5735404044389716 58.608416572213173 33.225342007353902 37.317808318883181 35.686474807560444 21.769157193601131 26.855818275362257 3.5439593642950058 1.9015959994867424 1.0523589393124009 4.9556589089334002 6.8123042434453964 2.1835872791707516 2.261036902666091 0.82484070491045702 1.0973989786580203 2.2310676798224449 11.15463330503553
leaf_count=11 15 22 29 327 26 318 174 200 216 246 1280 298 813 854 49 359 18 251 317 27 41 22 371 204 218 244 146 442 16 26 24 37 119 26 82 12 32 21 415
internal_value=0 -0.00301536 -0.0053823 -0.0238164 0.0407561 -0.043525 0.01387 -0.0745402 0.115509 -0.132872 -0.0461261 0.0154459 0.0520924 -0.0206993 -0.0715379 -0.00388429 -0.134586 -0.00732498 0.0142223 -0.257363 0.0323247 0.0465721 0.0764571 0.115067 0.0235832 -0.211352 -0.196963 0.176669 -0.260913 0.18687 0.180233 0.208353 0.245218 0.0790178 0.207078 0.0507226 -0.207234 -0.231994 0.25743
internal_weight=0 1111.73 1098.42 582.67 136.156 446.514 156.718 289.797 92.6372 64.0806 251.238 515.751 256.015 259.737 132.532 89.5843 29.3529 100.848 93.2898 38.5585 127.205 121.004 226.662 130.735 95.9262 42.9472 24.6914 35.3074 7.55858 13.3128 17.2604 31.8115 10.8975 4.08518 16.3903 4.18328 1.92224 6.20105 12.207
internal_count=8348 7772 7586 3899 1111 2788 954 1834 534 420 1607 3687 1799 1888 950 657 193 610 568 227 938 876 1606 1017 589 293 164 501 42 186 576 479 171 52 565 126 44 62 439
is_linear=0
shrinkage=0.3


end of trees

feature_importances:
Column_7=94
Column_8=71
Column_10=50
Column_0=45
Column_19=41
Column_18=34
Column_76=34
Column_14=33
Column_20=30
Column_75=25
Column_5=23
Column_9=21
Column_15=20
Column_1=19
Column_3=14
Column_4=13
Column_6=8
Column_78=8
Column_44=7
Column_79=7
Column_65=6
Column_2=5
Column_42=5
Column_11=4
Column_41=4
Column_45=4
Column_69=4
Column_61=3
Column_63=3
Column_67=3
Column_70=3
Column_77=3
Column_58=2
Column_59=2
Column_60=2
Column_64=2
Column_66=2
Column_30=1
Column_33=1
Column_34=1
Column_37=1
Column_48=1
Column_52=1
Column_57=1

parameters:
[boosting: gbdt]
[objective: binary]
[metric: auc,l2]
[tree_learner: serial]
[device_type: cpu]
[linear_tree: 0]
[data: ]
[valid: ]
[num_iterations: 200]
[learning_rate: 0.3]
[num_leaves: 50]
[num_threads: -1]
[deterministic: 0]
[force_col_wise: 0]
[force_row_wise: 0]
[histogram_pool_size: -1]
[max_depth: 7]
[min_data_in_leaf: 20]
[min_sum_hessian_in_leaf: 0.001]
[bagging_fraction: 0.883841]
[pos_bagging_fraction: 1]
[neg_bagging_fraction: 1]
[bagging_freq: 8]
[bagging_seed: 3]
[feature_fraction: 0.735806]
[feature_fraction_bynode: 1]
[feature_fraction_seed: 2]
[extra_trees: 0]
[extra_seed: 6]
[early_stopping_round: 2]
[first_metric_only: 0]
[max_delta_step: 0]
[lambda_l1: 0]
[lambda_l2: 0.390101]
[linear_lambda: 0]
[min_gain_to_split: 0]
[drop_rate: 0.1]
[max_drop: 50]
[skip_drop: 0.5]
[xgboost_dart_mode: 0]
[uniform_drop: 0]
[drop_seed: 4]
[top_rate: 0.2]
[other_rate: 0.1]
[min_data_per_group: 100]
[max_cat_threshold: 32]
[cat_l2: 10]
[cat_smooth: 10]
[max_cat_to_onehot: 4]
[top_k: 20]
[monotone_constraints: ]
[monotone_constraints_method: basic]
[monotone_penalty: 0]
[feature_contri: ]
[forcedsplits_filename: ]
[refit_decay_rate: 0.9]
[cegb_tradeoff: 1]
[cegb_penalty_split: 0]
[cegb_penalty_feature_lazy: ]
[cegb_penalty_feature_coupled: ]
[path_smooth: 0]
[interaction_constraints: ]
[verbosity: -1]
[saved_feature_importance_type: 0]
[max_bin: 255]
[max_bin_by_feature: ]
[min_data_in_bin: 3]
[bin_construct_sample_cnt: 200000]
[data_random_seed: 1]
[is_enable_sparse: 1]
[enable_bundle: 1]
[use_missing: 1]
[zero_as_missing: 0]
[feature_pre_filter: 1]
[pre_partition: 0]
[two_round: 0]
[header: 0]
[label_column: ]
[weight_column: ]
[group_column: ]
[ignore_column: ]
[categorical_feature: ]
[forcedbins_filename: ]
[objective_seed: 5]
[num_class: 1]
[is_unbalance: 0]
[scale_pos_weight: 1]
[sigmoid: 1]
[boost_from_average: 1]
[reg_sqrt: 0]
[alpha: 0.9]
[fair_c: 1]
[poisson_max_delta_step: 0.7]
[tweedie_variance_power: 1.5]
[lambdarank_truncation_level: 30]
[lambdarank_norm: 1]
[label_gain: ]
[eval_at: ]
[multi_error_top_k: 1]
[auc_mu_weights: ]
[num_machines: 1]
[local_listen_port: 12400]
[time_out: 120]
[machine_list_filename: ]
[machines: ]
[gpu_platform_id: -1]
[gpu_device_id: -1]
[gpu_use_dp: 0]
[num_gpu: 1]

end of parameters

pandas_categorical:null
