tree
version=v3
num_class=1
num_tree_per_iteration=1
label_index=0
max_feature_idx=8
objective=binary sigmoid:1
feature_names=Column_0 Column_1 Column_2 Column_3 Column_4 Column_5 Column_6 Column_7 Column_8
feature_infos=[18:95] [-6847:81204] [0:2] [0:1] [0:1] [0:11] [1:31] [1:63] [3:3881]
tree_sizes=5270 5269 5291 5308 5288 5300 5302 5301 5286

Tree=0
num_leaves=50
num_cat=0
split_feature=8 8 3 5 8 5 1 5 8 3 8 3 5 5 0 0 6 6 5 7 5 5 6 6 1 6 6 1 3 6 5 6 7 0 6 5 5 5 6 6 6 4 5 8 1 8 8 5 6
split_gain=1454.77 408.515 315.34 272.162 138.592 108.415 61.907 58.5139 55.3973 54.2944 52.7939 43.5477 36.4902 42.8113 33.584 33.1878 31.8833 34.3181 30.8297 27.1244 25.5093 23.7112 22.9803 26.3005 20.5333 19.2639 18.3088 19.4845 17.9788 16.5288 37.3935 14.2842 14.1872 12.9924 12.382 24.2157 18.8562 12.3502 19.8571 11.7096 11.5333 10.3368 10.2603 10.0308 11.91 9.63826 9.56851 9.36699 9.33697
threshold=205.50000000000003 447.50000000000006 1.0000000180025095e-35 3.5000000000000004 87.500000000000014 3.5000000000000004 223.50000000000003 1.0000000180025095e-35 136.50000000000003 1.0000000180025095e-35 679.50000000000011 1.0000000180025095e-35 8.5000000000000018 4.5000000000000009 31.500000000000004 60.500000000000007 17.500000000000004 8.5000000000000018 2.5000000000000004 3.5000000000000004 10.500000000000002 8.5000000000000018 16.500000000000004 21.500000000000004 1035.5000000000002 26.500000000000004 16.500000000000004 974.50000000000011 1.0000000180025095e-35 27.500000000000004 6.5000000000000009 6.5000000000000009 1.5000000000000002 38.500000000000007 6.5000000000000009 5.5000000000000009 4.5000000000000009 5.5000000000000009 27.500000000000004 21.500000000000004 27.500000000000004 1.0000000180025095e-35 7.5000000000000009 323.50000000000006 1953.5000000000002 477.50000000000006 175.50000000000003 7.5000000000000009 29.500000000000004
decision_type=2 2 2 2 2 2 2 2 2 2 2 2 2 2 2 2 2 2 2 2 2 2 2 2 2 2 2 2 2 2 2 2 2 2 2 2 2 2 2 2 2 2 2 2 2 2 2 2 2
left_child=3 2 7 8 -5 6 -4 -2 -1 22 28 18 13 -11 -8 43 17 46 -10 24 25 29 31 -24 32 26 27 -9 45 34 -31 -6 33 -13 47 36 -36 -18 -39 -28 -25 -30 -27 44 -16 -3 -15 -7 -14
right_child=1 10 5 4 9 21 14 20 11 12 -12 19 48 16 15 -17 37 -19 -20 -21 -22 -23 23 40 -26 42 39 -29 41 30 -32 -33 -34 -35 35 -37 -38 38 -40 -41 -42 -43 -44 -45 -46 -47 -48 -49 -50
leaf_value=0.63465871916959837 0.49578986370649109 0.11884926079986505 0.31814224336394176 0.56584773269451472 0.28981367667396157 -0.31189474908516429 -0.34130820966731473 0.29660992729633628 0.61007943198495518 -0.35430316868060169 -0.36918981310969307 -0.12226630072186843 -0.29922629948006707 0.38171172162234646 0.29906544929591483 -0.43471816633680033 0.63145408785410562 -0.25585194645855336 -0.0040366466063143369 0.58721740540133038 -0.33986585749430243 -0.40603594716002173 0.55295872958568093 -0.28445155610578376 -0.022908701055772904 0.13841226393997014 0.48759936966664436 -0.029537533941978597 -0.28562756284018531 -0.40982269223192808 0.53610911987117715 -0.14155730168078634 0.46712073018334188 0.34223054607732334 -0.36340067055035419 -0.47849160165407773 0.038166460127379245 -0.18444794897581634 0.45976984037673946 0.14488978844043357 0.28155697301412047 -0.00083092201809119304 -0.3132368798049795 -0.032897501069202431 0.0025288651626218933 -0.1283143248571269 -0.072401633519351319 0.1236518020554796 0.10955567878751439
leaf_weight=326.11668446660042 107.87511411309242 16.442858040332794 56.055197864770889 65.771432161331177 12.456710636615755 5.7300868928432473 28.650434464216232 42.851084589958191 93.176195561885834 16.442858040332794 299.21018949151039 9.4671000838279742 42.103681951761246 16.442858040332798 29.896105527877808 11.460173785686491 12.20757642388344 21.425542294979095 7.7231605947017661 18.68506595492363 6.7266237437725058 71.750653266906738 31.889179229736328 4.9826842546462995 26.159092336893082 10.463636934757234 39.36320561170578 25.909958124160767 119.0861536860466 5.9792211055755597 7.972294807434082 13.951515913009642 23.169481784105301 10.961905360221861 17.439394891262054 31.640045017004013 25.909958124160767 5.9792211055755642 11.709307998418806 11.709307998418806 6.9757579565048218 13.453247487545012 7.224892169237136 31.640045017004013 19.68160280585289 103.14156407117844 4.9826842546463004 14.449784338474274 5.7300868928432456
leaf_count=1309 433 66 225 264 50 23 115 172 374 66 1201 38 169 66 120 46 49 86 31 75 27 288 128 20 105 42 158 104 478 24 32 56 93 44 70 127 104 24 47 47 28 54 29 127 79 414 20 58 23
internal_value=0.117833 -0.0965631 0.0726212 0.431208 0.188799 -0.108098 0.0589481 0.329331 0.559358 0.0680902 -0.283581 0.428283 -0.0416077 0.0726529 -0.0612494 0.0280272 0.172617 0.0071374 0.562575 0.272865 0.203663 -0.271093 0.28152 0.413098 0.184965 0.232359 0.27553 0.173475 -0.180953 -0.179683 0.125057 0.0611331 0.309934 0.12618 -0.224092 -0.280062 -0.128295 0.407006 0.238893 0.410408 0.0368099 -0.257469 -0.0551459 0.0973468 0.181377 -0.0945148 0.273514 -0.00994713 -0.251056
internal_weight=0 1161.71 610.379 788.51 273.051 358.255 177.384 252.124 515.459 207.28 551.334 189.342 137.024 89.19 121.328 92.6779 72.7472 42.8511 100.899 88.4426 144.249 180.871 70.2558 43.8476 69.7576 137.522 119.834 68.761 252.124 109.121 13.9515 26.4082 43.5985 20.429 95.1693 74.9894 43.3494 29.8961 17.6885 51.0725 11.9584 132.539 17.6885 81.2178 49.5777 119.584 21.4255 20.1799 47.8338
internal_count=7828 4663 2450 3165 1096 1438 712 1012 2069 832 2213 760 550 358 487 372 292 172 405 355 579 726 282 176 280 552 481 276 1012 438 56 106 175 82 382 301 174 120 71 205 48 532 71 326 199 480 86 81 192
is_linear=0
shrinkage=1


Tree=1
num_leaves=50
num_cat=0
split_feature=8 8 3 5 5 8 5 1 8 0 6 3 6 5 5 8 0 5 3 5 6 5 6 6 8 6 0 3 6 1 0 7 6 6 6 8 1 5 5 6 4 0 8 8 8 8 1 0 0
split_gain=776.724 247.07 189.125 121.281 74.6118 61.6291 54.283 50.1264 37.9938 25.7703 26.6211 22.9075 20.8597 17.6573 18.3894 17.542 16.6166 15.4465 14.9573 14.3195 14.2782 23.849 13.8434 18.0147 13.7806 13.5697 13.0585 13.7385 11.9212 16.8258 10.6044 10.4646 9.39657 26.3593 11.3528 9.20105 8.78725 8.31544 8.56905 8.11844 8.01297 7.14826 7.11444 7.01181 6.95916 6.44563 6.18047 6.14599 6.50391
threshold=175.50000000000003 410.50000000000006 1.0000000180025095e-35 3.5000000000000004 3.5000000000000004 78.500000000000014 2.5000000000000004 146.50000000000003 651.50000000000011 29.500000000000004 4.5000000000000009 1.0000000180025095e-35 4.5000000000000009 8.5000000000000018 4.5000000000000009 125.50000000000001 60.500000000000007 8.5000000000000018 1.0000000180025095e-35 10.500000000000002 27.500000000000004 6.5000000000000009 21.500000000000004 15.500000000000002 113.50000000000001 4.5000000000000009 28.500000000000004 1.0000000180025095e-35 8.5000000000000018 1079.5000000000002 58.500000000000007 1.5000000000000002 21.500000000000004 17.500000000000004 6.5000000000000009 143.50000000000003 3042.0000000000005 7.5000000000000009 6.5000000000000009 13.500000000000002 1.0000000180025095e-35 30.500000000000004 477.50000000000006 165.50000000000003 265.50000000000006 380.50000000000006 514.50000000000011 56.500000000000007 29.500000000000004
decision_type=2 2 2 2 2 2 2 2 2 2 2 2 2 2 2 2 2 2 2 2 2 2 2 2 2 2 2 2 2 2 2 2 2 2 2 2 2 2 2 2 2 2 2 2 2 2 2 2 2
left_child=3 2 6 24 7 -5 12 47 18 -9 44 35 -2 14 -13 41 40 20 42 22 32 -22 23 28 -1 -26 27 -27 29 -8 -28 -30 33 34 -6 39 -25 38 -24 -7 -12 -16 -3 -37 -11 -14 -17 48 -4
right_child=1 8 4 5 17 11 19 9 -10 10 16 13 45 -15 15 46 -18 -19 -20 -21 21 -23 37 36 25 26 30 -29 31 -31 -32 -33 -34 -35 -36 43 -38 -39 -40 -41 -42 -43 -44 -45 -46 -47 -48 -49 -50
leaf_value=0.42054826031541664 -0.059474895654849529 -0.0068883518915510882 0.0019244757920166995 0.38223497638802234 -0.12253739475342272 0.0341065224073041 0.26470035296212802 -0.3963719260916736 -0.34824790772162917 -0.56102950554156894 0.018491157150712513 -0.32340236833161762 0.34125542304487105 -0.24182908267517847 -0.039625638853369026 0.089174307214553244 -0.35505174653815313 -0.38138416728676644 -0.26015642411269824 -0.37081417385439042 -0.40765381272857254 0.33486101114818428 -0.24563260906638126 0.322538530653181 -0.0047585043590807332 0.29935501173788071 0.3719739036293262 -0.2622965608426488 -0.43591952456750577 -0.30345971465338462 -0.034054327048379664 -0.0075514611928224539 -0.45761519079304569 0.10748102774528734 -0.38804324225566172 -0.14099893220591245 -0.05858649719298023 -0.37036812943346303 0.27736245903220136 0.32686711836930171 0.31281636325542622 0.33618810397042537 -0.16319459828001306 0.23092292319586577 -0.17952275438025359 0.092039269488024045 -0.16664524781930024 -0.066283391372018302 0.31881724405905698
leaf_weight=233.44306069612503 13.741661146283148 36.569668471813202 6.8278148323297492 50.591171488165855 23.548929423093796 12.501442044973372 17.179859057068828 22.172963589429855 313.97137565910816 8.8433774709701556 89.347940236330032 11.608537673950194 138.9542418718338 36.845448777079582 5.5978401452302959 13.723239645361899 9.5862204879522306 76.57935443520546 146.73650832474232 7.2960249483585349 5.5176679193973515 9.8371602594852448 4.9778304100036639 30.007025435566902 11.886268109083174 8.2304116636514646 136.40831176936626 6.3431740105152121 8.3914471119642275 5.7385012656450263 5.9311719536781302 11.88255639374256 15.676940843462942 18.702741503715515 40.936787992715836 12.78048947453499 6.3901352584362021 9.3201762735843641 4.9501547515392303 27.329236149787903 8.5168609023094159 21.012149646878242 92.369274914264679 6.2283040583133689 9.5825720280408841 10.65203373134136 20.314955741167068 5.0966400206089011 39.500731199979782
leaf_count=1031 57 150 28 219 95 51 70 91 1297 36 363 48 590 151 23 57 40 318 599 30 23 42 20 127 51 36 590 27 34 23 25 48 65 77 169 53 27 38 20 116 35 89 371 26 39 45 84 21 163
internal_value=0 -0.135744 -0.00957623 0.27463 -0.142952 0.0943336 0.183458 -0.0144978 -0.276742 -0.103161 -0.0496697 0.00642009 0.291633 -0.0748603 0.0117341 0.0787412 0.00829296 -0.276721 -0.194649 0.0161769 -0.204717 0.0621008 0.04707 0.102345 0.37226 0.304068 0.327382 0.0541043 -0.0288993 0.117819 0.354974 -0.193203 -0.246297 -0.203104 -0.293364 0.156271 0.255778 -0.177202 0.0161943 0.237084 0.0460766 0.258107 -0.11913 -0.0153901 -0.376005 0.324005 -0.0637781 0.238782 0.272814
internal_weight=0 1249.4 659.756 620.775 390.275 218.533 269.482 199.475 589.647 148.05 125.877 167.942 163.348 109.102 72.2567 60.6482 107.451 190.8 275.675 106.134 114.22 15.3548 98.8377 79.5895 402.242 168.799 156.913 14.5736 43.1924 22.9184 142.339 20.274 98.8654 83.1885 64.4857 58.8395 36.3972 19.2482 9.92799 39.8307 97.8648 26.61 128.939 19.0088 18.4259 149.606 34.0382 51.4252 46.3285
internal_count=7828 5151 2734 2677 1605 917 1129 816 2417 604 513 698 692 452 301 253 438 789 1120 437 471 65 407 329 1760 729 678 63 175 93 615 82 406 341 264 246 154 78 40 167 398 112 521 79 75 635 141 212 191
is_linear=0
shrinkage=0.3


Tree=2
num_leaves=50
num_cat=0
split_feature=8 8 3 5 8 4 5 1 8 3 0 6 0 5 5 6 5 6 2 5 5 7 6 5 5 4 5 7 3 2 3 8 5 7 1 6 5 6 5 7 8 5 1 5 8 1 5 0 6
split_gain=484.21 125.646 108.219 68.9664 33.5997 31.9628 24.7971 23.1261 22.48 21.9915 15.9292 15.1234 13.2847 12.771 12.9946 12.7346 35.5345 33.1299 12.5916 12.4122 16.4744 15.8706 12.0404 9.37076 9.30545 9.28905 8.72382 9.5922 8.47676 8.40557 8.2164 7.82698 8.70373 10.7853 7.76828 7.00929 13.8313 21.2234 10.6448 6.85737 6.49435 6.45471 5.73118 5.41121 7.081 5.12968 4.76103 4.35773 4.30246
threshold=177.50000000000003 365.50000000000006 1.0000000180025095e-35 3.5000000000000004 78.500000000000014 1.0000000180025095e-35 2.5000000000000004 61.500000000000007 613.50000000000011 1.0000000180025095e-35 59.500000000000007 5.5000000000000009 28.500000000000004 8.5000000000000018 4.5000000000000009 16.500000000000004 7.5000000000000009 6.5000000000000009 1.0000000180025095e-35 10.500000000000002 4.5000000000000009 1.5000000000000002 4.5000000000000009 3.5000000000000004 9.5000000000000018 1.0000000180025095e-35 3.5000000000000004 1.5000000000000002 1.0000000180025095e-35 1.0000000180025095e-35 1.0000000180025095e-35 145.50000000000003 2.5000000000000004 2.5000000000000004 107.50000000000001 16.500000000000004 9.5000000000000018 6.5000000000000009 5.5000000000000009 1.5000000000000002 253.50000000000003 5.5000000000000009 974.50000000000011 1.0000000180025095e-35 531.50000000000011 405.50000000000006 1.0000000180025095e-35 25.500000000000004 20.500000000000004
decision_type=2 2 2 2 2 2 2 2 2 2 2 2 2 2 2 2 2 2 2 2 2 2 2 2 2 2 2 2 2 2 2 2 2 2 2 2 2 2 2 2 2 2 2 2 2 2 2 2 2
left_child=3 2 6 11 -5 7 22 23 9 18 12 28 -9 14 48 17 -17 -16 -3 20 21 -8 -2 39 -15 34 27 -14 -1 -10 -26 47 -33 -34 -11 36 37 -22 -37 -4 -40 -7 -24 44 -20 -30 -44 -13 -6
right_child=1 8 5 4 13 41 19 10 29 25 -12 31 26 24 15 16 -18 -19 43 -21 35 -23 42 -25 30 -27 -28 -29 45 -31 -32 32 33 -35 -36 38 -38 -39 40 -41 -42 -43 46 -45 -46 -47 -48 -49 -50
leaf_value=0.26136736318342407 -0.037141022460375143 0.028520933401748993 -0.037863194573691722 0.32153843059274184 0.027230857461618203 0.27149884516741796 -0.45038783278206451 -0.30213266051364263 -0.20905093489191365 -0.087606273043796923 -0.35865359166546318 0.10232020895325815 -0.16715644406124819 -0.28989568664117443 0.24858710257738878 0.35844524369166336 -0.35369651368199478 -0.27011073741684555 0.039610996126619259 -0.33671596298916884 0.1523759665186579 0.081690681573893711 0.31095235006744743 -0.11909270375571739 0.14642191209395217 0.022359864076673029 -0.17706676815096073 0.02833100108650935 0.14001561563917458 -0.30882946487881446 -0.12742730109532494 0.30637337905926287 -0.12579638595427767 0.31241736767796519 -0.26596627614484369 0.42630076486699803 0.26482361551938294 -0.51462944579439673 0.2441905068157689 0.30777341326074231 -0.096686411308470749 -0.087794799681464447 0.22865217871284249 -0.23437449538311031 -0.26097666410506193 -0.15668814658428756 -0.027414293479641996 0.36704646524457168 -0.29637444924618189
leaf_weight=23.09699022769928 12.411399915814398 76.896377921104431 7.4423437416553524 43.476160883903503 5.9442617297172538 21.068855166435245 8.8074149042367953 38.447261482477188 176.15098407864571 27.562459856271744 35.765260219573975 6.3744102269411078 35.506794288754463 14.723348394036291 23.871524602174759 37.377507403492928 6.993649184703826 19.528885275125504 21.192145168781284 6.711942344903945 9.1773568689823168 10.410418465733526 87.735862791538239 12.691901639103888 16.130129128694534 13.635406598448752 86.366567313671112 59.713094756007195 10.079142749309542 146.73620285093784 23.193299636244774 49.06489260494709 11.026221975684168 8.2682629376649839 127.61209394037724 14.30841752886772 12.437303006649019 7.0305097848176947 9.9356102049350756 15.262453511357306 9.0318898707628232 5.3225427269935599 21.932875469326977 32.987549781799316 9.7905296087264997 9.5588681846857053 9.0034595131874067 235.41894149780273 8.6678893417119962
leaf_count=114 51 320 32 216 26 91 37 172 789 119 161 31 146 62 100 171 29 80 89 30 39 43 415 57 70 56 385 247 46 657 99 235 47 39 552 66 52 29 44 68 40 24 105 136 40 44 40 1214 38
internal_value=0 -0.108962 -0.00214346 0.231614 0.090409 -0.113921 0.159853 -0.142645 -0.199464 -0.141185 -0.174053 0.311278 -0.14304 0.0250643 0.0871617 0.130834 0.242574 0.0146253 -0.0532905 0.0360946 0.0694627 -0.16918 0.242184 0.0833331 -0.0921935 -0.214025 -0.108359 -0.0452296 0.14088 -0.254946 -0.0145203 0.334399 0.239901 0.0662122 -0.234803 0.144555 0.0343807 -0.145977 0.236824 0.19666 0.0841325 0.198654 0.271443 -0.150903 -0.058921 -0.00481436 0.155137 0.360372 -0.16935
internal_weight=0 1169.09 536.522 552.794 199.907 317.587 218.934 291.196 632.564 309.677 255.799 352.888 220.034 156.43 102.384 87.7716 44.3712 43.4004 140.867 87.8509 81.1389 19.2178 131.084 35.3967 54.0468 168.81 181.586 95.2199 42.735 322.887 39.3234 310.153 68.3594 19.2945 155.175 61.9211 28.6452 16.2079 33.2759 22.7048 18.9675 26.3914 118.672 63.9702 30.9827 19.638 30.9363 241.793 14.6122
internal_count=7793 5132 2374 2661 891 1383 991 1268 2758 1312 1111 1770 950 675 444 380 200 180 585 380 350 80 611 157 231 727 778 393 204 1446 169 1566 321 86 671 270 120 68 150 100 84 115 560 265 129 90 145 1245 64
is_linear=0
shrinkage=0.3


Tree=3
num_leaves=50
num_cat=0
split_feature=8 8 3 5 5 6 1 5 8 8 0 4 3 7 5 1 0 6 0 7 1 6 6 1 6 6 2 3 5 8 1 5 8 5 6 5 8 8 4 1 7 5 5 6 6 0 0 3 5
split_gain=286.913 85.1578 67.4789 38.9865 24.6345 24.1628 22.7135 19.1623 16.9917 12.1972 12.1349 11.7827 11.3276 10.6262 10.4794 9.7704 9.64189 10.9534 8.51993 9.21108 9.23083 8.47062 10.8262 7.74965 7.68965 12.1796 7.63075 10.304 7.58291 7.36777 8.98732 10.6602 6.45629 6.27388 6.82248 6.1758 5.77602 5.6077 6.69683 5.97466 5.37241 8.22032 15.0916 12.1826 9.25616 5.33102 5.2381 5.1192 5.07496
threshold=153.50000000000003 365.50000000000006 1.0000000180025095e-35 7.5000000000000009 1.0000000180025095e-35 9.5000000000000018 61.500000000000007 9.5000000000000018 923.50000000000011 123.50000000000001 60.500000000000007 1.0000000180025095e-35 1.0000000180025095e-35 3.5000000000000004 3.5000000000000004 -1.0000000180025095e-35 24.500000000000004 4.5000000000000009 59.500000000000007 3.5000000000000004 618.50000000000011 12.500000000000002 26.500000000000004 655.50000000000011 16.500000000000004 22.500000000000004 1.0000000180025095e-35 1.0000000180025095e-35 8.5000000000000018 488.50000000000006 932.50000000000011 2.5000000000000004 279.50000000000006 2.5000000000000004 7.5000000000000009 2.5000000000000004 181.50000000000003 442.50000000000006 1.0000000180025095e-35 335.50000000000006 1.5000000000000002 2.5000000000000004 4.5000000000000009 20.500000000000004 14.500000000000002 55.500000000000007 45.500000000000007 1.0000000180025095e-35 1.5000000000000002
decision_type=2 2 2 2 2 2 2 2 2 2 2 2 2 2 2 2 2 2 2 2 2 2 2 2 2 2 2 2 2 2 2 2 2 2 2 2 2 2 2 2 2 2 2 2 2 2 2 2 2
left_child=3 2 4 16 32 9 14 -7 10 -5 26 18 -9 15 -4 -6 -1 35 19 24 -21 -17 45 -24 48 -26 27 29 -11 -3 31 -31 -2 34 -29 47 -20 -28 -39 -40 41 -19 43 -43 -44 -23 -22 -18 -8
right_child=1 8 6 5 13 7 11 12 -10 28 -12 -13 -14 -15 -16 21 17 40 36 20 46 22 23 -25 25 -27 37 33 -30 30 -32 -33 -34 -35 -36 -37 -38 38 39 -41 -42 42 44 -45 -46 -47 -48 -49 -50
leaf_value=-0.090691574314357218 0.29822797870231676 0.087710810523685234 0.21259414400397786 0.3371012366711531 0.36339167858792315 -0.34957860630144078 -0.064519665848383284 0.23199503243727801 -0.25146105197065272 0.13897825357298774 -0.30600885825442842 0.1021232659177703 -0.17488686197695694 0.26642300445294825 -0.073349898519141282 -0.096341531654742282 0.28802691719374096 0.31304610485047651 0.010997854127145107 0.25744431921523547 -0.19872362383047298 0.15840490915342861 0.052957085269892956 -0.35171998660688175 0.074944927121781954 -0.15158961005028679 -0.071829275722563618 -0.24496378069754049 -0.30562359486317936 -0.076171622848950252 -0.19922566233769862 0.20893343266464054 0.12334943803501591 -0.19901402774209767 0.034596905960384165 -0.21916817178417008 -0.30691170784956251 -0.20810349780171031 -0.15301933801599882 0.18351786018883373 0.32833069842096968 0.12374994867369199 -0.1343549327755463 -0.37024369404535373 0.34214007084007697 -0.1569195403707678 0.12073744001334151 -0.029384459586510373 -0.20022195244816945
leaf_weight=6.1520883291959754 68.091407552361488 40.269081979990005 32.305507928133011 23.636820942163467 6.3900710046291342 17.812273249030113 34.017242774367332 13.497850731015205 123.16158470511436 9.4061743021011335 30.965090066194534 22.533977672457695 10.251929581165314 17.479045867919922 17.310973256826401 47.933414071798325 10.066285476088529 57.040438041090965 6.0987989604473105 11.534761756658556 11.330565109848978 49.999674573540688 8.3968251496553439 7.6585132777690879 38.03767454624176 47.142954334616661 55.289793193340302 10.293571874499319 4.5754875540733329 41.823158040642738 29.440498068928719 15.665331214666365 28.232387259602547 67.073257580399513 27.222069710493088 4.46263363957405 30.660460323095322 132.33171610534191 10.742590278387071 7.4533981382846823 179.9218482375145 10.459933012723925 3.9398353993892696 6.9026287198066703 23.89522659778595 4.7943858355283728 6.9333714693784705 7.7624720036983481 100.17774447798729
leaf_count=30 379 171 155 120 32 79 145 68 619 41 148 103 46 83 79 213 56 351 27 53 51 242 37 33 169 218 244 47 20 185 133 70 151 314 125 21 157 620 49 33 1093 57 18 35 132 22 30 36 453
internal_value=0 -0.0716992 0.0082491 0.224682 0.131499 0.036391 -0.0740972 -0.120414 -0.152285 0.208701 -0.125892 -0.104403 0.0563794 0.0519058 0.113185 0.0206799 0.272499 0.280022 -0.120881 -0.100471 0.055009 0.000290253 0.0659596 -0.146492 -0.121695 -0.0506364 -0.112694 -0.0750088 -0.0139061 -0.0174517 -0.0664683 0.00304425 0.248189 -0.144446 -0.0450889 0.0748831 -0.254921 -0.154749 -0.184749 -0.0135311 0.296011 0.23735 0.138614 -0.0791598 0.273109 0.129238 -0.0774687 0.153806 -0.166319
internal_weight=0 1188.79 597.06 389.784 238.976 79.1805 358.084 41.5621 591.731 37.6185 468.57 308.468 23.7498 142.652 49.6165 125.173 310.603 304.451 285.934 249.174 29.7987 118.783 70.8494 16.0553 219.376 85.1806 437.604 231.787 13.9817 127.198 86.929 57.4885 96.3238 104.589 37.5156 22.2914 36.7593 205.817 150.528 18.196 282.16 102.238 45.1976 17.3626 27.8351 54.7941 18.2639 17.8288 134.195
internal_count=7793 5590 2832 2203 1192 374 1640 193 2758 181 2139 1406 114 662 234 579 1829 1799 1303 1119 134 547 334 70 985 387 1991 1045 61 559 388 255 530 486 172 113 184 946 702 82 1686 593 242 92 150 264 81 92 598
is_linear=0
shrinkage=0.3


Tree=4
num_leaves=50
num_cat=0
split_feature=8 5 8 8 8 5 1 3 6 0 1 0 5 5 6 5 6 5 5 0 5 4 0 6 5 6 5 7 6 6 6 0 8 8 6 6 1 6 5 5 6 8 1 6 6 1 0 0 3
split_gain=169.296 62.0974 25.2111 23.1657 20.67 21.8646 17.5508 17.4935 15.8978 11.8082 11.8639 11.1487 10.8211 14.1493 24.8106 39.5361 36.8046 13.5078 10.9784 9.79562 9.02046 8.52837 9.27358 12.1059 12.6966 11.5789 7.89918 6.79436 6.75538 7.33415 6.62854 6.40188 6.31772 6.02532 6.01696 5.8728 10.3726 5.22164 6.1124 6.21907 4.92167 4.89145 4.96806 4.88366 6.97035 4.66349 4.63624 4.32836 6.30297
threshold=251.50000000000003 3.5000000000000004 62.500000000000007 136.50000000000003 613.50000000000011 2.5000000000000004 17.500000000000004 1.0000000180025095e-35 2.5000000000000004 30.500000000000004 1015.5000000000001 33.500000000000007 8.5000000000000018 4.5000000000000009 16.500000000000004 7.5000000000000009 9.5000000000000018 7.5000000000000009 9.5000000000000018 62.500000000000007 2.5000000000000004 1.0000000180025095e-35 45.500000000000007 12.500000000000002 7.5000000000000009 21.500000000000004 6.5000000000000009 3.5000000000000004 23.500000000000004 27.500000000000004 4.5000000000000009 29.500000000000004 437.50000000000006 335.50000000000006 8.5000000000000018 21.500000000000004 1571.5000000000002 7.5000000000000009 7.5000000000000009 10.500000000000002 15.500000000000002 467.50000000000006 728.50000000000011 4.5000000000000009 20.500000000000004 162.50000000000003 29.500000000000004 72.500000000000014 1.0000000180025095e-35
decision_type=2 2 2 2 2 2 2 2 2 2 2 2 2 2 2 2 2 2 2 2 2 2 2 2 2 2 2 2 2 2 2 2 2 2 2 2 2 2 2 2 2 2 2 2 2 2 2 2 2
left_child=1 3 -3 30 5 8 -5 20 -2 -9 40 33 13 -4 16 35 17 -15 -14 32 28 22 23 37 26 31 46 -12 -8 -30 -1 -26 43 45 -23 -16 -37 38 -7 -40 -11 -34 -43 -13 -45 -10 -25 48 -20
right_child=4 2 12 6 -6 21 7 9 11 10 27 19 18 14 15 -17 -18 -19 47 -21 -22 34 -24 24 25 -27 -28 -29 29 -31 -32 -33 41 -35 -36 36 -38 -39 39 -41 -42 42 -44 44 -46 -47 -48 -49 -50
leaf_value=0.07208365680146693 -0.31479781786817984 0.31473256541260869 -0.17266583705228497 0.31097973957182884 -0.15617498372631075 -0.25976435232707162 0.28081501642458079 -0.22007975533239199 0.23330093946222039 0.056338395239468528 -0.13788673409653079 -0.081829941124752351 -0.28310886904261634 -0.21225982049953424 0.37364960788049578 -0.32952090218541624 -0.33160223973891578 0.19572449934642158 0.044183381831263496 -0.29872619543547951 -0.052858347934632149 0.32907730436240729 -0.20566526632125504 -0.17924527433215001 -0.27375597812053359 -0.29868506751330931 0.34793700188785764 0.18822364234630803 -0.22080510805376513 0.22721511729556149 0.29353104062008284 0.10067706869777973 -0.17610156323448092 -0.11125358208576923 -0.025700264196874212 0.27125970297587265 -0.20596000447545618 -0.28938278343068924 0.075554920140945378 -0.26884582973216664 0.2531419275839063 0.13336857565892912 -0.070166979064006985 0.20644044882114407 0.020618355140235977 -0.025932248226342474 0.06501861166227875 0.24369712837408403 -0.14179662665012097
leaf_weight=13.730760902166365 12.288638785481451 21.51637314260006 25.928088068962097 38.076946213841438 266.28669187426567 14.564644232392309 53.774900391697884 16.845146343111992 8.4148486256599444 24.533620238304138 29.638543397188187 8.233779236674307 21.842942416667938 8.6167335212230665 33.959091439843178 10.287296921014784 26.608342126011848 34.570495113730431 28.765055418014526 5.4564661383628836 11.148639157414435 5.1786599606275585 88.970895141363144 7.6431962102651587 4.7109016329050091 20.94977568089962 7.3093676865100852 6.4759529531002036 5.2347011119127256 6.7504701167345047 158.84947918355465 16.664727836847305 10.051982715725897 60.780485048890114 15.905830204486845 17.845333546400074 4.7233912497758856 25.942471608519554 17.431301400065426 5.7078780829906455 21.606038585305214 25.483328074216843 17.813771545886993 64.09858737885952 25.474589884281158 19.590856343507767 43.512078449130058 3.8344170749187461 36.712218523025513
leaf_count=78 55 148 127 228 1437 66 339 79 44 112 129 35 108 39 206 48 124 161 140 32 49 22 445 38 23 107 34 32 33 44 1212 78 43 273 70 93 24 126 78 30 111 110 79 310 121 102 202 20 181
internal_value=0 0.117075 0.00809563 0.194492 -0.088018 -0.0537592 0.127912 0.0872684 0.00901511 0.00371816 0.0509717 0.0260511 -0.0186787 0.0277278 0.0664249 0.196185 -0.0584849 0.112306 -0.101021 0.0740829 0.193955 -0.112568 -0.127815 -0.0850228 -0.0199868 -0.143909 0.0703465 -0.0770243 0.23591 0.0301935 0.276263 0.0122916 0.0888114 -0.058593 0.0689581 0.294621 0.168296 -0.18672 -0.112228 -0.0146229 0.150822 0.00559377 0.0498365 0.133853 0.154143 0.0556241 0.02666 -0.0414569 -0.0604767
internal_weight=0 661.875 275.21 386.665 798.466 532.179 214.085 176.008 257.687 99.0993 82.2542 245.399 253.693 162.539 136.611 66.8151 69.7956 43.1872 91.1546 156.613 76.9087 274.492 253.407 164.436 100.79 42.3254 58.4646 36.1145 65.7601 11.9852 172.58 21.3756 151.156 88.7862 21.0845 56.5278 22.5687 63.6463 37.7038 23.1392 46.1397 53.3491 43.2971 97.807 89.5732 28.0057 51.1553 69.3117 65.4773
internal_count=7825 3865 1419 2446 3960 2523 1156 928 1204 463 384 1149 1271 822 695 371 324 200 449 730 465 1319 1227 782 482 208 274 161 416 77 1290 101 698 419 92 323 117 300 174 108 223 232 189 466 431 146 240 341 321
is_linear=0
shrinkage=0.3


Tree=5
num_leaves=50
num_cat=0
split_feature=8 8 5 5 0 0 6 7 5 5 1 8 1 0 5 5 8 8 3 5 6 5 6 6 3 6 6 5 1 1 1 0 4 1 3 1 0 8 0 6 6 6 8 7 6 6 1 8 7
split_gain=111.458 31.8703 32.9893 18.2731 16.0664 12.3703 10.2341 8.56295 13.6546 8.55357 9.21873 8.53724 8.18568 8.16359 8.97266 8.06771 7.67772 7.51033 7.33915 7.19429 17.4733 6.76079 6.02155 19.3301 5.41266 6.20311 5.29186 5.14163 5.1189 4.84527 4.82956 7.02508 4.69662 4.5936 4.39834 4.38766 4.17971 5.84707 4.27636 5.20245 4.17936 6.12228 4.20364 4.4753 4.02881 7.19458 4.01577 3.93607 3.71262
threshold=143.50000000000003 351.50000000000006 3.5000000000000004 7.5000000000000009 30.500000000000004 59.500000000000007 5.5000000000000009 1.5000000000000002 2.5000000000000004 4.5000000000000009 943.50000000000011 801.50000000000011 21.500000000000004 25.500000000000004 8.5000000000000018 2.5000000000000004 62.500000000000007 83.500000000000014 1.0000000180025095e-35 5.5000000000000009 16.500000000000004 8.5000000000000018 17.500000000000004 9.5000000000000018 1.0000000180025095e-35 15.500000000000002 2.5000000000000004 5.5000000000000009 8765.0000000000018 7865.0000000000009 696.50000000000011 58.500000000000007 1.0000000180025095e-35 606.50000000000011 1.0000000180025095e-35 41.500000000000007 35.500000000000007 467.50000000000006 30.500000000000004 16.500000000000004 25.500000000000004 7.5000000000000009 83.500000000000014 2.5000000000000004 28.500000000000004 20.500000000000004 561.50000000000011 388.50000000000006 1.5000000000000002
decision_type=2 2 2 2 2 2 2 2 2 2 2 2 2 2 2 2 2 2 2 2 2 2 2 2 2 2 2 2 2 2 2 2 2 2 2 2 2 2 2 2 2 2 2 2 2 2 2 2 2
left_child=3 2 4 17 15 6 12 8 32 -4 13 18 -6 -11 22 34 -5 -1 36 20 -12 29 23 -15 -19 35 -21 -24 -9 30 31 47 -8 -16 -2 -26 37 38 39 -3 41 46 -43 -44 45 -32 -18 -20 -39
right_child=1 11 9 16 5 -7 7 28 -10 10 19 -13 -14 14 33 -17 40 24 21 26 -22 -23 27 -25 25 -27 -28 -29 -30 -31 44 -33 -34 -35 -36 -37 -38 48 -40 -41 -42 42 43 -45 -46 -47 -48 -49 -50
leaf_value=0.29425622673079266 0.076472887377361423 0.087974564136436048 -0.24026350800699067 0.29055877735181324 0.32404939149751405 -0.14584900417054827 0.085182806959863702 0.20908610968395178 -0.20885012920938215 -0.28415711720972897 -0.31278748351563396 -0.15321043899350603 -0.058644209819868287 0.17477579667398754 -0.12780389853682658 -0.32899216100692247 0.26893200183499816 0.24193839274533824 -0.16712001801549706 0.10300478397228523 0.24392457700155726 -0.2384980104720294 0.34551776495434161 -0.27359929974376179 0.22934006023832892 0.19661516839330515 -0.18880319332832232 0.081591590006215561 -0.10659107258840532 0.15845875742823642 -0.11586183408006967 -0.26613021638588125 0.29168016875842168 0.098553459115713754 -0.11154737019259651 -0.055378794596822288 0.015450580522304316 -0.21317563487455543 0.12185480972112113 -0.23251451724298644 0.24559538093017322 -0.39274120763392933 -0.13214727452896388 0.16921327005553041 0.082328034051806637 -0.3499025092085139 -0.022728022583972125 0.011951436115071242 -0.059225206743690001
leaf_weight=83.438157610595226 21.116614729166031 8.1241967827081698 23.748584821820259 8.2590832412242872 5.1006190106272689 15.86844105273485 51.510466918349266 124.67570783942938 12.51658149063587 7.531355306506156 7.4694038331508663 138.82120245695114 38.267005242407322 23.948394849896431 34.570242375135422 8.6045017987489683 6.8621552437543896 54.891559638082981 12.456256121397017 5.6730039715766898 12.798051558434961 29.480278432369232 11.920394271612169 12.668260194361208 5.5056340396404293 33.044791750609875 67.526265278458595 15.250511728227137 4.4091907516121855 6.554298907518386 51.721022710204124 10.933803901076315 11.947446398437021 9.916698679327963 22.388580068945885 22.303812876343727 104.95666193962097 25.895281553268433 18.453824669122696 8.9691680222749692 4.4750118404626837 3.7034193053841618 20.950997754931453 4.9617380499839774 5.7206432521343222 15.197333931922911 9.5164392143487913 69.11943319439888 31.613319396972656
leaf_count=766 139 35 127 69 31 84 300 715 54 41 39 849 178 110 183 43 38 472 58 28 69 173 70 68 42 262 356 77 21 35 275 61 77 53 112 146 489 126 81 39 22 21 108 25 29 80 49 346 154
internal_value=0 -0.0373448 0.0134781 0.181769 0.0764948 0.106482 0.122952 0.150871 0.0700865 -0.0720622 -0.0522619 -0.0891972 -0.00934921 0.00439279 0.0261032 -0.0750121 0.0342232 0.22501 -0.066715 -0.121985 0.0352776 -0.106982 0.097801 0.0175028 0.173672 0.110112 -0.165452 0.202961 0.197804 -0.0835546 -0.0937666 -0.0477581 0.126727 -0.0766257 -0.0205122 0.00509603 -0.0255782 -0.0716316 0.0238134 -0.0826406 -0.0110123 -0.039176 -0.119636 -0.0716066 -0.15138 -0.171982 0.105288 -0.0165414 -0.130219
internal_weight=0 1087.44 549.426 257.913 316.405 264.295 248.427 205.059 75.9745 233.021 209.273 538.017 43.3676 115.806 108.275 52.1097 58.7288 199.184 399.196 93.4667 20.2675 201.183 63.7876 36.6167 115.746 60.8542 73.1993 27.1709 129.085 171.703 165.148 92.5095 63.4579 44.4869 43.5052 27.8094 198.012 93.0558 35.5472 17.0934 50.4698 45.9947 29.6162 25.9127 72.639 66.9184 16.3786 81.5757 57.5086
internal_count=7825 5805 2975 2020 1754 1460 1376 1167 431 1221 1094 2830 209 602 561 294 332 1688 1981 492 108 1057 325 178 922 450 384 147 736 884 849 465 377 236 251 188 924 435 155 74 263 241 154 133 384 355 87 404 280
is_linear=0
shrinkage=0.3


Tree=6
num_leaves=50
num_cat=0
split_feature=8 8 0 5 5 4 5 6 6 6 6 5 6 0 0 6 5 8 8 1 3 6 0 6 2 8 0 0 8 8 1 0 6 1 4 6 5 5 6 8 8 0 6 0 8 2 7 1 1
split_gain=70.8794 18.3122 16.0158 13.4858 12.3503 10.2617 10.4581 14.8673 21.6649 13.4696 13.953 14.3809 13.0859 11.3839 9.71412 8.12392 7.18494 6.60321 6.11811 5.88571 5.56745 7.18457 5.76889 5.5575 5.04895 4.94806 4.77073 4.70018 6.00085 4.58879 5.91181 4.21692 4.04947 4.03845 3.97733 5.68663 3.72444 3.58618 3.40975 3.24459 4.59064 4.21862 5.5512 5.03761 3.17702 2.98949 2.92603 2.84995 2.83104
threshold=134.50000000000003 651.50000000000011 60.500000000000007 7.5000000000000009 10.500000000000002 1.0000000180025095e-35 1.0000000180025095e-35 4.5000000000000009 11.500000000000002 15.500000000000002 20.500000000000004 1.5000000000000002 27.500000000000004 29.500000000000004 23.500000000000004 4.5000000000000009 9.5000000000000018 62.500000000000007 365.50000000000006 -1.0000000180025095e-35 1.0000000180025095e-35 3.5000000000000004 29.500000000000004 25.500000000000004 1.0000000180025095e-35 866.50000000000011 60.500000000000007 69.500000000000014 165.50000000000003 482.50000000000006 448.50000000000006 38.500000000000007 6.5000000000000009 2935.0000000000005 1.0000000180025095e-35 21.500000000000004 2.5000000000000004 9.5000000000000018 17.500000000000004 1172.0000000000002 710.50000000000011 27.500000000000004 10.500000000000002 33.500000000000007 99.500000000000014 1.0000000180025095e-35 1.5000000000000002 1843.5000000000002 50.500000000000007
decision_type=2 2 2 2 2 2 2 2 2 2 2 2 2 2 2 2 2 2 2 2 2 2 2 2 2 2 2 2 2 2 2 2 2 2 2 2 2 2 2 2 2 2 2 2 2 2 2 2 2
left_child=3 2 4 14 5 6 7 -2 -9 19 13 -12 -10 -11 -1 -5 24 -17 48 36 -16 -22 -23 25 33 -18 -24 32 -29 -20 -31 -21 -4 34 -3 -36 -8 44 -39 40 -26 -42 -43 -44 -19 -27 -46 -30 -7
right_child=1 16 27 15 -6 18 9 8 12 10 11 -13 -14 -15 20 17 23 37 29 31 21 22 26 -25 39 45 -28 28 47 30 -32 -33 -34 -35 35 -37 -38 38 -40 -41 41 42 43 -45 46 -47 -48 -49 -50
leaf_value=-0.36744693706382714 -0.32050299251888636 -0.026646865615374531 -0.037263057953870721 0.26067071198164704 -0.20286079507852176 0.28338689637935971 -0.038203810733387855 0.26057852889200589 -0.025731620638787846 -0.1506318344683035 -0.44507716337177544 -0.014552495566263646 0.27641477633736639 0.14135601586867716 0.27695856996596047 0.25338388609353307 0.32057957197624559 -0.31823862268775033 -0.11588840789008961 -0.1143245892242189 -0.1942949254033266 -0.0991943921894749 0.2272484942174855 -0.21255577044794913 -0.31090524985253004 -0.15932813975251281 -0.11843758092399909 0.20062493053845742 -0.24408208692810521 -0.040739805075731182 0.27057523905107694 -0.036903586957591591 -0.31594963329129111 -0.20780335423042576 -0.30434832138794443 0.1186223606549428 0.33259210081982465 0.13571817532023295 -0.12486037680967996 -0.2992851219509623 -0.29959776460947063 -0.22586631216818923 0.19306522082493907 -0.075548862956878682 -0.23142642221325921 0.16005036784596288 0.088967628745029809 -0.01464897948835232 0.12239939523637169
leaf_weight=1.9921923652291287 8.0353844314813596 72.050460830330849 6.2559422850608852 10.012986727058886 24.89844973385334 12.939298167824743 4.3631764948368055 43.577883593738079 99.779795579612255 13.163283348083494 6.6862464845180503 136.55241424590349 14.126774579286574 95.886867448687553 76.601231157779694 5.4448950737714759 6.8636205345392289 7.4529482722282436 15.568570524454115 143.28694938123226 4.3430163860321036 5.635553538799285 60.355187609791756 4.6361105889081946 11.94624389708042 4.8258902132511121 3.4153788462281218 5.1166899949312237 10.893402986228468 12.393836811184885 8.9697273820638639 114.67335937917233 20.806012339890003 18.860337302088737 10.443722441792486 3.4389409571886054 4.5116291642189026 8.8836648911237734 7.9011876136064521 17.761161893606186 7.4980317801237097 11.760642573237417 8.8682189136743563 17.736721754074097 3.9324845522642118 4.3912361860275269 5.2065569460391998 8.5757332667708379 45.217930756509304
leaf_count=11 37 442 37 64 152 90 25 280 583 71 32 750 87 509 849 55 41 38 67 730 22 47 609 30 74 32 20 25 71 53 38 564 135 120 64 21 22 44 40 126 51 80 60 121 23 31 26 61 264
internal_value=0 -0.0273389 -0.00817429 0.166651 0.00228228 0.00900305 -0.0038592 0.0616529 0.0824389 -0.0248004 0.0248696 -0.0366463 0.0131512 0.105399 0.210467 0.0289556 -0.108648 -0.0342492 0.100984 -0.0717069 0.219736 0.158324 0.182051 0.0571384 -0.127833 0.140333 0.207686 -0.169003 -0.0711449 0.00518277 0.0942614 -0.0800945 -0.254005 -0.0843269 -0.0558155 -0.198929 0.160499 -0.0852726 0.0129701 -0.186879 -0.149282 -0.103277 -0.0603828 0.0165549 -0.181273 -0.00662988 -0.0553436 -0.146907 0.161063
internal_weight=0 1057.36 856.279 201.177 804.632 779.733 684.644 165.52 157.484 519.124 252.289 143.239 113.907 109.05 152.343 48.8347 201.081 38.8217 95.0894 266.835 150.35 73.7491 69.4061 20.7169 180.364 16.0807 63.7706 51.6478 24.5858 36.9321 21.3636 257.96 27.062 104.793 85.9331 13.8827 8.87481 33.3768 16.7849 75.571 57.8099 45.8636 38.3656 26.6049 16.592 9.21713 9.13904 19.4691 58.1572
internal_count=7824 5976 4683 1848 4354 4202 3690 987 950 2703 1362 782 670 580 1558 290 1293 226 512 1341 1547 698 676 134 1159 104 629 329 157 158 91 1294 172 647 527 85 47 171 84 512 386 312 261 181 87 63 49 132 354
is_linear=0
shrinkage=0.3


Tree=7
num_leaves=50
num_cat=0
split_feature=8 8 1 7 5 3 5 7 5 8 1 8 5 0 0 8 6 1 1 8 1 6 8 6 2 1 8 6 0 6 5 8 5 7 1 2 6 0 1 1 6 7 1 8 8 7 5 8 5
split_gain=45.2436 14.458 17.7076 11.873 9.59693 13.1759 7.97338 7.618 5.64717 6.0273 5.55877 11.2279 6.59498 5.98201 6.64158 5.48916 5.37787 5.25275 6.34263 5.75346 5.00063 4.76399 4.67056 5.3964 5.21691 4.34346 4.33154 4.23321 6.06283 4.72737 8.43205 7.7489 5.65602 5.62136 5.06751 4.72053 4.58484 3.97004 3.69209 3.64927 3.54895 3.42562 3.34522 3.12733 7.23334 3.11691 3.80425 3.11686 3.001
threshold=113.50000000000001 344.50000000000006 -1.0000000180025095e-35 3.5000000000000004 1.0000000180025095e-35 1.0000000180025095e-35 7.5000000000000009 1.5000000000000002 6.5000000000000009 237.50000000000003 1266.0000000000002 134.50000000000003 5.5000000000000009 59.500000000000007 44.500000000000007 801.50000000000011 16.500000000000004 5222.5000000000009 2098.5000000000005 265.50000000000006 9347.0000000000018 4.5000000000000009 297.50000000000006 23.500000000000004 1.0000000180025095e-35 974.50000000000011 62.500000000000007 13.500000000000002 29.500000000000004 20.500000000000004 3.5000000000000004 733.50000000000011 4.5000000000000009 1.5000000000000002 3656.0000000000005 1.0000000180025095e-35 11.500000000000002 27.500000000000004 36.500000000000007 904.50000000000011 7.5000000000000009 1.5000000000000002 2.5000000000000004 520.50000000000011 442.50000000000006 3.5000000000000004 1.0000000180025095e-35 632.50000000000011 1.0000000180025095e-35
decision_type=2 2 2 2 2 2 2 2 2 2 2 2 2 2 2 2 2 2 2 2 2 2 2 2 2 2 2 2 2 2 2 2 2 2 2 2 2 2 2 2 2 2 2 2 2 2 2 2 2
left_child=6 2 -2 4 5 22 20 17 9 37 13 -12 -13 14 -9 27 40 18 25 -20 45 -8 23 -4 -25 -6 -23 36 35 31 43 32 33 -30 -34 -29 38 -5 42 -37 -7 -18 47 44 -31 46 -1 -3 -40
right_child=1 15 3 8 7 16 21 10 -10 -11 11 12 -14 -15 -16 -17 41 -19 19 -21 -22 26 -24 24 -26 -27 -28 28 29 30 -32 -33 34 -35 -36 39 -38 -39 48 -41 -42 -43 -44 -45 -46 -47 -48 -49 -50
leaf_value=0.29936804121677696 0.26595701178376424 0.053712512510328971 0.25005647736104741 -0.070852418078392043 -0.05434000938251498 -0.13928904088171856 0.27719070866032286 0.031577709704226312 -0.043752845066542825 0.03094525065791414 0.3319323344068395 -0.016860344318513711 -0.21822579126472638 -0.19073000186074882 0.21044845249136898 -0.1100246425368791 -0.06323643260469182 -0.2429336627157801 -0.018457427512125483 0.2446123242309714 -0.21219724595242864 0.22904437738823724 -0.034217237736741943 0.22445339574489703 -0.22297439906433378 -0.16934389870583344 -0.077717202592088933 0.081063852359701136 -0.14702470489333214 -0.01057656464122333 -0.15865500783560535 0.34448036632961992 0.06915469052482133 0.047045715210873799 0.3599075971714446 -0.24664231588128455 -0.17313823408259352 0.272111825474671 0.023923818778053742 -0.0016632081599096957 0.16685039409284444 -0.37120016463551303 0.24928214914637895 -0.03561860969472299 0.30670833743678322 0.31197974959922747 0.13775344222236627 -0.21434557847429403 -0.097481164616929253
leaf_weight=18.90190751850605 23.712193556129932 17.49448090791703 37.459557801485062 3.0863360688090316 122.54522275179625 5.0941446498036402 5.3482805117964771 74.468591824173927 14.481363445520399 19.562239594757557 5.5915217772126189 40.966609701514244 22.210399530827999 7.4921577125787726 24.408108554780483 119.19764687120914 6.6856480687856656 14.162013947963713 26.321566261351109 9.731640972197054 1.920707769691943 4.456248581409457 8.7122197449207288 3.6731520220637304 4.4185695797204971 38.81032357364893 20.872723735868931 7.5416107252240172 21.357603341341019 17.8984873816371 32.404323726892471 7.0926088988780966 31.552197389304638 33.83229061961174 5.9699433147907248 19.680421888828281 32.166740380227566 31.014501683413982 22.866317361593246 7.4973125085234633 7.7290972992777824 6.3373429700732231 5.2978898137807837 29.722228661179543 9.4104927927255613 27.067888900637627 48.368081845343113 4.296060048043727 87.076772645115852
leaf_count=274 201 82 372 19 683 27 44 420 77 112 41 206 129 45 141 860 36 80 149 54 24 55 61 35 39 217 109 36 105 82 194 43 160 163 30 104 170 240 116 45 38 33 28 156 45 379 555 26 484
internal_value=0 -0.0174107 0.0159632 0.00456039 -0.0125718 0.0815085 0.171555 -0.0321696 0.120893 0.165315 0.0140935 -0.0520713 -0.0892137 0.0569284 0.0768625 -0.0537749 -0.0931413 -0.0703888 -0.0572233 0.0557484 0.213769 0.0373429 0.164819 0.20283 -0.0182225 -0.0825929 -0.0191937 -0.0365614 -0.00944262 0.0118321 -0.0381072 0.0565382 0.0321749 -0.0289272 0.120968 -0.123412 -0.0722767 0.240297 -0.0478665 -0.180743 0.0443484 -0.224028 0.0504041 0.0314432 0.103528 0.223891 0.185693 -0.00399765 -0.0722391
internal_weight=0 1071.03 558.675 534.962 466.818 80.1097 126.936 386.708 68.1444 53.6631 175.137 68.7685 63.177 106.369 98.8767 512.355 25.8462 211.571 197.409 36.0532 96.2586 30.6773 54.2635 45.5513 8.09172 161.356 25.329 393.158 223.96 189.24 89.4355 99.8046 92.712 55.1899 37.5221 34.7193 169.198 34.1008 137.032 27.1777 12.8232 13.023 27.0884 57.0312 27.309 94.3379 67.27 21.7905 109.943
internal_count=7824 6384 3455 3254 2806 641 1440 2165 448 371 982 376 335 606 561 2929 134 1183 1103 203 1232 208 507 446 74 900 164 2069 1163 978 477 501 458 268 190 185 906 259 736 149 65 69 136 283 127 1208 829 108 600
is_linear=0
shrinkage=0.3


Tree=8
num_leaves=50
num_cat=0
split_feature=8 8 5 6 0 4 5 6 0 6 5 5 6 0 0 6 0 8 8 8 6 8 5 0 8 1 1 0 2 7 1 1 8 8 1 0 8 6 0 6 7 0 6 7 0 5 0 8 5
split_gain=30.4523 16.4062 13.5799 14.9481 9.75956 8.60174 8.02335 7.31543 7.15844 8.61198 24.0538 13.0348 8.10328 7.40803 6.69952 8.36759 7.83237 6.45597 5.62189 5.14622 5.42077 5.04848 4.96147 4.84755 7.81241 4.9505 4.46952 4.43282 4.19012 3.70932 4.38842 5.08316 3.67233 3.60767 3.71998 3.92243 7.3446 5.71369 4.94756 4.11699 3.93762 3.15355 3.63556 2.87634 2.85996 2.85074 2.7045 2.5773 2.54502
threshold=85.500000000000014 437.50000000000006 3.5000000000000004 2.5000000000000004 25.500000000000004 1.0000000180025095e-35 4.5000000000000009 15.500000000000002 57.500000000000007 16.500000000000004 7.5000000000000009 7.5000000000000009 9.5000000000000018 73.500000000000014 37.500000000000007 4.5000000000000009 59.500000000000007 232.50000000000003 163.50000000000003 398.50000000000006 15.500000000000002 348.50000000000006 9.5000000000000018 34.500000000000007 194.50000000000003 6799.0000000000009 -105.49999999999999 37.500000000000007 1.5000000000000002 3.5000000000000004 704.50000000000011 487.50000000000006 161.50000000000003 1439.5000000000002 11954.500000000002 47.500000000000007 1149.5000000000002 2.5000000000000004 56.500000000000007 15.500000000000002 1.5000000000000002 31.500000000000004 14.500000000000002 1.5000000000000002 29.500000000000004 2.5000000000000004 56.500000000000007 567.50000000000011 5.5000000000000009
decision_type=2 2 2 2 2 2 2 2 2 2 2 2 2 2 2 2 2 2 2 2 2 2 2 2 2 2 2 2 2 2 2 2 2 2 2 2 2 2 2 2 2 2 2 2 2 2 2 2 2
left_child=44 2 3 32 -4 14 7 27 9 11 48 -8 -13 -10 19 -16 18 -15 -17 23 -21 -7 -12 25 -25 -5 -3 -6 -18 33 31 41 -2 34 35 37 39 -28 -38 -37 -39 -31 -43 46 45 -1 -9 -32 -11
right_child=1 26 4 5 6 21 8 43 13 10 22 12 -14 17 15 16 28 -19 -20 20 -22 -23 -24 24 -26 -27 29 -29 -30 30 47 -33 -34 -35 -36 36 38 40 -40 -41 -42 42 -44 -45 -46 -47 -48 -49 -50
leaf_value=0.16357408274690535 0.034940434431060596 -0.21548747356732187 -0.26227943353790256 0.031581876741270151 -0.10423490698756781 0.237005854943385 -0.23425067803708799 -0.38193363783224232 -0.20370420012017146 0.26898249674488905 -0.19994198438989752 0.070314008484774454 -0.12249813528035873 0.27426147506247112 -0.13514878596157562 0.24296335300777225 -0.1774241920075634 -0.21961222857746557 0.097671042524640914 -0.060005547579397384 0.35343412417667947 -0.016777004212762809 -0.0054458519737519929 0.10043549273354666 -0.19491791362035896 -0.30370496970153249 0.16901608645910488 0.31162872713173723 0.16340336821184823 -0.28302540219851302 -0.052959967517725699 0.19272554294271829 -0.25736444607239595 -0.20418180556883714 0.24919660100689295 -0.077369867957149063 0.034022017784056696 -0.11589738146468057 0.56369914846671565 0.068679908769647399 -0.029330338404567741 -0.19382482164396059 0.048604917564591822 -0.080860801307095651 0.22701263190113341 -0.19848269674327904 -0.066566552460328776 -0.26570945442929028 0.1320732264964401
leaf_weight=4.1576071865856639 4.8197931274771717 16.326193265616894 15.260552443563936 106.63295123353601 4.897026903927328 35.513788908720016 24.110307492315769 12.289053432643415 27.133776590228081 32.271271534264088 16.177176117897034 63.153308592736721 27.649501301348209 5.9915860220789892 13.279483199119566 30.76129499450326 11.763177722692488 3.0961873456835747 110.54750740900636 4.4043621718883497 6.6222171187400818 8.6564257293939573 39.53040786087513 11.110344111919401 25.685422778129578 3.4413506612181655 8.5769459158182126 3.3190130665898323 3.8013036847114554 6.07282377034426 7.3170687407255199 5.7390155419707289 16.265766575932503 11.322563134133814 3.3971116170287123 37.13913981616497 3.0546550229191771 95.123461291193962 2.8497991040349007 31.465129531919956 94.60253369063139 8.4599738195538539 13.736616998910902 7.1328431665897361 53.79632880538702 2.6170722022652626 3.4176408648490897 20.183319471776485 23.224679388105869
leaf_count=61 28 97 96 741 31 333 134 65 187 241 92 336 159 32 68 378 77 25 634 21 29 38 230 111 139 21 54 21 21 37 37 36 80 96 20 232 25 565 22 191 565 50 80 41 845 20 24 140 128
internal_value=0 -0.0133793 0.0134591 0.0503857 -0.0336022 0.0644129 -0.0211319 -0.163614 -0.00388755 0.01606 0.0753516 -0.0414228 0.011131 -0.126424 0.0474517 0.0886267 0.108068 0.102443 0.130306 0.00289188 0.19437 0.187767 -0.0636474 -0.0123088 -0.105534 0.0193088 -0.0648721 0.0746853 -0.0908456 -0.057424 -0.123985 -0.050284 -0.191539 -0.0429277 -0.0358348 -0.0399916 0.0185718 -0.0619841 0.321333 -0.0103681 -0.0729902 -0.102968 -0.0467936 -0.249019 0.20414 0.0183897 -0.318894 -0.211733 0.213967
internal_weight=0 1067.33 701.96 393.305 308.654 372.22 293.394 31.0556 262.338 226.117 111.204 114.913 90.8028 36.2215 328.049 170.153 156.873 9.08777 141.309 157.897 11.0266 44.1702 55.7076 146.87 36.7958 110.074 365.366 8.21604 15.5645 349.04 61.5088 34.0084 21.0856 287.531 276.209 272.812 74.5087 198.303 5.90445 68.6043 189.726 28.2694 22.1966 22.8395 60.571 6.77468 15.7067 27.5004 55.496
internal_count=7734 6808 4561 2719 1842 2611 1746 182 1564 1320 691 629 495 244 2240 1178 1110 57 1012 1062 50 371 322 1012 250 762 2247 52 98 2150 380 203 108 1770 1674 1654 470 1184 47 423 1130 167 130 130 926 81 89 177 369
is_linear=0
shrinkage=0.3


end of trees

feature_importances:
Column_5=94
Column_6=93
Column_8=82
Column_0=56
Column_1=51
Column_3=23
Column_7=23
Column_4=11
Column_2=8

parameters:
[boosting: gbdt]
[objective: binary]
[metric: auc,l2]
[tree_learner: serial]
[device_type: cpu]
[linear_tree: 0]
[data: ]
[valid: ]
[num_iterations: 200]
[learning_rate: 0.3]
[num_leaves: 50]
[num_threads: -1]
[deterministic: 0]
[force_col_wise: 0]
[force_row_wise: 0]
[histogram_pool_size: -1]
[max_depth: 9]
[min_data_in_leaf: 20]
[min_sum_hessian_in_leaf: 0.001]
[bagging_fraction: 0.82259]
[pos_bagging_fraction: 1]
[neg_bagging_fraction: 1]
[bagging_freq: 2]
[bagging_seed: 3]
[feature_fraction: 0.953073]
[feature_fraction_bynode: 1]
[feature_fraction_seed: 2]
[extra_trees: 0]
[extra_seed: 6]
[early_stopping_round: 2]
[first_metric_only: 0]
[max_delta_step: 0]
[lambda_l1: 0]
[lambda_l2: 0.67636]
[linear_lambda: 0]
[min_gain_to_split: 0]
[drop_rate: 0.1]
[max_drop: 50]
[skip_drop: 0.5]
[xgboost_dart_mode: 0]
[uniform_drop: 0]
[drop_seed: 4]
[top_rate: 0.2]
[other_rate: 0.1]
[min_data_per_group: 100]
[max_cat_threshold: 32]
[cat_l2: 10]
[cat_smooth: 10]
[max_cat_to_onehot: 4]
[top_k: 20]
[monotone_constraints: ]
[monotone_constraints_method: basic]
[monotone_penalty: 0]
[feature_contri: ]
[forcedsplits_filename: ]
[refit_decay_rate: 0.9]
[cegb_tradeoff: 1]
[cegb_penalty_split: 0]
[cegb_penalty_feature_lazy: ]
[cegb_penalty_feature_coupled: ]
[path_smooth: 0]
[interaction_constraints: ]
[verbosity: 1]
[saved_feature_importance_type: 0]
[max_bin: 255]
[max_bin_by_feature: ]
[min_data_in_bin: 3]
[bin_construct_sample_cnt: 200000]
[data_random_seed: 1]
[is_enable_sparse: 1]
[enable_bundle: 1]
[use_missing: 1]
[zero_as_missing: 0]
[feature_pre_filter: 1]
[pre_partition: 0]
[two_round: 0]
[header: 0]
[label_column: ]
[weight_column: ]
[group_column: ]
[ignore_column: ]
[categorical_feature: ]
[forcedbins_filename: ]
[objective_seed: 5]
[num_class: 1]
[is_unbalance: 0]
[scale_pos_weight: 1]
[sigmoid: 1]
[boost_from_average: 1]
[reg_sqrt: 0]
[alpha: 0.9]
[fair_c: 1]
[poisson_max_delta_step: 0.7]
[tweedie_variance_power: 1.5]
[lambdarank_truncation_level: 30]
[lambdarank_norm: 1]
[label_gain: ]
[eval_at: ]
[multi_error_top_k: 1]
[auc_mu_weights: ]
[num_machines: 1]
[local_listen_port: 12400]
[time_out: 120]
[machine_list_filename: ]
[machines: ]
[gpu_platform_id: -1]
[gpu_device_id: -1]
[gpu_use_dp: 0]
[num_gpu: 1]

end of parameters

pandas_categorical:null
