tree
version=v3
num_class=1
num_tree_per_iteration=1
label_index=0
max_feature_idx=38
objective=binary sigmoid:1
feature_names=Column_0 Column_1 Column_2 Column_3 Column_4 Column_5 Column_6 Column_7 Column_8 Column_9 Column_10 Column_11 Column_12 Column_13 Column_14 Column_15 Column_16 Column_17 Column_18 Column_19 Column_20 Column_21 Column_22 Column_23 Column_24 Column_25 Column_26 Column_27 Column_28 Column_29 Column_30 Column_31 Column_32 Column_33 Column_34 Column_35 Column_36 Column_37 Column_38
feature_infos=[0:75] [0:11] [0:2] [0:3] [-6847:81204] [0:1] [0:30] [0:11] [2:3881] [0:35] [0:1] [621.94444444444446:2144] [300.14999999999998:847] [2144:13752476] [0.0002576655501159495:0.5] [-44.857142857142854:2131] [0:1] [0:1] [0:1] [0:1] [0:1] [0:1] [0:1] [0:1] [0:1] [0:1] [0:1] [0:1] [0:1] [0:1] [0:1] [0:1] [0:1] [0:1] [0:3176] [-2697156:73437504] [0:1] [8.9589679268948217e-05:0.99995520516036551] [8.9589679268948217e-05:1]
tree_sizes=2217 2208 2208 2214 2220 2215 2238 2226 2199 2221 2234 2235 2220 2217 2198 2229 2237 2197 2221 2204

Tree=0
num_leaves=20
num_cat=0
split_feature=8 14 36 8 36 35 7 7 9 7 14 14 7 0 7 0 7 8 35
split_gain=1515.51 397.355 367.529 174.966 132.412 65.9739 65.2809 52.7145 50.7094 48.4006 41.3983 34.599 29.884 29.1936 28.5937 32.3237 28.3239 28.2525 28.1174
threshold=201.50000000000003 0.0021074838996224744 1.0000000180025095e-35 129.50000000000003 1.0000000180025095e-35 27416.000000000004 9.5000000000000018 9.5000000000000018 2.5000000000000004 7.5000000000000009 0.0015071598611641139 0.0025542825825982571 3.5000000000000004 42.500000000000007 9.5000000000000018 11.500000000000002 6.5000000000000009 77.500000000000014 11542.000000000002
decision_type=2 2 2 2 2 2 2 2 2 2 2 2 2 2 2 2 2 2 2
left_child=3 10 5 17 8 -3 9 12 18 16 -2 -11 -6 14 15 -7 -4 -1 -5
right_child=1 2 6 4 7 13 -8 -9 -10 11 -12 -13 -14 -15 -16 -17 -18 -19 -20
leaf_value=-0.63508537597482939 0.3828291890247788 -0.13151004460916316 -0.21629735550553081 -0.31930316723392443 -0.21474484297406723 0.36656444492468454 0.3586942628110632 0.39116604693957258 -0.45823556598173776 -0.14613118247773221 0.2082834287859022 -0.51202256082815478 -0.53810651230703133 0.46061172007683127 0.43501045738148092 0.089766659503234203 0.47274656898429701 -0.48089382983040474 0.065830439333278284
leaf_weight=195.3312145024538 312.57983623445034 56.129659339785576 145.43818397819996 19.957212209701538 31.931539535522461 47.897309303283691 13.720583394169806 6.486093968152999 24.697050109505653 29.436888009309769 202.06677362322807 111.26145806908607 133.96278695762157 40.163889572024345 35.922981977462769 183.35688717663288 5.4882333576679221 239.985476821661 114.75397020578384
leaf_count=783 1253 225 583 80 128 192 55 26 99 118 810 446 537 161 144 735 22 962 460
internal_value=-0.0925736 0.116217 -0.0362861 -0.425104 -0.260926 0.167518 -0.278892 -0.443105 -0.0638368 -0.309017 0.31436 -0.435553 -0.475964 0.222125 0.186103 0.147251 -0.190925 -0.550177 0.00866222
internal_weight=0 1183.46 668.816 767.105 331.789 363.471 305.345 172.38 159.408 291.625 514.647 140.698 165.894 307.341 267.177 231.254 150.926 435.317 134.711
internal_count=7819 4744 2681 3075 1330 1457 1224 691 639 1169 2063 564 665 1232 1071 927 605 1745 540
is_linear=0
shrinkage=1


Tree=1
num_leaves=20
num_cat=0
split_feature=8 8 5 7 8 15 5 8 7 4 0 0 7 3 5 7 7 9 7
split_gain=818.99 243.088 160.035 76.5587 55.1258 52.8517 49.856 36.7811 34.2629 33.4467 28.056 29.1204 27.4681 27.2191 26.5288 25.5256 23.9143 21.475 20.1288
threshold=176.50000000000003 392.50000000000006 1.0000000180025095e-35 9.5000000000000018 114.50000000000001 0.18422589907932305 1.0000000180025095e-35 636.50000000000011 1.0000000180025095e-35 976.50000000000011 41.500000000000007 12.500000000000002 9.5000000000000018 1.5000000000000002 1.0000000180025095e-35 3.5000000000000004 9.5000000000000018 1.5000000000000002 9.5000000000000018
decision_type=2 2 2 2 2 2 2 2 2 2 2 2 2 2 2 2 2 2 2
left_child=3 2 5 4 -1 12 8 14 -6 18 11 -7 -2 16 -3 -8 -13 -10 -4
right_child=1 7 9 -5 6 10 15 -9 17 -11 -12 13 -14 -15 -16 -17 -18 -19 -20
leaf_value=-0.38625815074305958 -0.22935352932041086 0.27677455927877348 -0.2662368399172681 0.19420372431043298 0.3819382250496226 0.31210774316288126 -0.060603893783336339 0.34254221981769295 -0.044981208031051011 -0.01559750449238217 0.40261737455311786 -0.072674055945090493 0.50928464088497905 0.19440375959577727 0.096300166460401057 -0.40258480454870732 0.44077776613111719 -0.31126182480025483 0.24979714064594646
leaf_weight=327.82772280275822 43.996519193053246 164.51968213915825 169.70786102116108 29.101849004626274 13.041423365473745 69.657348021864891 24.245757892727852 324.92462873458862 88.588384851813316 83.897510319948196 44.19601759314537 89.432584643363953 4.9664618968963614 103.64171229302883 132.40957459807396 104.18058516085148 8.8949732929468137 39.308995470404625 7.0202594995498648
leaf_count=1420 178 667 709 121 53 286 99 1345 362 349 184 360 20 418 535 446 37 164 29
internal_value=0 0.139968 0.00789835 -0.280468 -0.303624 0.136158 -0.202962 0.272774 -0.079679 -0.171607 0.181118 0.144959 -0.153648 0.0871998 0.196348 -0.338108 -0.0258713 -0.126981 -0.245623
internal_weight=0 1247.27 625.411 626.295 597.193 364.786 269.365 621.854 140.939 260.626 315.823 271.627 48.963 201.969 296.929 128.426 98.3276 127.897 176.728
internal_count=7782 5117 2570 2665 2544 1483 1124 2547 579 1087 1285 1101 198 815 1202 545 397 526 738
is_linear=0
shrinkage=0.3


Tree=2
num_leaves=20
num_cat=0
split_feature=8 8 5 8 35 20 35 8 5 9 0 0 29 0 6 4 35 6 0
split_gain=472.129 134.114 104.692 55.1947 34.6095 31.7708 25.9585 23.2676 22.9768 20.4924 20.3214 17.539 16.3767 16.2176 14.8529 12.6242 12.5017 11.8461 11.1784
threshold=176.50000000000003 446.50000000000006 1.0000000180025095e-35 94.500000000000014 27416.000000000004 1.0000000180025095e-35 335794.00000000006 797.50000000000011 1.0000000180025095e-35 2.5000000000000004 41.500000000000007 9.5000000000000018 1.0000000180025095e-35 42.500000000000007 3.5000000000000004 92.500000000000014 119522.00000000001 4.5000000000000009 42.500000000000007
decision_type=2 2 2 2 2 2 2 2 2 2 2 2 2 2 2 2 2 2 2
left_child=3 2 4 -1 10 11 12 -3 15 18 -2 -5 -4 17 -8 -7 -11 -13 -6
right_child=1 7 6 5 9 8 14 -9 -10 16 -12 13 -14 -15 -16 -17 -18 -19 -20
leaf_value=-0.34146474139779986 -0.12171834900124594 0.17591569909929397 -0.19832099368612752 0.08971814163407428 0.16684015660764323 -0.16620971667086676 0.39080317628202327 0.30830185748831945 -0.16782369142976242 -0.32195633567509957 0.42918344034459771 -0.080217843054844903 0.16675691397602399 0.17916757170640402 -0.020262188375079652 0.13299732783522702 0.059570434784691192 -0.2989527179758199 0.34566897567180621
leaf_weight=217.76940608024597 63.983828514814377 315.18888238072395 186.82597449421883 14.716878190636633 255.05338983237743 15.94573390483856 8.7964611053466779 192.9821849167347 68.724063634872437 10.378630235791205 6.5651356726884833 26.086536437273026 11.688914969563482 7.5573653280735007 72.108794167637825 60.896699413657188 29.482118979096413 155.99755991995335 35.923615112900734
leaf_count=1092 265 1348 824 66 1067 68 36 878 325 43 27 117 49 32 299 256 124 715 168
internal_value=0 0.109628 0.0225716 -0.222897 0.120716 -0.149041 -0.118407 0.226235 -0.0418973 0.161389 -0.0699791 -0.22531 -0.17676 -0.249787 0.0248093 0.0707885 -0.0402617 -0.26767 0.189016
internal_weight=0 1188.98 680.807 567.694 401.387 349.925 279.42 508.171 145.566 330.838 70.549 204.358 198.515 189.641 80.9053 76.8424 39.8607 182.084 290.977
internal_count=7799 5128 2902 2671 1694 1579 1208 2226 649 1402 292 930 873 864 335 324 167 832 1235
is_linear=0
shrinkage=0.3


Tree=3
num_leaves=20
num_cat=0
split_feature=8 36 7 7 8 7 7 0 8 7 35 36 7 0 9 0 10 8 3
split_gain=261.439 124.647 71.8846 64.3214 60.9435 33.5214 44.9879 32.2595 26.8292 25.9452 25.1835 23.1556 22.6242 21.6733 17.8154 17.807 13.6775 13.1857 11.471
threshold=351.50000000000006 1.0000000180025095e-35 9.5000000000000018 3.5000000000000004 106.50000000000001 1.0000000180025095e-35 6.5000000000000009 12.500000000000002 668.50000000000011 7.5000000000000009 428838.00000000006 1.0000000180025095e-35 9.5000000000000018 11.500000000000002 2.5000000000000004 42.500000000000007 1.0000000180025095e-35 144.50000000000003 1.5000000000000002
decision_type=2 2 2 2 2 2 2 2 2 2 2 2 2 2 2 2 2 2 2
left_child=1 4 3 14 13 -6 7 -7 11 -8 15 -2 -11 -1 16 18 17 -3 -9
right_child=8 2 -4 -5 5 6 9 10 -10 12 -12 -13 -14 -15 -16 -17 -18 -19 -20
leaf_value=0.27094437846457947 0.17813411936976106 -0.091656430434188307 0.31328039456595685 -0.28239376466995114 0.31801751793890892 0.17339929466959061 0.45387001843589969 -0.26780773281968168 0.232821891557109 -0.0021739264744666739 0.09235382504787383 0.028598930425326574 0.2641740146101933 -0.25893572230492989 -0.25656567283245357 0.1902708579109525 -0.25945039394730529 0.16161132671806025 -0.093909001977791506
leaf_weight=7.5205201208591452 187.89079448580742 28.099142104387283 23.633727937936783 375.44101296365261 40.422417923808098 48.109456554055214 23.392415538430214 76.740116357803345 238.77094407379627 69.112624660134315 46.515123322606087 184.92345836758614 48.998497724533081 81.741877660155296 24.550775766372681 11.947806447744368 12.647651985287665 53.81076318025589 61.695508807897568
leaf_count=41 840 147 100 1954 175 214 101 330 1212 297 200 789 227 470 120 57 61 227 267
internal_value=0 -0.0931007 -0.197029 -0.221467 0.0112431 0.0583853 0.0311657 -0.0466171 0.154312 0.165789 -0.100429 0.103986 0.108436 -0.214068 -0.0293534 -0.160078 0.0298243 0.0747228 -0.190417
internal_weight=0 1034.38 518.183 494.549 516.196 426.934 386.512 245.008 611.585 141.504 196.899 372.814 118.111 89.2624 119.108 150.383 94.5576 81.9099 138.436
internal_count=7829 4988 2609 2509 2379 1868 1693 1068 2841 625 854 1629 524 511 555 654 435 374 597
is_linear=0
shrinkage=0.3


Tree=4
num_leaves=20
num_cat=0
split_feature=14 14 7 7 7 6 29 8 4 0 36 7 8 36 0 6 6 7 7
split_gain=146.513 46.658 51.5311 44.0321 47.9221 36.8722 34.7462 32.6861 25.4179 25.663 23.7179 22.6469 20.1996 19.8183 19.223 18.1773 17.2771 13.0363 12.7528
threshold=0.0068729333963155415 0.0019286421020525068 9.5000000000000018 7.5000000000000009 6.5000000000000009 3.5000000000000004 1.0000000180025095e-35 77.500000000000014 947.50000000000011 7.5000000000000009 1.0000000180025095e-35 9.5000000000000018 284.50000000000006 1.0000000180025095e-35 12.500000000000002 12.500000000000002 22.500000000000004 3.5000000000000004 1.0000000180025095e-35
decision_type=2 2 2 2 2 2 2 2 2 2 2 2 2 2 2 2 2 2 2
left_child=1 -1 3 4 6 -5 8 -2 9 -3 15 13 -11 14 -9 -7 -17 -15 -16
right_child=7 2 -4 5 -6 10 -8 11 -10 12 -12 -13 -14 17 18 16 -18 -19 -20
leaf_value=0.13965717836358363 -0.30948789582689673 0.33923513659475801 0.25587497856101094 0.4157329599333186 0.41564992865590261 0.21891186691907008 0.2097728947207626 0.20452547524206749 0.073347330054731957 -0.1800000577089256 -0.20575661820952809 0.23986592267269194 -0.0053911431265044338 -0.035423580278333505 0.33193837447779156 -0.2509898758077988 0.1414421270609863 -0.28007273595991272 -0.14365129548770966
leaf_weight=345.70462585985661 111.93023887276649 12.473068833351133 69.258413895964622 10.978751406073568 28.123509675264359 23.362237229943275 69.38566929101944 22.36419352889061 161.8510380089283 131.15989118814468 165.44403660297394 15.32698182761669 109.28268750011921 25.449634552001953 5.3726632595062247 27.722455814480782 15.780067726969717 85.641696229577065 72.523623749613762
leaf_count=1816 798 58 350 49 135 103 311 100 715 613 866 65 486 132 25 119 71 541 389
internal_value=0 0.0471556 0.00837488 -0.0143394 0.0355702 -0.119406 0.0134202 -0.17689 -0.0194651 -0.0788644 -0.144845 -0.111319 -0.10067 -0.136877 -0.0401191 0.00594235 -0.108641 -0.224099 -0.110509
internal_weight=0 1170.53 824.822 755.563 512.276 243.288 484.152 338.609 414.767 252.916 232.309 226.679 240.443 211.352 100.26 66.8648 43.5025 111.091 77.8963
internal_count=7742 5692 3876 3526 2318 1208 2183 2050 1872 1157 1159 1252 1099 1187 514 293 190 673 414
is_linear=0
shrinkage=0.3


Tree=5
num_leaves=20
num_cat=0
split_feature=38 9 24 38 3 0 28 35 0 0 34 7 29 7 0 6 34 7 35
split_gain=112.304 37.5767 31.5293 30.4103 29.7634 28.979 27.8207 25.732 20.6944 19.448 17.5625 16.664 15.9326 13.5282 12.5391 13.4888 11.0963 10.4989 10.157
threshold=0.4381159290449741 2.5000000000000004 1.0000000180025095e-35 0.88859523382906302 1.0000000180025095e-35 42.500000000000007 1.0000000180025095e-35 46266.000000000007 41.500000000000007 10.500000000000002 49.500000000000007 9.5000000000000018 1.0000000180025095e-35 1.0000000180025095e-35 7.5000000000000009 26.500000000000004 333.50000000000006 9.5000000000000018 335794.00000000006
decision_type=2 2 2 2 2 2 2 2 2 2 2 2 2 2 2 2 2 2 2
left_child=1 2 4 5 -1 6 11 9 17 -6 -9 12 14 -3 -2 16 -16 -4 -8
right_child=3 13 8 -5 7 -7 18 10 -10 -11 -12 -13 -14 -15 15 -17 -18 -19 -20
leaf_value=-0.31905577366844062 0.2402388518195844 0.18234955375123976 -0.23516782529411751 0.19708193607515848 0.1976412833914217 0.27944820257227998 -0.1117281322722971 -0.040548495943912861 0.23278350024700947 -0.15210287778262285 0.15940048061897569 0.27087639817604386 0.24292561494878168 -0.29237907641781063 0.017828549254986913 -0.14809420889732686 0.17041346209855085 0.15813643746187989 0.020372865773932471
leaf_weight=26.237270221114159 25.156221494078636 5.6536037623882285 125.84974712878466 136.11980970203876 16.819529578089714 43.64674736559391 134.4366991519928 61.818438597023487 9.8639964461326581 93.307743079960346 109.44702641665936 34.046320736408234 36.36423134803772 99.951464638113976 282.79526470601559 37.723447412252426 50.480959534645081 6.3608431667089453 85.751208528876305
leaf_count=182 131 30 843 861 81 253 669 350 49 560 543 194 175 692 1322 177 246 31 402
internal_value=0 -0.105863 -0.0680173 0.0669416 -0.0140184 0.0426674 0.0275847 0.0145149 -0.184858 -0.0985713 0.087245 0.0690612 0.053123 -0.266833 0.0356501 0.0217237 0.0409795 -0.216152 -0.0602945
internal_weight=0 555.31 449.705 866.521 307.63 730.401 686.754 281.393 142.075 110.127 171.265 466.566 432.52 105.605 396.156 371 333.276 132.211 220.188
internal_count=7791 3361 2639 4430 1716 3569 3316 1534 923 641 893 2245 2051 722 1876 1745 1568 874 1071
is_linear=0
shrinkage=0.3


Tree=6
num_leaves=20
num_cat=0
split_feature=8 14 14 20 1 0 8 6 3 3 20 6 24 4 0 0 27 0 12
split_gain=67.1484 22.3284 18.2342 22.5889 18.564 16.4499 14.929 15.4923 12.9326 10.2928 10.1652 12.2136 10.3758 10.0336 8.00921 7.67248 7.51115 7.12031 7.00908
threshold=152.50000000000003 0.016001024065540197 0.0010851875142787834 1.0000000180025095e-35 7.5000000000000009 42.500000000000007 351.50000000000006 4.5000000000000009 1.5000000000000002 1.0000000180025095e-35 1.0000000180025095e-35 12.500000000000002 1.0000000180025095e-35 1612.5000000000002 30.500000000000004 11.500000000000002 1.0000000180025095e-35 41.500000000000007 370.99418681007364
decision_type=2 2 2 2 2 2 2 2 2 2 2 2 2 2 2 2 2 2 2
left_child=1 10 -2 5 9 6 7 -4 15 -5 11 16 -12 -8 18 -9 -1 -14 -10
right_child=2 -3 3 4 -6 -7 13 8 14 -11 12 -13 17 -15 -16 -17 -18 -19 -20
leaf_value=0.0065366841014659937 0.16432272362451292 -0.31018880821733857 0.091453807228724621 -0.10753833707146088 0.17861704828609457 0.21273916893868935 -0.012767194267133334 0.0050060950384884836 0.073195548761278928 0.054829183987295124 0.041558597671137176 -0.21098615296294182 -0.2130033518116386 0.1316569930917092 -0.18363899054683819 -0.19816599616357952 -0.38347579479577526 0.26123743540716671 -0.14156671223439976
leaf_weight=47.93076341599226 84.236097514629364 51.523888856172562 39.881508730351925 40.184112302958965 107.16658572852612 25.566288143396378 185.10064385831356 19.468963697552681 56.232382372021675 275.76188006997108 71.845379397273064 91.255734525620937 28.11354020237923 56.416506469249725 22.29882288724184 118.55561020225286 4.8095638379454604 3.0943537503480902 17.976364262402058
leaf_count=325 604 532 192 223 559 162 925 107 278 1423 406 688 212 302 108 648 30 14 91
internal_value=0 -0.130691 0.030542 0.0188453 0.0707734 -0.0217349 -0.0333885 -0.0812527 -0.110644 0.0341539 -0.0931583 -0.144615 -0.0211959 0.021005 -0.0263585 -0.169523 -0.0296126 -0.165375 0.0210648
internal_weight=0 298.573 1048.85 964.61 423.113 541.497 515.931 274.414 234.532 315.946 247.049 143.996 103.053 241.517 96.5076 138.025 52.7403 31.2079 74.2087
internal_count=7829 2207 5622 5018 2205 2813 2651 1424 1232 1646 1675 1043 632 1227 477 755 355 226 369
is_linear=0
shrinkage=0.3


Tree=7
num_leaves=20
num_cat=0
split_feature=8 0 35 29 8 6 6 6 29 8 4 6 9 11 11 11 15 9 1
split_gain=42.6594 17.7347 18.1119 14.2326 10.2935 10.1799 20.3538 11.9572 11.0397 9.67401 9.63175 10.1357 7.8117 7.20302 10.7889 10.4233 6.9611 7.18255 6.85332
threshold=114.50000000000001 10.500000000000002 76958.000000000015 1.0000000180025095e-35 61.500000000000007 13.500000000000002 20.500000000000004 27.500000000000004 1.0000000180025095e-35 260.50000000000006 -1.0000000180025095e-35 3.5000000000000004 1.0000000180025095e-35 1461.9812826071206 1470.0048948953815 1456.9904244267075 2.2147817460317465 2.5000000000000004 6.5000000000000009
decision_type=2 2 2 2 2 2 2 2 2 2 2 2 2 2 2 2 2 2 2
left_child=4 -2 3 9 -1 -4 13 -8 -9 10 -3 18 -13 15 -15 -7 -6 -18 -12
right_child=1 2 5 -5 16 6 7 8 -10 -11 11 12 -14 14 -16 -17 17 -19 -20
leaf_value=-0.27554997496346451 0.12588964267937536 -0.32494223209630962 0.077610331741819513 0.18657953376291608 -0.20410907023570626 -0.12784306725154276 0.14926102612691081 -0.09595254815005308 0.22717709152258503 -0.011979026684160416 -0.018232874608981209 -0.034532709868143441 -0.1903775303718426 0.31625686129284997 -0.050934534195178155 -0.66581726802399055 -0.0026564032285997323 -0.2315822278756838 0.38703724258445021
leaf_weight=39.307886585593224 136.49958202242851 17.675813682377338 322.06761075556278 22.008171945810318 37.535153053700924 30.804605931043625 96.998906381428242 43.398066319525242 12.093803338706492 163.39844956994057 9.9292359128594381 52.775371827185154 64.150639720261097 7.467205047607421 153.95513615012169 3.5458092987537375 63.474679872393608 15.222044475376604 5.9438740238547316
leaf_count=518 763 128 1757 103 331 168 541 246 71 857 49 303 417 42 865 21 480 153 31
internal_value=0 0.0244548 0.0106846 -0.0461682 -0.142966 0.039174 0.0036182 0.0857669 -0.0252806 -0.062536 -0.117396 -0.0895728 -0.120115 -0.0603787 -0.0337847 -0.184943 -0.0979521 -0.0471471 0.13483
internal_weight=0 1142.71 1006.21 335.882 155.54 670.331 348.264 152.491 55.4919 313.873 150.475 132.799 116.926 195.773 161.422 34.3504 116.232 78.6967 15.8731
internal_count=7844 6362 5599 1888 1482 3711 1954 858 317 1785 928 800 720 1096 907 189 964 633 80
is_linear=0
shrinkage=0.3


Tree=8
num_leaves=20
num_cat=0
split_feature=7 7 7 8 7 6 8 7 6 7 6 9 7 6 6 8 6 15 0
split_gain=30.1629 28.0175 63.2367 30.4112 17.1111 91.0934 17.042 17.0753 40.5215 28.1022 135.5 21.0749 18.7497 16.8684 15.6448 14.3307 13.4082 13.0108 14.5699
threshold=9.5000000000000018 7.5000000000000009 6.5000000000000009 222.50000000000003 8.5000000000000018 15.500000000000002 351.50000000000006 3.5000000000000004 1.5000000000000002 1.5000000000000002 5.5000000000000009 1.0000000180025095e-35 1.0000000180025095e-35 4.5000000000000009 14.500000000000002 122.50000000000001 19.500000000000004 0.18422589907932305 18.500000000000004
decision_type=2 2 2 2 2 2 2 2 2 2 2 2 2 2 2 2 2 2 2
left_child=1 2 6 4 -3 -6 7 9 -9 11 -11 -1 16 -14 17 -12 -13 -10 -19
right_child=-2 3 -4 -5 5 -7 -8 8 14 10 15 12 13 -15 -16 -17 -18 18 -20
leaf_value=0.078856402802270451 0.17751845799815077 -0.26880901116560707 0.436751965344434 -0.019483097336772365 0.61186499141462314 -0.3447698142616481 0.059679021499566172 0.32321536087960401 -0.31061895733146788 -0.20157988388888695 1.0124660914798616 -0.041558442145319334 0.36244305810151711 -0.23362785470831748 -0.2211574796456143 0.50420006073285495 0.41695040372839376 0.1567253649532562 -0.11678053638905631
leaf_weight=73.278947316110134 79.191777989268303 91.059666272252798 31.227302029728889 258.12136120349169 13.165628649294375 27.554356310516596 283.46404524147511 18.525038752704859 13.875285685062407 41.523370485752821 6.0634135380387297 22.656387150287632 4.4416236132383338 78.412783987820148 100.49374233558774 30.159707672894001 7.5933148562908164 31.77870112657547 38.872346919029951
leaf_count=384 495 864 182 1453 70 240 1655 102 98 224 50 127 23 515 732 142 43 175 233
internal_value=0 -0.0136802 0.0190615 -0.0793684 -0.196576 -0.0348135 0.00164738 -0.033531 -0.0988109 0.0167916 0.168197 -0.0464145 -0.127574 -0.201321 -0.1412 0.591539 0.0744175 -0.0460071 0.00628404
internal_weight=0 1172.27 782.366 389.901 131.78 40.72 751.139 467.675 203.545 264.13 77.7465 186.383 113.104 82.8544 185.02 36.2231 30.2497 84.5263 70.651
internal_count=7807 7312 4685 2627 1174 310 4503 2848 1340 1508 416 1092 708 538 1238 192 170 506 408
is_linear=0
shrinkage=0.3


Tree=9
num_leaves=20
num_cat=0
split_feature=8 3 0 8 8 15 13 36 36 25 20 0 34 9 11 8 8 35 5
split_gain=20.9394 14.2421 13.8103 12.8745 12.6939 8.62804 8.3495 8.00992 7.50429 7.38131 9.78202 11.018 7.09606 6.83881 6.8097 6.78746 6.55063 5.74157 5.63325
threshold=77.500000000000014 1.0000000180025095e-35 42.500000000000007 797.50000000000011 398.50000000000006 -1.0060481867858915 747049.50000000012 1.0000000180025095e-35 1.0000000180025095e-35 1.0000000180025095e-35 1.0000000180025095e-35 7.5000000000000009 45.500000000000007 5.5000000000000009 1550.1813800812495 287.50000000000006 363.50000000000006 4257092.5000000009 1.0000000180025095e-35
decision_type=2 2 2 2 2 2 2 2 2 2 2 2 2 2 2 2 2 2 2
left_child=-1 4 3 5 8 16 -6 -4 12 10 11 -7 15 -13 17 -2 -3 -12 -16
right_child=1 2 7 -5 6 9 -8 -9 -10 -11 14 13 -14 -15 18 -17 -18 -19 -20
leaf_value=-0.19482408736413614 -0.14170043100381463 -0.31331805884526631 0.14156641342621715 0.12432492040983167 -0.36863629570296147 0.19795348076416008 0.058915913457796017 0.54189082904282082 -0.25721807509500105 -0.066684088460240612 0.052928697309356836 -0.014638986883710708 0.0097997389462871742 -0.1749915163100895 0.10602121764015848 -0.66287969019207871 0.17706884472422893 -0.26417173532325605 0.58443777434004673
leaf_weight=47.85415855050087 10.789171010255812 12.555716697126625 33.180253617465496 85.076255314052105 4.3714585676789275 20.924563996493816 52.469628006219864 5.1415301784873 37.630386095494032 109.2452370300889 319.54629359766841 372.85660652071238 29.265537839382887 25.492795620113611 5.2631407454609853 2.779338799417018 2.9797690808773032 5.1365675851702681 3.7995184659957886
leaf_count=775 73 125 242 702 25 121 323 28 297 639 1775 2155 174 173 29 16 14 29 20
internal_value=0 0.00757008 0.0199978 0.0129597 -0.0830044 0.00215472 0.0255124 0.196402 -0.159606 0.00615753 0.0167317 -0.0137743 -0.0734984 -0.0249375 0.055049 -0.252061 -0.21879 0.0478415 0.310309
internal_weight=0 1138.5 1001.2 962.876 137.306 877.8 56.8411 38.3218 80.4644 862.265 753.019 419.274 42.834 398.349 333.746 13.5685 15.5355 324.683 9.06266
internal_count=7735 6960 6052 5782 908 5080 348 270 560 4941 4302 2449 263 2328 1853 89 139 1804 49
is_linear=0
shrinkage=0.3


Tree=10
num_leaves=20
num_cat=0
split_feature=38 28 3 14 35 31 1 36 12 15 7 21 9 7 13 19 13 12 12
split_gain=17.0892 14.882 8.33897 12.5019 10.3583 8.1113 7.49589 6.70766 5.47389 6.16356 5.45026 5.52077 5.38988 5.60091 6.61506 5.20424 9.32089 4.8344 6.57193
threshold=0.10139311951263216 1.0000000180025095e-35 1.5000000000000002 0.0017196917271442176 4710.0000000000009 1.0000000180025095e-35 1.0000000180025095e-35 1.0000000180025095e-35 368.42744732232933 1.2052986587648162 1.0000000180025095e-35 1.0000000180025095e-35 4.5000000000000009 8.5000000000000018 12172420.500000002 1.0000000180025095e-35 1982380.5000000002 368.92280842098666 370.40022843118248
decision_type=2 2 2 2 2 2 2 2 2 2 2 2 2 2 2 2 2 2 2
left_child=-1 2 3 15 10 7 8 17 -4 -10 -5 -12 13 -6 -15 -2 -17 -3 -19
right_child=1 5 6 4 12 -7 -8 -9 9 -11 11 -13 -14 14 -16 16 -18 18 -20
leaf_value=-0.19317682883222834 0.15764499842793708 0.14378951018618824 0.42360223724159579 0.217507907245447 -0.014562536897215816 0.1373745121213128 0.052385010932778975 -0.076462110724052665 0.44825472839608821 -0.039541297499851046 -0.12586651889169664 -0.38127653772241488 -0.20337340475601468 0.15102274667253909 -0.16011013536665061 -0.40645867374449024 0.070307070571024741 -0.19105042675688086 0.07294616064605898
leaf_weight=40.645480610430241 55.544490315020084 22.60614075511694 8.4794337227940577 3.1152297630906096 248.41543794423342 20.374642729759216 315.9344556927681 278.60856259427965 3.207609109580515 7.9222850315272808 30.760047066956758 10.111472137272356 11.752170119434593 37.653972573578358 7.2720335200428954 4.207548230886462 26.095979876816273 14.158436171710489 20.910792961716652
leaf_count=784 413 130 44 16 1424 121 1890 1835 18 42 224 76 83 249 48 30 193 84 122
internal_value=0 0.00461682 0.02807 0.0006543 -0.0245738 -0.0460423 0.0635964 -0.0571883 0.243181 0.103467 -0.16052 -0.189741 -0.00493295 0.00307613 0.100445 0.103158 0.00311889 0.0358907 -0.0338493
internal_weight=0 1127.13 770.472 434.928 349.08 356.659 335.544 336.284 19.6093 11.1299 43.9867 40.8715 305.094 293.341 44.926 85.848 30.3035 57.6754 35.0692
internal_count=7826 7042 4750 2756 2120 2292 1994 2171 104 60 316 300 1804 1721 297 636 223 336 206
is_linear=0
shrinkage=0.3


Tree=11
num_leaves=20
num_cat=0
split_feature=14 0 8 0 29 9 14 5 24 1 1 0 0 14 8 11 35 22 11
split_gain=15.467 7.70542 9.04431 8.69658 7.4874 10.5823 7.88598 7.38028 7.10695 8.52647 9.2745 8.40139 7.60252 7.55212 7.40299 6.34725 8.52545 6.32535 7.49877
threshold=0.016530054644808747 42.500000000000007 831.50000000000011 55.500000000000007 1.0000000180025095e-35 2.5000000000000004 0.00065595622885191969 1.0000000180025095e-35 1.0000000180025095e-35 1.0000000180025095e-35 3.5000000000000004 7.5000000000000009 38.500000000000007 0.0039604115691072219 231.50000000000003 1528.5318522717359 874492.50000000012 1.0000000180025095e-35 1476.0764650205763
decision_type=2 2 2 2 2 2 2 2 2 2 2 2 2 2 2 2 2 2 2
left_child=1 4 3 -3 6 -6 -1 -7 9 15 11 -11 -13 -10 -15 -8 -17 18 -12
right_child=-2 2 -4 -5 5 7 8 -9 13 10 17 12 -14 14 -16 16 -18 -19 -20
leaf_value=0.25225865835561717 -0.2686269520619734 0.22239630079633779 -0.40910698870358359 -0.043274489882560545 0.13957691453690085 0.17118508986924899 0.16482804413313265 -0.3000774645068538 -0.015673844395492291 0.34371097027670267 -0.047830872102554663 -0.079732314207461685 -0.44678550947741796 -0.08580057382747236 -0.32927924935939706 -0.12513126054354967 0.37219873614816557 -0.093587997783201551 0.044043200237899767
leaf_weight=10.150023207068442 19.103568505495787 36.04197234287858 2.7528524696826926 15.963360607624052 62.93497570976615 4.3112844824790928 47.812644492834806 9.3396476749330759 193.72049401700497 3.9473475702106944 104.37461294606328 109.42218462564051 5.2438215706497422 93.051448117941618 12.718465588986872 16.86583819240332 3.7090781554579726 46.584779191762209 340.81009261496365
leaf_count=95 508 270 28 117 369 25 283 62 1101 25 629 743 38 900 77 101 20 284 2102
internal_value=0 0.00298756 0.112645 0.140912 -0.00265953 0.0876515 -0.0096644 -0.151098 -0.0124046 0.00458159 -0.00667867 -0.0819429 -0.0968497 -0.0508923 -0.115329 0.104962 -0.0342666 0.0114863 0.0224979
internal_weight=0 1119.75 54.7582 52.0053 1065 76.5859 988.411 13.6509 978.261 678.77 610.383 118.613 114.666 299.49 105.77 68.3876 20.5749 491.769 445.185
internal_count=7777 7269 415 387 6854 456 6398 87 6303 4225 3821 806 781 2078 977 404 121 3015 2731
is_linear=0
shrinkage=0.3


Tree=12
num_leaves=20
num_cat=0
split_feature=7 6 7 14 6 7 6 7 6 6 6 7 6 7 8 11 4 26 11
split_gain=8.2263 18.5133 19.0511 18.5789 13.4968 74.4215 15.0282 15.0217 10.6765 10.271 12.2559 24.6152 14.245 54.3947 11.0653 7.84416 7.76187 7.95845 7.71091
threshold=3.5000000000000004 3.5000000000000004 9.5000000000000018 0.0015515913139775629 5.5000000000000009 1.5000000000000002 28.500000000000004 2.5000000000000004 19.500000000000004 27.500000000000004 23.500000000000004 4.5000000000000009 15.500000000000002 8.5000000000000018 323.50000000000006 1414.1016124358007 810.50000000000011 1.0000000180025095e-35 1526.9364212811304
decision_type=2 2 2 2 2 2 2 2 2 2 2 2 2 2 2 2 2 2 2
left_child=4 -2 3 18 7 6 -6 15 -4 10 11 -5 13 -13 -14 -1 -17 -18 -3
right_child=1 2 8 9 5 -7 -8 -9 -10 -11 -12 12 14 -15 -16 16 17 -19 -20
leaf_value=-0.55306968437246773 0.12103022343741011 0.0043837188293730841 0.019171623558260256 0.44046291902330853 -0.027038684795480359 0.40280680041973499 0.23952714019717061 -0.16478369388448036 0.27376536438204124 -0.20813789368687571 0.064610671099272654 -0.091032928033482757 -0.23400393317641177 0.39246955576743775 -0.068244242154292395 0.23676187195404499 0.15806748801234405 -0.21116807467395241 0.17071541971444679
leaf_weight=1.6299196034669865 79.019860545173287 70.188324466347694 34.687242720276117 7.9679690152406684 201.66002540849149 50.012517016381025 20.928949061781168 53.05090475641191 25.81874530762434 45.720794044435024 62.192246992141008 215.11493808962405 84.056575523689389 23.111033983528614 63.845509938895702 19.578591592609882 10.463427931070328 10.37641117721796 38.949947003275156
leaf_count=10 487 548 259 42 1331 284 140 327 180 382 456 1588 796 125 301 113 63 61 305
internal_value=0 -0.0162431 -0.0324071 -0.0483094 0.0385216 0.0724642 -0.00188958 -0.0587516 0.128051 -0.072697 -0.0590878 -0.0786188 -0.0894288 -0.0439985 -0.162533 0.0750905 0.101575 -0.0258949 0.0638354
internal_weight=0 750.673 671.653 611.147 367.701 272.601 222.589 95.0993 60.506 502.009 456.288 394.096 386.128 238.226 147.902 42.0484 40.4184 20.8398 109.138
internal_count=7798 5469 4982 4543 2329 1755 1471 574 439 3690 3308 2852 2810 1713 1097 247 237 124 853
is_linear=0
shrinkage=0.3


Tree=13
num_leaves=20
num_cat=0
split_feature=15 8 6 6 0 15 4 12 15 11 28 35 7 8 34 0 13 14 8
split_gain=9.20006 6.79904 11.1698 11.1811 7.49249 7.40428 7.25642 7.85556 7.11746 6.93103 7.92987 7.05369 6.15372 13.0877 8.96249 5.75622 5.66929 5.59829 5.50298
threshold=-1.0060481867858915 222.50000000000003 26.500000000000004 25.500000000000004 61.500000000000007 8.0659335288367568 13742.500000000002 360.59669584508123 38.134153620519122 1401.4656262287947 1.0000000180025095e-35 87367.000000000015 1.0000000180025095e-35 185.50000000000003 26.500000000000004 33.500000000000007 6838303.0000000009 0.001771480574907425 227.50000000000003
decision_type=2 2 2 2 2 2 2 2 2 2 2 2 2 2 2 2 2 2 2
left_child=17 2 3 4 9 -4 7 -3 -8 11 12 -2 13 -11 -14 -7 -5 -1 -9
right_child=1 6 5 16 -6 15 8 18 -10 10 -12 -13 14 -15 -16 -17 -18 -19 -20
leaf_value=0.36973318443678388 0.013302718609322325 -0.27261021985888112 -0.27762233471587822 0.04130770782052666 -0.53613396645894784 -0.13311896107446833 -0.60004399599764313 0.22846689675861143 -0.032337369239967641 0.29689418090618197 -0.10080164447002406 0.64127061452608181 -0.11880526234363531 -0.25672864691235742 0.027043760974912234 0.26915879573222806 0.46027597756939231 -0.29475243916215682 0.023336646891697118
leaf_weight=1.1737705618143071 3.7014349084347478 7.8839386999607077 25.326949954032898 5.2443445511162263 2.4472854062914839 10.528598651289938 3.2183627411723119 11.891946062445639 5.0089606307446957 15.573620770126583 88.127997046336532 2.7656478509306908 50.974710701033473 5.0173562169075003 147.23759301379323 4.4949403479695311 6.4862442910671234 13.155190035700796 675.36058050394058
leaf_count=7 46 48 257 48 16 127 19 75 29 92 914 24 534 31 1022 47 56 193 4198
internal_value=0 0.00286916 -0.0301711 -0.0118043 -0.0225184 -0.178925 0.020154 0.0234837 -0.258435 -0.0183575 -0.0248698 0.286885 0.00574186 0.161473 -0.0105008 -0.0118888 0.274681 -0.238385 0.0269151
internal_weight=0 1071.29 367.927 327.576 315.846 40.3505 703.364 695.136 8.22732 313.398 306.931 6.46708 218.803 20.591 198.212 15.0235 11.7306 14.329 687.253
internal_count=7783 7583 3214 2783 2679 431 4369 4321 48 2663 2593 70 1679 123 1556 174 104 200 4273
is_linear=0
shrinkage=0.3


Tree=14
num_leaves=20
num_cat=0
split_feature=8 9 6 7 7 7 7 8 6 6 4 7 36 34 11 11 34 34 7
split_gain=7.55242 5.92578 5.83734 7.47106 7.03218 13.3137 11.3248 15.9472 10.0298 9.7611 12.2053 9.23225 8.297 7.20077 6.79221 5.91574 5.83672 6.45682 5.56142
threshold=139.50000000000003 1.5000000000000002 14.500000000000002 9.5000000000000018 8.5000000000000018 9.5000000000000018 7.5000000000000009 604.50000000000011 3.5000000000000004 10.500000000000002 1274.0000000000002 6.5000000000000009 1.0000000180025095e-35 208.50000000000003 1456.9904244267075 1547.8295857234536 22.500000000000004 19.500000000000004 3.5000000000000004
decision_type=2 2 2 2 2 2 2 2 2 2 2 2 2 2 2 2 2 2 2
left_child=1 -1 4 18 6 12 11 8 -8 -10 13 16 -6 -11 -5 -7 17 -2 -4
right_child=2 -3 3 14 5 15 7 -9 9 10 -12 -13 -14 -15 -16 -17 -18 -19 -20
leaf_value=-0.02361259642772337 -0.017378310204929897 -0.15352521799239668 0.029578759737480406 -0.20983115066827304 0.20732062875516535 0.057723369204524186 0.20997528194413953 0.11782804696351484 -0.24867757125835849 -0.062085173706100005 -0.33438295277360158 0.331667556955834 0.65629588348605117 0.2217736858646642 0.21102077520379445 -0.45891758928130771 0.062226362429321599 -0.39559449774299449 -0.046593288487587953
leaf_weight=119.77317368984222 36.876514963805676 42.8573705162853 124.62388395145535 4.0349514037370708 11.232951145619156 22.422096844762567 7.787015236914157 36.763232342898846 41.627156481146812 23.281130431219935 10.270009897649286 10.412885494530199 5.5422755181789389 12.178438000380991 21.482546433806419 2.1001810580492011 257.71550674363971 4.4781776070594779 279.82127439044416
leaf_count=1240 213 731 769 34 79 190 42 267 294 166 61 87 26 60 189 16 1509 24 1822
internal_value=0 -0.0579128 0.0122438 -0.013176 0.0348853 0.153134 0.0237932 -0.04979 -0.114606 -0.143723 -0.0478879 0.0551609 0.358321 0.0357143 0.143978 0.0119852 0.0454383 -0.0590915 -0.0231206
internal_weight=0 162.631 912.65 429.963 482.688 41.2975 441.39 131.907 95.1438 87.3567 45.7296 309.483 16.7752 35.4596 25.5175 24.5223 299.07 41.3547 404.445
internal_count=7819 1971 5848 2814 3034 311 2723 890 623 581 287 1833 105 226 223 206 1746 237 2591
is_linear=0
shrinkage=0.3


Tree=15
num_leaves=20
num_cat=0
split_feature=35 34 34 20 33 18 0 3 0 34 6 6 9 0 6 14 8 12 13
split_gain=5.8405 7.36001 9.79116 6.91999 7.511 8.04902 7.97066 7.6306 5.72605 5.27773 4.79786 6.59569 8.24214 6.92639 6.60553 5.10718 5.08641 4.59864 4.47361
threshold=840528.00000000012 746.50000000000011 679.50000000000011 1.0000000180025095e-35 1.0000000180025095e-35 1.0000000180025095e-35 27.500000000000004 1.0000000180025095e-35 39.500000000000007 1.5000000000000002 1.0000000180025095e-35 7.5000000000000009 1.0000000180025095e-35 5.5000000000000009 13.500000000000002 0.0027063649014868532 135.50000000000003 371.52433095303041 1822033.0000000002
decision_type=2 2 2 2 2 2 2 2 2 2 2 2 2 2 2 2 2 2 2
left_child=1 2 3 4 7 8 -7 9 -6 -1 -5 16 13 -13 -15 -14 -12 -2 -18
right_child=17 -3 -4 10 5 6 -8 -9 -10 -11 11 12 15 14 -16 -17 18 -19 -20
leaf_value=-0.41665800956639237 0.028982950175616706 0.33566585822892497 -0.55257774662679315 0.26566320744592126 -0.237626444996904 0.22104687298852138 -0.19831750740216048 -0.0063255319208627625 0.0677426402956601 -0.098060076326125054 -0.21568877238111447 0.38749922247677909 0.073479612140928172 0.12467813214383776 0.014240455689918928 -0.2633143501180179 -0.17948873896866752 0.17054417573806865 0.005626097459207292
leaf_weight=5.1780648855492464 169.70945009216666 5.373135730624198 2.9354256466031066 6.8923377431929103 40.107692435383797 9.7397394366562384 6.8877516705542794 373.87039957940578 6.3677366375923148 43.165844885632396 14.112526402808724 5.441532837226986 5.980651959776881 69.832924133166671 161.02288987208158 12.271614831872283 13.773560643196104 23.436664188280702 77.063995242118835
leaf_count=50 1185 53 27 43 313 56 44 2898 46 416 152 45 35 470 1135 106 84 166 488
internal_value=0 -0.0114877 -0.0137047 -0.0117903 -0.0352833 -0.131748 0.0471996 -0.0208414 -0.195738 -0.132884 0.0193291 0.0145422 0.0406311 0.0556499 0.0476824 -0.153136 -0.0487156 0.0462305 -0.02259
internal_weight=0 860.018 854.645 851.709 485.317 63.1029 16.6275 422.214 46.4754 48.3439 366.392 359.5 254.55 236.297 230.856 18.2523 104.95 193.146 90.8376
internal_count=7812 6461 6408 6381 3823 459 100 3364 359 466 2558 2515 1791 1650 1605 141 724 1351 572
is_linear=0
shrinkage=0.3


Tree=16
num_leaves=20
num_cat=0
split_feature=11 4 13 13 4 21 14 14 14 14 15 11 6 31 27 15 6 15 11
split_gain=4.82565 8.37475 7.90365 13.3268 8.185 6.75282 6.68046 5.92194 5.91985 5.43445 6.75341 5.16259 6.36823 5.54268 6.18981 4.63826 5.55687 5.04069 4.47428
threshold=1524.1058732958945 6628.0000000000009 12344087.000000002 12028520.000000002 6222.0000000000009 1.0000000180025095e-35 0.0018535697107125682 0.00076923486574780584 0.012579113924050636 0.0051151229722658301 25.726250000000004 1523.1343240946915 15.500000000000002 1.0000000180025095e-35 1.0000000180025095e-35 1.0672562900542177 15.500000000000002 4.6492063492063505 1550.9186764716167
decision_type=2 2 2 2 2 2 2 2 2 2 2 2 2 2 2 2 2 2 2
left_child=1 8 3 4 7 -5 -4 -2 11 10 -3 13 -13 -1 15 -15 -17 -18 -9
right_child=2 9 6 5 -6 -7 -8 18 -10 -11 -12 12 -14 14 -16 16 17 -19 -20
leaf_value=-0.0024007747982446965 0.3275805571910268 0.27816153249072406 0.18788316342712078 -0.39186311177116112 -0.22436037320171867 -0.011567948668221582 0.0050767253546328914 -0.022521589431236482 -0.18254165897376787 0.41708798771385419 -0.08193500606133404 0.30636999829429673 -0.014621984617141471 0.22887757564980421 0.43853605253518957 0.19270149299504966 -0.35538857079205921 0.030898658450631895 -0.30277105134976018
leaf_weight=500.10995988827199 4.2006550021469584 9.3580230586230808 22.575051441788673 14.661875613965096 19.139527668245137 5.8841505078598848 87.298530178144574 288.99365269951522 14.424042851664124 6.5244384268298736 9.2421333808451873 11.552405603230001 10.638246593996881 10.637252058833839 4.6953802295029154 7.0929940119385746 5.3439470008015615 6.8749968539923429 5.1321131130680433
leaf_count=3447 50 65 184 116 133 47 666 2163 438 57 58 76 76 71 26 46 34 46 37
internal_value=0 0.0140837 -0.0271169 -0.0498355 -0.0346404 -0.283468 0.0427578 -0.0224057 0.00661602 0.183291 0.0996943 0.0115431 0.153039 0.00564715 0.121533 0.0706879 -0.0170915 -0.139384 -0.0275012
internal_weight=0 596.494 447.886 338.012 317.466 20.546 109.874 298.326 571.369 25.1246 18.6002 556.945 22.1907 534.755 34.6446 29.9492 19.3119 12.2189 294.126
internal_count=7836 4440 3396 2546 2383 163 850 2250 4260 180 123 3822 152 3670 223 197 126 80 2200
is_linear=0
shrinkage=0.3


Tree=17
num_leaves=20
num_cat=0
split_feature=14 3 8 7 13 34 11 7 12 35 34 36 8 12 15 15 34 23 15
split_gain=4.09947 3.68464 4.2751 6.19502 5.4398 4.31743 6.42623 6.14262 5.32447 4.86219 6.27 4.06052 4.23343 4.04542 4.01429 10.258 8.26245 7.19974 5.20243
threshold=0.016530054644808747 1.5000000000000002 80.500000000000014 7.5000000000000009 8627910.5000000019 7.5000000000000009 1530.6549318288701 3.5000000000000004 370.67419160436202 23776.500000000004 11.500000000000002 1.0000000180025095e-35 208.50000000000003 369.55468898336335 8.7217664861420854 9.4947547281323903 214.50000000000003 1.0000000180025095e-35 12.309158791474099
decision_type=2 2 2 2 2 2 2 2 2 2 2 2 2 2 2 2 2 2 2
left_child=1 14 3 4 -3 6 7 -4 -8 10 -7 12 -10 -9 -1 -16 17 -17 -18
right_child=-2 2 5 -5 -6 9 8 13 11 -11 -12 -13 -14 -15 15 16 18 -19 -20
leaf_value=0.0006129094386830708 -0.1781643256260533 0.17809082249198807 0.36108547704443489 -0.13068041970514535 0.80055400200286486 -0.47212083526824011 -0.43070492290298507 -0.047998404042541576 -0.3805467642071248 0.024188097757812926 -0.049226908261733461 0.23984349742035999 0.11718229875878299 0.24341752031670744 -0.4711077055138802 0.0095304027340321496 -0.02003219476931984 -0.37486187473268467 -0.44271893516321703
leaf_weight=512.11895149294287 11.091627376154063 3.263724452815949 11.535814408212902 2.6294705998152494 2.0472533507272601 3.339930221438407 2.6647374667227259 9.826421834528448 2.9243956133723241 322.76191070303321 40.064250079914927 4.798201572149992 3.0771308317780495 7.4847902134060851 5.2030391739681354 82.35540606174618 4.1982059925794584 4.5433701388537875 6.9244119338691235
leaf_count=3780 501 45 66 42 34 23 18 75 26 2079 270 33 18 49 43 650 30 27 41
internal_value=0 0.00447828 0.0262687 0.24307 0.427224 0.0220025 0.112631 0.192322 -0.058244 0.0115054 -0.0826628 0.0364111 -0.127354 0.0785973 -0.0102695 -0.0642135 -0.0422099 -0.0109279 -0.284594
internal_weight=0 1031.76 416.418 7.94045 5.31098 408.478 42.3115 28.847 13.4645 366.166 43.4042 10.7997 6.00153 17.3112 615.343 103.224 98.0214 86.8988 11.1226
internal_count=7850 7349 2778 121 79 2657 285 190 95 2372 293 77 44 124 4571 791 748 677 71
is_linear=0
shrinkage=0.3


Tree=18
num_leaves=20
num_cat=0
split_feature=22 7 15 6 7 20 0 6 11 35 38 35 6 0 7 0 0 0 35
split_gain=3.57563 6.22636 10.8858 9.793 29.2658 8.58977 7.94031 7.04505 6.90979 6.81108 6.56974 8.71988 5.82105 15.8402 6.97979 9.26019 6.62709 7.82439 11.1275
threshold=1.0000000180025095e-35 3.5000000000000004 -0.45547785547785541 5.5000000000000009 1.5000000000000002 1.0000000180025095e-35 9.5000000000000018 8.5000000000000018 1475.5151441854309 1651926.0000000002 0.3572612435047483 61024.000000000007 3.5000000000000004 7.5000000000000009 9.5000000000000018 43.500000000000007 42.500000000000007 21.500000000000004 -56548.499999999993
decision_type=2 2 2 2 2 2 2 2 2 2 2 2 2 2 2 2 2 2 2
left_child=1 2 -1 8 5 6 -5 -6 -4 -8 11 -7 13 -3 16 -16 17 -14 -19
right_child=-2 12 3 4 7 10 9 -9 -10 -11 -12 -13 14 -15 15 -17 -18 18 -20
leaf_value=-0.45454397616193465 -0.053284694078070613 -0.46810357200619357 -0.21289213292403195 0.36910060339981282 0.054932316179020883 0.23688044750291642 -0.073196069204505831 0.38880844682467314 0.010161263831742883 0.21502827901733559 0.25533449643071399 -0.29660786453836313 -0.0063724610209261578 0.10179303590052996 0.13247140885749104 -0.20272061951444692 0.15902124347596253 0.24309232539429917 -0.092343921040997923
leaf_weight=3.7921603852882972 120.61965044587851 4.5952704567462197 15.932649240829049 4.2808967716991893 7.0399703681468955 5.3809356372803467 76.856607500463724 30.248580731451511 56.829927251674235 8.0759132541716081 20.701073747128248 5.473840706050396 303.85590869979933 70.073490648530424 46.472574077546597 8.7419775277376157 15.696691211313007 9.1812435239553434 226.60526631260291
leaf_count=36 823 33 93 27 54 33 586 200 356 57 119 29 2370 465 368 83 135 85 1903
internal_value=0 0.00163186 0.0438041 0.0521625 0.0940724 0.0222601 -0.0253495 0.326053 -0.0388795 -0.0455946 0.156554 -0.0323698 -0.0128112 0.0662078 -0.0224832 0.0791618 -0.0326003 -0.0381992 -0.0791961
internal_weight=0 919.835 234.613 230.82 158.058 120.769 89.2134 37.2886 72.7626 84.9325 31.5559 10.8548 685.222 74.6688 610.554 55.2146 555.339 539.642 235.787
internal_count=7855 7032 1590 1554 1105 851 670 254 449 643 181 62 5442 498 4944 451 4493 4358 1988
is_linear=0
shrinkage=0.3


Tree=19
num_leaves=20
num_cat=0
split_feature=7 7 14 14 6 7 6 6 35 6 35 35 35 11 29 35 11 8 1
split_gain=5.82856 34.2743 10.2127 5.57091 9.18525 8.2348 9.49369 12.652 8.15952 5.94436 4.99775 4.85232 4.619 4.40551 4.01875 7.06188 4.61664 5.52105 4.44229
threshold=7.5000000000000009 6.5000000000000009 0.0063898415809243844 0.0056338475211070915 6.5000000000000009 8.5000000000000018 16.500000000000004 20.500000000000004 108968.00000000001 22.500000000000004 41518.500000000007 22522.000000000004 444363.00000000006 1550.501510899606 1.0000000180025095e-35 139508.50000000003 1525.2970779277923 214.50000000000003 7.5000000000000009
decision_type=2 2 2 2 2 2 2 2 2 2 2 2 2 2 2 2 2 2 2
left_child=1 14 12 13 -5 9 11 -8 -9 -6 -4 -7 -3 -2 18 -16 -17 -18 -1
right_child=3 2 10 4 5 6 7 8 -10 -11 -12 -13 -14 -15 15 16 17 -19 -20
leaf_value=-0.022285442157138072 -0.016229501924096796 0.33465585932146086 0.93351615145936584 -0.33261734029593676 -0.26979132490702734 -0.096565492398679939 -0.31192619710469166 0.43188953361291704 -0.14970176222028667 -0.0017030897125167653 0.43046159358745456 0.2810444708190033 0.012643392496544973 0.26863501772243581 0.17942950249153097 0.072912396961562667 0.14895813010293985 -0.22696213788325964 0.04023803452595922
leaf_weight=410.2098742024973 290.01133255660534 12.038340019062167 3.1153853312134734 12.777789990883319 19.706497787963603 3.8814629558473852 11.253128242678942 4.7039424031972867 3.9055148065090179 11.931713047437368 4.695071991533041 13.78972951043397 5.9997311867773524 4.8814548552036277 30.076173091307282 25.001614056527615 4.7322160936892059 13.042725469917057 136.14452476985753
leaf_count=2988 2034 91 18 162 420 32 174 30 26 162 26 88 57 37 217 179 28 92 965
internal_value=0 0.0162801 0.354139 -0.0306752 -0.0998236 -0.0564508 0.0385724 -0.103546 0.169223 -0.168974 0.639327 0.198035 0.228134 -0.0114349 0.0021277 0.0682687 -0.0100974 -0.126639 -0.0067014
internal_weight=0 645.056 25.8485 376.843 81.9498 69.172 37.5338 19.8626 8.60946 31.6382 7.81046 17.6712 18.0381 294.893 619.207 72.8527 42.7766 17.7749 546.354
internal_count=7826 4661 192 3165 1094 932 350 230 56 582 44 120 148 2071 4469 516 299 120 3953
is_linear=0
shrinkage=0.3


end of trees

feature_importances:
Column_7=57
Column_6=42
Column_8=42
Column_0=39
Column_35=23
Column_14=21
Column_11=18
Column_15=15
Column_9=13
Column_34=13
Column_36=11
Column_4=10
Column_3=9
Column_12=8
Column_13=8
Column_5=7
Column_29=7
Column_1=6
Column_20=6
Column_38=4
Column_24=3
Column_28=3
Column_21=2
Column_22=2
Column_27=2
Column_31=2
Column_10=1
Column_18=1
Column_19=1
Column_23=1
Column_25=1
Column_26=1
Column_33=1

parameters:
[boosting: gbdt]
[objective: binary]
[metric: auc,l2]
[tree_learner: serial]
[device_type: cpu]
[linear_tree: 0]
[data: ]
[valid: ]
[num_iterations: 200]
[learning_rate: 0.3]
[num_leaves: 20]
[num_threads: -1]
[deterministic: 0]
[force_col_wise: 0]
[force_row_wise: 0]
[histogram_pool_size: -1]
[max_depth: 9]
[min_data_in_leaf: 20]
[min_sum_hessian_in_leaf: 0.001]
[bagging_fraction: 0.874021]
[pos_bagging_fraction: 1]
[neg_bagging_fraction: 1]
[bagging_freq: 1]
[bagging_seed: 3]
[feature_fraction: 0.707316]
[feature_fraction_bynode: 1]
[feature_fraction_seed: 2]
[extra_trees: 0]
[extra_seed: 6]
[early_stopping_round: 2]
[first_metric_only: 0]
[max_delta_step: 0]
[lambda_l1: 0]
[lambda_l2: 0.0884958]
[linear_lambda: 0]
[min_gain_to_split: 0]
[drop_rate: 0.1]
[max_drop: 50]
[skip_drop: 0.5]
[xgboost_dart_mode: 0]
[uniform_drop: 0]
[drop_seed: 4]
[top_rate: 0.2]
[other_rate: 0.1]
[min_data_per_group: 100]
[max_cat_threshold: 32]
[cat_l2: 10]
[cat_smooth: 10]
[max_cat_to_onehot: 4]
[top_k: 20]
[monotone_constraints: ]
[monotone_constraints_method: basic]
[monotone_penalty: 0]
[feature_contri: ]
[forcedsplits_filename: ]
[refit_decay_rate: 0.9]
[cegb_tradeoff: 1]
[cegb_penalty_split: 0]
[cegb_penalty_feature_lazy: ]
[cegb_penalty_feature_coupled: ]
[path_smooth: 0]
[interaction_constraints: ]
[verbosity: -1]
[saved_feature_importance_type: 0]
[max_bin: 255]
[max_bin_by_feature: ]
[min_data_in_bin: 3]
[bin_construct_sample_cnt: 200000]
[data_random_seed: 1]
[is_enable_sparse: 1]
[enable_bundle: 1]
[use_missing: 1]
[zero_as_missing: 0]
[feature_pre_filter: 1]
[pre_partition: 0]
[two_round: 0]
[header: 0]
[label_column: ]
[weight_column: ]
[group_column: ]
[ignore_column: ]
[categorical_feature: ]
[forcedbins_filename: ]
[objective_seed: 5]
[num_class: 1]
[is_unbalance: 0]
[scale_pos_weight: 1]
[sigmoid: 1]
[boost_from_average: 1]
[reg_sqrt: 0]
[alpha: 0.9]
[fair_c: 1]
[poisson_max_delta_step: 0.7]
[tweedie_variance_power: 1.5]
[lambdarank_truncation_level: 30]
[lambdarank_norm: 1]
[label_gain: ]
[eval_at: ]
[multi_error_top_k: 1]
[auc_mu_weights: ]
[num_machines: 1]
[local_listen_port: 12400]
[time_out: 120]
[machine_list_filename: ]
[machines: ]
[gpu_platform_id: -1]
[gpu_device_id: -1]
[gpu_use_dp: 0]
[num_gpu: 1]

end of parameters

pandas_categorical:null
