tree
version=v3
num_class=1
num_tree_per_iteration=1
label_index=0
max_feature_idx=10
objective=binary sigmoid:1
feature_names=Column_0 Column_1 Column_2 Column_3 Column_4 Column_5 Column_6 Column_7 Column_8 Column_9 Column_10
feature_infos=[0:75] [0:11] [0:2] [0:3] [-6847:81204] [0:1] [0:1] [0:30] [0:11] [2:3881] [0:35]
tree_sizes=1177 1170 1168 1175 1174 1181 1171 1188 1161 1176 1172 1174 1166 1171 1175 1179 1169 1176 1167 1175 1165 1166 1174 1173 1157 1162 1170 1194 1158 1186 1166 1182 1169 1164 1170 1172 1168 1175 1179

Tree=0
num_leaves=10
num_cat=0
split_feature=9 9 9 8 8 8 4 8 10
split_gain=1513.33 392.304 174.572 160.863 129.453 90.5673 76.1924 60.0482 52.9508
threshold=201.50000000000003 475.50000000000006 129.50000000000003 9.5000000000000018 7.5000000000000009 9.5000000000000018 48.500000000000007 7.5000000000000009 2.5000000000000004
decision_type=2 2 2 2 2 2 2 2 2
left_child=2 3 -1 4 6 7 -2 8 -4
right_child=1 -3 5 -5 -6 -7 -8 -9 -10
leaf_value=-0.55141721517431519 -0.28516789055705127 0.31578414333259464 -0.12101635553368351 0.41808146246243105 -0.28014211884721951 0.31209536369122726 0.071633555153494149 -0.47755372323106571 -0.50789208196029567
leaf_weight=432.32310949265957 63.863079071044922 507.16265527904034 151.92427794635296 63.863079071044922 199.07319179177284 22.950794041156769 340.76939848065376 113.25717929005623 40.163889572024345
leaf_count=1733 256 2033 609 256 798 92 1366 454 161
internal_value=-0.0925736 0.116917 -0.426189 -0.0342142 -0.0821566 -0.261166 0.0152773 -0.304403 -0.202127
internal_weight=0 1174.73 760.619 667.569 603.706 328.296 404.632 305.345 192.088
internal_count=7758 4709 3049 2676 2420 1316 1622 1224 770
is_linear=0
shrinkage=1


Tree=1
num_leaves=10
num_cat=0
split_feature=9 5 9 4 8 9 5 8 8
split_gain=814.448 304.445 242.985 108.611 77.7774 66.0788 59.7275 58.029 48.1221
threshold=351.50000000000006 1.0000000180025095e-35 114.50000000000001 107.50000000000001 9.5000000000000018 662.50000000000011 1.0000000180025095e-35 3.5000000000000004 6.5000000000000009
decision_type=2 2 2 2 2 2 2 2 2
left_child=1 2 -1 -4 7 6 -2 -3 -5
right_child=5 4 3 8 -6 -7 -8 -9 -10
leaf_value=-0.33640236174799654 0.27985085485714617 -0.14486184100600191 -0.1957525919369259 0.089909644647132012 0.28058718814941797 0.36321272178764835 0.045336062340625129 -0.38850477079968676 0.31414982127698432
leaf_weight=154.22636657953262 221.41157861053944 111.6703764796257 91.595094799995422 247.52184092998505 18.907623052597046 299.22807562351227 175.01232224702835 418.2018381357193 132.10211504995823
leaf_count=665 901 461 376 1001 79 1227 714 1755 546
internal_value=0 -0.152808 -0.00970909 0.0972763 -0.315859 0.256787 0.176365 -0.337204 0.168019
internal_weight=0 1174.23 625.445 471.219 548.78 695.652 396.424 529.872 379.624
internal_count=7725 4883 2588 1923 2295 2842 1615 2216 1547
is_linear=0
shrinkage=0.3


Tree=2
num_leaves=10
num_cat=0
split_feature=9 9 5 9 8 8 0 0 4
split_gain=522.68 128.094 150.797 61.8731 52.6786 51.8036 51.4754 44.9261 35.7739
threshold=176.50000000000003 392.50000000000006 1.0000000180025095e-35 77.500000000000014 9.5000000000000018 1.0000000180025095e-35 42.500000000000007 11.500000000000002 976.50000000000011
decision_type=2 2 2 2 2 2 2 2 2
left_child=3 2 6 -1 5 -5 7 -2 -4
right_child=1 -3 8 4 -6 -7 -8 -9 -10
leaf_value=-0.38779460502606383 0.32376841534910855 0.21602951705154286 -0.23917483736711867 0.18032125554831349 0.27028767465320014 -0.22812667476703224 0.46099137227346049 0.045688671690568623 0.004230579043588061
leaf_weight=164.49362355470657 65.700650259852409 585.45142683386803 167.86378085613251 30.230711787939072 22.984518334269524 356.57896293699741 40.607985064387321 254.52009938657284 80.323353007435799
leaf_count=797 270 2534 724 130 101 1622 168 1046 341
internal_value=0 0.115845 0.0195131 -0.232397 -0.16992 -0.196157 0.1433 0.102848 -0.160437
internal_weight=0 1194.47 609.016 574.288 409.794 386.81 360.829 320.221 248.187
internal_count=7733 5083 2549 2650 1853 1752 1484 1316 1065
is_linear=0
shrinkage=0.3


Tree=3
num_leaves=10
num_cat=0
split_feature=0 8 2 4 0 8 4 3 3
split_gain=95.2128 90.6028 75.4649 40.06 39.5915 23.5683 19.3157 19.0119 15.982
threshold=42.500000000000007 9.5000000000000018 1.5000000000000002 947.50000000000011 7.5000000000000009 4.5000000000000009 292.50000000000006 1.0000000180025095e-35 1.5000000000000002
decision_type=2 2 2 2 2 2 2 2 2
left_child=1 2 3 7 -4 -5 -6 -1 -8
right_child=-2 -3 4 5 6 -7 8 -9 -10
leaf_value=-0.24895499294457252 0.29556032906227792 0.27669145107609155 0.28767953556708031 0.095922205680191636 -0.05388828166398868 -0.062667676760689697 0.0029200042001815921 -0.10710085874220339 0.14623767678702251
leaf_weight=101.84743271768093 92.137401297688484 88.487128794193268 59.814155995845795 132.22872856259346 163.82369504868984 232.34331332147121 137.79470784962177 515.59872741997242 142.27983257174492
leaf_count=493 422 411 270 586 767 1088 642 2433 642
internal_value=0 -0.0180006 -0.0355738 -0.0839936 0.058821 -0.00513458 0.0279103 -0.130546 0.0757593
internal_weight=0 1574.22 1485.73 982.018 503.712 364.572 443.898 617.446 280.075
internal_count=7754 7332 6921 4600 2321 1674 2051 2926 1284
is_linear=0
shrinkage=0.3


Tree=4
num_leaves=10
num_cat=0
split_feature=9 9 5 9 5 4 0 8 8
split_gain=245.924 95.1121 80.1703 48.1847 32.5175 30.1516 27.8637 25.3375 37.5974
threshold=174.50000000000003 612.50000000000011 1.0000000180025095e-35 77.500000000000014 1.0000000180025095e-35 52.500000000000007 12.500000000000002 7.5000000000000009 6.5000000000000009
decision_type=2 2 2 2 2 2 2 2 2
left_child=3 2 5 -1 6 -2 -5 8 -4
right_child=1 -3 7 4 -6 -7 -8 -9 -10
leaf_value=-0.33541841985143744 -0.08248669664875205 0.22160383317376955 -0.028598008734882607 0.18897069804495684 -0.2221495117001013 0.13404086634160117 -0.096211498441801838 -0.15925528514915327 0.68740021585732891
leaf_weight=131.08483830094337 67.34324061870575 292.90481927990913 158.42801344394684 38.101001396775246 162.95630170404911 408.53385145962238 159.39610536396503 190.78597231209278 6.7616080939769736
leaf_count=794 290 1404 679 169 864 1809 754 882 29
internal_value=0 0.0746253 0.0228468 -0.179723 -0.123004 0.103386 -0.0411092 -0.0848178 0.00120953
internal_weight=0 1124.76 831.853 491.538 360.453 475.877 197.497 355.976 165.19
internal_count=7674 5093 3689 2581 1787 2099 923 1590 708
is_linear=0
shrinkage=0.3


Tree=5
num_leaves=10
num_cat=0
split_feature=9 9 10 5 5 4 8 8 4
split_gain=174.448 61.4534 53.3662 48.8508 32.5012 31.5801 23.6317 25.1067 27.1672
threshold=222.50000000000003 797.50000000000011 1.5000000000000002 1.0000000180025095e-35 1.0000000180025095e-35 102.50000000000001 1.0000000180025095e-35 6.5000000000000009 253.50000000000003
decision_type=2 2 2 2 2 2 2 2 2
left_child=2 4 3 5 6 -1 -2 8 -8
right_child=1 -3 -4 -5 -6 -7 7 -9 -10
leaf_value=-0.19570313449736451 0.32817696235130411 0.25161409673350527 -0.25714330146637249 -0.17639012867000814 -0.021288717431360984 0.083082600187552397 -0.10606961799020324 0.18930866929235055 0.097847362525364509
leaf_weight=45.416749656200409 38.001308158040047 159.97736562788486 187.37512625008821 192.58933342248201 343.70091965794563 185.50872680544853 90.14038148522377 127.71213294565678 168.57465271651745
leaf_count=237 176 854 1082 1135 1566 884 400 625 782
internal_value=0 0.0825333 -0.123888 -0.064873 0.0472837 0.0281765 0.102803 0.0805406 0.0267825
internal_weight=0 928.107 610.89 423.515 768.129 230.925 424.428 386.427 258.715
internal_count=7741 4403 3338 2256 3549 1121 1983 1807 1182
is_linear=0
shrinkage=0.3


Tree=6
num_leaves=10
num_cat=0
split_feature=9 9 6 0 3 9 7 0 0
split_gain=107.154 46.0167 43.5447 33.965 30.6149 25.3681 22.6266 13.1851 13.0151
threshold=152.50000000000003 636.50000000000011 1.0000000180025095e-35 42.500000000000007 1.5000000000000002 77.500000000000014 3.5000000000000004 42.500000000000007 7.5000000000000009
decision_type=2 2 2 2 2 2 2 2 2
left_child=5 2 3 4 6 -1 -2 8 -7
right_child=1 -3 -4 -5 -6 7 -8 -9 -10
leaf_value=-0.28855564202506179 0.15573700844549407 0.15730899803735779 -0.18314395535974229 0.25615820109389076 0.085541440936691818 0.18386220918433727 -0.062037347828937932 0.18795109784663858 -0.1371265099675355
leaf_weight=92.341330461204052 48.171579852700233 231.55354698002338 96.290609776973724 55.609439894556999 309.06791666150093 11.883252382278441 387.18844735622406 13.067953646183012 219.55028800666332
leaf_count=777 215 1348 452 302 1431 54 1823 60 1294
internal_value=0 0.0381263 0.00731942 0.0302683 0.0133537 -0.154666 -0.0379032 -0.103977 -0.120554
internal_weight=0 1127.88 896.328 800.037 744.428 336.843 435.36 244.501 231.434
internal_count=7756 5571 4223 3771 3469 2185 2038 1408 1348
is_linear=0
shrinkage=0.3


Tree=7
num_leaves=10
num_cat=0
split_feature=9 9 3 10 10 6 10 6 4
split_gain=67.7278 35.18 33.9374 25.4081 16.8784 16.3961 15.8015 10.7796 10.4801
threshold=124.50000000000001 383.50000000000006 1.5000000000000002 1.0000000180025095e-35 1.0000000180025095e-35 1.0000000180025095e-35 2.5000000000000004 1.0000000180025095e-35 947.50000000000011
decision_type=2 2 2 2 2 2 2 2 2
left_child=4 2 3 5 -1 -2 7 -4 -5
right_child=1 -3 6 8 -6 -7 -8 -9 -10
leaf_value=-0.048043774318884909 0.044324519995412447 0.09583414567595018 0.11602217210627988 -0.1842486732679135 -0.22232851685142332 -0.21768567134754285 -0.10251796570069149 -0.11742988748163227 -0.049364686888896149
leaf_weight=83.509634166955948 179.94542816281319 477.45145501941442 230.59345529228449 138.19014650583267 124.85898981243372 24.284120514988899 41.078424587845802 19.189857430756092 83.113295421004295
leaf_count=610 890 2588 1087 717 1043 128 199 94 400
internal_value=0 0.0327635 -0.00928024 -0.0632564 -0.15255 0.0130553 0.0696806 0.098037 -0.133648
internal_weight=0 1193.85 716.395 425.533 208.369 204.23 290.862 249.783 221.303
internal_count=7756 6103 3515 2135 1653 1018 1380 1181 1117
is_linear=0
shrinkage=0.3


Tree=8
num_leaves=10
num_cat=0
split_feature=9 8 8 8 9 8 7 7 9
split_gain=50.1743 40.0531 34.1936 83.2591 42.3415 29.338 34.3127 27.3436 19.6728
threshold=77.500000000000014 9.5000000000000018 7.5000000000000009 6.5000000000000009 375.50000000000006 3.5000000000000004 14.500000000000002 3.5000000000000004 156.50000000000003
decision_type=2 2 2 2 2 2 2 2 2
left_child=-1 2 3 5 7 -2 -7 -4 -5
right_child=1 -3 4 8 -6 6 -8 -9 -10
leaf_value=-0.25570922759797754 0.067368468093758294 0.21783864819192278 0.35331839028222894 0.92052445866496202 0.03889905638569973 0.046034274548337424 -0.1410475059403023 -0.17930473710280859 0.36630720506953934
leaf_weight=66.339058496057987 411.41433381289244 79.381091967225075 8.9183700904250127 7.2733745500445357 171.61657851934433 170.9285900965333 182.14744764566422 219.24228744953871 28.036217696964741
leaf_count=790 2126 477 44 40 915 895 993 1328 141
internal_value=0 0.0116324 -0.00203455 0.0337742 -0.0736621 0.0129346 -0.0504947 -0.158303 0.483328
internal_weight=0 1278.96 1199.58 799.8 399.777 764.49 353.076 228.161 35.3096
internal_count=7749 6959 6482 4195 2287 4014 1888 1372 181
is_linear=0
shrinkage=0.3


Tree=9
num_leaves=10
num_cat=0
split_feature=9 0 9 0 10 1 4 9 0
split_gain=28.9698 22.4841 21.4757 28.4941 16.8974 20.3019 18.8706 8.45289 8.28236
threshold=106.50000000000001 10.500000000000002 797.50000000000011 42.500000000000007 1.0000000180025095e-35 7.5000000000000009 1424.0000000000002 61.500000000000007 42.500000000000007
decision_type=2 2 2 2 2 2 2 2 2
left_child=7 -2 3 4 5 -3 -6 -1 -4
right_child=1 2 8 -5 6 -7 -8 -9 -10
leaf_value=-0.26340602231777771 0.12812815601992475 -0.019349875174925257 0.14371871654935103 0.19190762097431785 -0.10438348142176741 0.14259379413514103 0.028759513009847096 -0.087829773372585962 -0.31077777030668846
leaf_weight=34.484853889793158 141.31948848068714 300.81585738807917 102.93181043863297 56.459713689982891 334.61202296614647 90.536660715937614 134.15719658136368 86.819348257035017 3.6245815232396117
leaf_count=512 762 1541 733 360 1787 461 684 776 35
internal_value=0 0.0160174 0.000518424 -0.014307 -0.0278693 0.0181484 -0.0662818 -0.137964 0.127911
internal_weight=0 1164.46 1023.14 916.581 860.122 391.353 468.769 121.304 106.556
internal_count=7651 6363 5601 4833 4473 2002 2471 1288 768
is_linear=0
shrinkage=0.3


Tree=10
num_leaves=10
num_cat=0
split_feature=9 7 7 0 10 9 4 7 7
split_gain=20.7997 16.4911 19.6017 14.479 14.156 14.3759 10.3765 9.0842 14.1996
threshold=77.500000000000014 14.500000000000002 19.500000000000004 15.500000000000002 2.5000000000000004 412.50000000000006 -398.49999999999994 7.5000000000000009 3.5000000000000004
decision_type=2 2 2 2 2 2 2 2 2
left_child=-1 7 3 -3 6 -6 -4 8 -2
right_child=1 2 4 -5 5 -7 -8 -9 -10
leaf_value=-0.20061530476329784 0.078049409117476834 0.018725472281613392 -0.35572126234411711 -0.142218693184961 -0.21784129621479997 0.067371232797965197 0.053572795922199781 0.078469108806159912 -0.046954183747108379
leaf_weight=44.890636026859283 142.89367204159498 71.347407713532448 5.5641888156533232 170.25090757012367 41.071011982858181 25.829741314053535 279.30732982605696 300.4689027518034 190.8939146026969
leaf_count=778 767 402 34 965 270 152 1581 1721 1096
internal_value=0 0.00701181 -0.0289337 -0.0947046 0.0162557 -0.107804 0.0454251 0.0406392 0.00656879
internal_weight=0 1227.63 593.371 241.598 351.772 66.9008 284.872 634.256 333.788
internal_count=7766 6988 3404 1367 2037 422 1615 3584 1863
is_linear=0
shrinkage=0.3


Tree=11
num_leaves=10
num_cat=0
split_feature=9 3 9 0 0 8 8 8 9
split_gain=18.6896 18.0392 18.5947 15.2845 14.676 16.5033 15.7299 44.0853 16.6283
threshold=59.500000000000007 1.0000000180025095e-35 398.50000000000006 39.500000000000007 41.500000000000007 9.5000000000000018 7.5000000000000009 6.5000000000000009 642.50000000000011
decision_type=2 2 2 2 2 2 2 2 2
left_child=-1 2 3 -2 5 6 7 -3 -8
right_child=1 4 -4 -5 -6 -7 8 -9 -10
leaf_value=-0.27348464348488055 -0.24380793105860951 0.010935604343386812 0.042031749358283341 0.041157998522213371 0.16837917503096106 0.16735839417306919 -0.083201189823672819 0.39172032344247409 0.10250121774395546
leaf_weight=22.010797567665577 70.578672867268324 614.2005166336894 56.958351172506809 22.233945015817881 55.436377864331007 56.565669201314449 269.85820843651891 28.514692768454552 51.597155764698982
leaf_count=492 467 3385 342 142 365 369 1635 152 374
internal_value=0 0.00464923 -0.092855 -0.175579 0.0182282 0.0100537 0.000804406 0.0279027 -0.0533655
internal_weight=0 1225.94 149.771 92.8126 1076.17 1020.74 964.171 642.715 321.455
internal_count=7723 7231 951 609 6280 5915 5546 3537 2009
is_linear=0
shrinkage=0.3


Tree=12
num_leaves=10
num_cat=0
split_feature=8 9 8 7 8 7 7 7 8
split_gain=15.4807 24.5969 31.5702 48.7022 59.0242 44.3778 39.436 18.4405 21.7021
threshold=3.5000000000000004 437.50000000000006 8.5000000000000018 15.500000000000002 9.5000000000000018 20.500000000000004 3.5000000000000004 28.500000000000004 1.5000000000000002
decision_type=2 2 2 2 2 2 2 2 2
left_child=7 2 6 4 -4 -5 -2 8 -1
right_child=1 -3 3 5 -6 -7 -8 -9 -10
leaf_value=-0.01328752768955477 0.14387359552975293 0.052909368209441844 0.63869541150196041 -0.25494380357209478 0.0039753104413058704 0.26764535873842321 -0.13113722129197924 0.30135261567633348 0.14539890407127465
leaf_weight=264.94852684251964 53.531848022714257 263.41089634224772 23.988987106829882 46.649085285142064 29.098497673869133 21.159959454089403 375.07573569752276 24.467880349606276 109.53556885756552
leaf_count=1547 291 1616 127 356 209 144 2671 138 621
internal_value=0 -0.0224457 -0.0585719 0.0767638 0.291621 -0.0916754 -0.0967571 0.049699 0.033161
internal_weight=0 812.915 549.504 120.897 53.0875 67.809 428.608 398.952 374.484
internal_count=7720 5414 3798 836 336 500 2962 2306 2168
is_linear=0
shrinkage=0.3


Tree=13
num_leaves=10
num_cat=0
split_feature=9 7 10 7 0 8 7 5 8
split_gain=14.2242 23.0304 21.832 20.2492 14.9863 10.678 18.9308 13.7639 8.61707
threshold=251.50000000000003 26.500000000000004 2.5000000000000004 25.500000000000004 9.5000000000000018 4.5000000000000009 7.5000000000000009 1.0000000180025095e-35 1.0000000180025095e-35
decision_type=2 2 2 2 2 2 2 2 2
left_child=1 2 3 5 -4 6 -1 -7 -6
right_child=-2 -3 4 -5 8 7 -8 -9 -10
leaf_value=-0.083152250498794669 0.027173197626352966 -0.21342739302619526 0.28693196681731792 0.38828505351800452 0.22105559162213004 0.025945649850496445 0.14581361378859378 -0.12085185408840929 -0.24710538576257671
leaf_weight=50.51386908814311 671.573900077492 60.128610845655203 5.6775806676596394 12.293867034837602 3.6773353144526473 126.49266917072237 90.672012750059366 105.18816415779293 57.033537890762091
leaf_count=266 3944 513 40 85 26 783 486 1024 559
internal_value=0 -0.0392135 -0.0159621 0.0114431 -0.174678 -0.00110841 0.0638925 -0.040733 -0.21835
internal_weight=0 511.678 451.549 385.161 66.3885 372.867 141.186 231.681 60.7109
internal_count=7726 3782 3269 2644 625 2559 752 1807 585
is_linear=0
shrinkage=0.3


Tree=14
num_leaves=10
num_cat=0
split_feature=0 3 9 0 8 8 8 10 9
split_gain=9.09611 9.50989 14.8407 11.5282 7.83935 9.21163 13.7264 10.0272 7.38479
threshold=4.5000000000000009 1.5000000000000002 668.50000000000011 57.500000000000007 1.0000000180025095e-35 1.5000000000000002 3.5000000000000004 1.0000000180025095e-35 139.50000000000003
decision_type=2 2 2 2 2 2 2 2 2
left_child=-1 2 8 4 -3 7 -7 -6 -2
right_child=1 3 -4 -5 5 6 -8 -9 -10
leaf_value=0.22581790064429205 -0.11475092430793284 0.15634450860983287 0.082713376636493474 -0.51016465994385096 0.12570529979001258 0.20048766638751142 0.020154031629589054 -0.12536339739617638 -0.027421264310681391
leaf_weight=15.700516954064367 105.787288332358 43.22240861132741 98.51242383569479 3.3917475864291182 18.433110740035772 43.899283615872264 277.31969757936895 62.68438464961946 492.72075831517577
leaf_count=89 1252 245 781 27 100 255 1850 394 2755
internal_value=0 -0.00318442 -0.0251158 0.0308628 0.0351239 0.0220566 0.044868 -0.0682045 -0.0428778
internal_weight=0 1145.97 697.02 448.951 445.559 402.336 321.219 81.1175 598.508
internal_count=7748 7659 4788 2871 2844 2599 2105 494 4007
is_linear=0
shrinkage=0.3


Tree=15
num_leaves=10
num_cat=0
split_feature=8 0 0 9 4 10 0 0 0
split_gain=12.9588 10.2051 10.9583 11.0876 15.2373 15.7326 7.72387 7.37162 6.68358
threshold=9.5000000000000018 42.500000000000007 12.500000000000002 351.50000000000006 -45.499999999999993 1.0000000180025095e-35 55.500000000000007 46.500000000000007 14.500000000000002
decision_type=2 2 2 2 2 2 2 2 2
left_child=1 2 -1 4 -4 -6 8 -3 -2
right_child=6 7 3 -5 5 -7 -8 -9 -10
leaf_value=0.046600602265842811 0.00092130507059591743 0.30855158141292671 -0.31055203465992903 0.011710019204866541 0.013234400367502962 -0.097239851442495431 -0.27190356909338348 0.049194485495701899 0.22016427259513371
leaf_weight=210.31550457607955 17.641813687980175 14.172277208417652 20.618710108101368 338.15251720696688 210.04870181903243 258.96023159660399 3.9282074570655814 31.998874433338642 42.938121400773525
leaf_count=1323 149 101 214 2009 1346 2013 35 232 325
internal_value=0 -0.00838647 -0.0145308 -0.0300673 -0.0589156 -0.0477729 0.129889 0.129426 0.156451
internal_weight=0 1084.27 1038.1 827.78 489.628 469.009 64.5081 46.1712 60.5799
internal_count=7747 7238 6905 5582 3573 3359 509 333 474
is_linear=0
shrinkage=0.3


Tree=16
num_leaves=10
num_cat=0
split_feature=1 1 1 9 0 7 7 7 9
split_gain=11.7706 10.2299 10.5235 8.2384 6.96358 6.85419 9.95127 7.82398 6.19606
threshold=1.0000000180025095e-35 7.5000000000000009 8.5000000000000018 168.50000000000003 40.500000000000007 23.500000000000004 26.500000000000004 14.500000000000002 933.50000000000011
decision_type=2 2 2 2 2 2 2 2 2
left_child=5 8 3 -3 -4 7 -7 -1 -2
right_child=1 2 4 -5 -6 6 -8 -9 -10
leaf_value=0.10572370410468115 -0.040337925013988432 -0.047809542267424919 0.00015937329882767014 0.25120549496053002 0.28486362318675434 0.46056548028292543 0.072267577048239801 -0.061205975422208771 0.075331989393571705
leaf_weight=72.508230946958065 670.78657849691808 11.235518664121626 227.15995618887246 31.155958894640207 7.8787665702402583 9.5195103790611046 15.614894935861228 38.650436965748668 44.325823340564966
leaf_count=471 4624 65 1525 196 50 58 120 269 400
internal_value=0 -0.0141873 0.0347004 0.172047 0.00985004 0.079795 0.220892 0.0476778 -0.0331562
internal_weight=0 992.543 277.43 42.3915 235.039 136.293 25.1344 111.159 715.112
internal_count=7778 6860 1836 261 1575 918 178 740 5024
is_linear=0
shrinkage=0.3


Tree=17
num_leaves=10
num_cat=0
split_feature=6 4 7 7 0 10 7 4 4
split_gain=8.90003 5.51819 4.52249 18.2898 7.89146 7.61468 7.48164 4.04997 4.03644
threshold=1.0000000180025095e-35 38.500000000000007 26.500000000000004 22.500000000000004 62.500000000000007 2.5000000000000004 14.500000000000002 6.5000000000000009 6.5000000000000009
decision_type=2 2 2 2 2 2 2 2 2
left_child=1 8 3 4 6 -5 -3 -2 -1
right_child=7 2 -4 5 -6 -7 -8 -9 -10
leaf_value=-0.014832868344801596 0.026653766625853139 0.040988433583724393 -0.03994841218060069 0.22788530462204057 -0.41497637895446604 -0.025754176451283809 -0.024660626597076074 -0.09784592527336812 -0.13644038592368499
leaf_weight=117.18424050696194 30.409775592386723 442.02704702038318 93.144804734736681 54.616069285199046 3.6878691539168349 13.196942947804926 241.50710928626359 102.90928080491722 30.968280703760684
leaf_count=867 249 2874 689 339 27 113 1647 769 220
internal_value=0 0.0130513 0.0223829 0.0300778 0.0153952 0.178569 0.017793 -0.0694495 -0.0403465
internal_weight=0 996.332 848.18 755.035 687.222 67.813 683.534 133.319 148.153
internal_count=7794 6776 5689 5000 4548 452 4521 1018 1087
is_linear=0
shrinkage=0.3


Tree=18
num_leaves=10
num_cat=0
split_feature=3 7 3 7 4 4 7 10 1
split_gain=7.15116 6.74375 9.34098 7.80625 5.51562 10.4602 4.68826 6.34205 4.99388
threshold=1.5000000000000002 12.500000000000002 2.5000000000000004 6.5000000000000009 1558.5000000000002 586.50000000000011 20.500000000000004 4.5000000000000009 1.0000000180025095e-35
decision_type=2 2 2 2 2 2 2 2 2
left_child=-1 2 3 -2 5 -5 -3 8 -8
right_child=1 6 -4 4 -6 -7 7 -9 -10
leaf_value=-0.022700721213729839 0.034063201894090553 -0.043662268158417609 -0.12509954353258149 0.20494090010615001 0.27779842713765945 -0.08057750932639432 0.31234825082091117 -0.18797258349350801 0.04331618927928952
leaf_weight=680.68887143023312 94.795556975528598 136.07288470584899 19.902005178853869 33.082107685506344 25.159944772720337 17.620158789679408 6.5074209142476311 10.030072514899073 98.751532685011625
leaf_count=4885 574 924 142 202 159 111 39 96 664
internal_value=0 0.0263025 0.0688457 0.0915388 0.163184 0.105763 -0.00596821 0.0385203 0.060301
internal_weight=0 441.922 190.56 170.658 75.8622 50.7023 251.362 115.289 105.259
internal_count=7796 2911 1188 1046 472 313 1723 799 703
is_linear=0
shrinkage=0.3


Tree=19
num_leaves=10
num_cat=0
split_feature=9 1 1 9 0 6 0 4 4
split_gain=5.25783 4.60591 5.52256 8.33284 5.60487 5.46653 4.85535 6.48913 5.4048
threshold=59.500000000000007 1.0000000180025095e-35 3.5000000000000004 475.50000000000006 8.5000000000000018 1.0000000180025095e-35 26.500000000000004 1612.5000000000002 976.50000000000011
decision_type=2 2 2 2 2 2 2 2 2
left_child=-1 5 3 4 -3 6 -2 8 -8
right_child=1 2 -4 -5 -6 -7 7 -9 -10
leaf_value=-0.1917809260697132 0.039679241893134098 0.14904297045339018 0.0068364954188235502 0.032521828190948877 -0.099705055506671261 -0.081990516843794672 0.14375580244891581 0.35785348849849702 -0.26318015222977481
leaf_weight=12.736121844500301 78.78651568852365 8.5175034925341588 731.51631550583988 80.651857402175665 148.29782703798264 22.322271374985576 18.182560250163082 11.458162512630222 3.3798526115715495
leaf_count=491 501 49 4769 522 1069 146 124 73 20
internal_value=0 0.00114555 -0.00606895 -0.0458067 -0.0860857 0.0532218 0.0802786 0.176631 0.0788149
internal_weight=0 1103.11 968.984 237.467 156.815 134.129 111.807 33.0206 21.5624
internal_count=7764 7273 6409 1640 1118 864 718 217 144
is_linear=0
shrinkage=0.3


Tree=20
num_leaves=10
num_cat=0
split_feature=8 7 8 7 0 7 8 2 8
split_gain=4.84677 20.1468 28.5013 21.5719 13.2324 12.3764 10.0768 8.47915 8.36494
threshold=8.5000000000000018 16.500000000000004 9.5000000000000018 18.500000000000004 53.500000000000007 15.500000000000002 10.500000000000002 1.0000000180025095e-35 7.5000000000000009
decision_type=2 2 2 2 2 2 2 2 2
left_child=8 2 5 -3 6 -2 -4 -5 -1
right_child=1 3 4 7 -6 -7 -8 -9 -10
leaf_value=0.0050103190560576299 0.45086179825795064 -0.27266845413998736 -0.18802272395958766 0.37532459849976146 -0.60076318065007372 0.044007675953193853 0.15986764885854379 0.010280419930074865 -0.059638309637413671
leaf_weight=715.10404486954212 26.960576917976141 27.280386444181204 11.897517420351507 6.4453113842755547 3.1914487853646269 8.9922816464677435 19.770243462175131 44.634476984851062 240.64850968960673
leaf_count=4624 151 212 98 49 27 71 160 381 1935
internal_value=0 0.0468482 0.162688 -0.057926 -0.0306613 0.34961 0.0289394 0.0571498 -0.0112732
internal_weight=0 149.172 70.8121 78.3602 34.8592 35.9529 31.6678 51.0798 955.753
internal_count=7708 1149 507 642 285 222 258 430 6559
is_linear=0
shrinkage=0.3


Tree=21
num_leaves=10
num_cat=0
split_feature=9 8 4 0 0 8 9 0 0
split_gain=7.00048 6.50849 5.70164 6.55736 5.88965 10.5972 5.66209 4.72694 6.76284
threshold=1242.5000000000002 9.5000000000000018 18373.000000000004 42.500000000000007 11.500000000000002 2.5000000000000004 139.50000000000003 43.500000000000007 26.500000000000004
decision_type=2 2 2 2 2 2 2 2 2
left_child=1 2 3 4 5 -1 -6 8 -3
right_child=-2 7 -4 -5 6 -7 -8 -9 -10
leaf_value=0.21736040649445446 0.16380945399107219 0.055831215694441619 -0.28700998470435179 0.11394838992214411 -0.0815567656807063 0.0074235135859101638 -0.010474966964147075 -0.097913143892913446 0.29236564725672193
leaf_weight=26.022697869688272 23.324148163199425 34.39175533130765 6.4038314856588832 39.43831804767251 117.8093311265111 125.56638717651367 696.83528634160757 9.5866854079067689 15.8419216517359
leaf_count=155 220 283 46 307 1612 818 4060 86 129
internal_value=0 -0.00188763 -0.00757569 -0.00576071 -0.010661 0.0436127 -0.0207654 0.0941605 0.130969
internal_weight=0 1071.9 1012.08 1005.67 966.234 151.589 814.645 59.8204 50.2337
internal_count=7716 7496 6998 6952 6645 973 5672 498 412
is_linear=0
shrinkage=0.3


Tree=22
num_leaves=10
num_cat=0
split_feature=9 8 8 0 9 8 8 4 3
split_gain=4.14171 4.70945 9.81096 11.5065 12.793 11.4953 23.1428 8.76726 8.07131
threshold=1505.5000000000002 3.5000000000000004 5.5000000000000009 6.5000000000000009 338.50000000000006 7.5000000000000009 6.5000000000000009 -69.999999999999986 1.0000000180025095e-35
decision_type=2 2 2 2 2 2 2 2 2
left_child=1 7 3 -3 -5 6 8 -1 -4
right_child=-2 2 5 4 -6 -7 -8 -9 -10
leaf_value=-0.28116715369531298 0.20316787046611606 0.44466392591434339 -0.16731329089106592 -0.16249673771024825 -0.001701286593668819 -0.020773646730672425 0.3175420082806667 0.03565479090031741 0.051337315154632371
leaf_weight=7.9137870203703633 9.0655022859573346 3.6562346071004859 17.595891047269106 91.468208040110767 86.674064714461565 377.35006966535002 28.957984179258347 356.17391370888799 106.48205344844609
leaf_count=60 98 21 141 746 516 3074 189 2233 692
internal_value=0 0.000924636 -0.013264 -0.0733807 -0.084319 0.00735446 0.0766718 0.0286738 0.0201919
internal_weight=0 1076.27 712.185 181.799 178.142 530.386 153.036 364.088 124.078
internal_count=7770 7672 5379 1283 1262 4096 1022 2293 833
is_linear=0
shrinkage=0.3


Tree=23
num_leaves=10
num_cat=0
split_feature=7 8 7 8 8 2 4 9 10
split_gain=7.01466 6.11759 5.7011 13.6122 30.4966 10.4453 7.42151 7.5379 7.3957
threshold=1.0000000180025095e-35 5.5000000000000009 6.5000000000000009 2.5000000000000004 4.5000000000000009 1.5000000000000002 2333.0000000000005 158.50000000000003 1.0000000180025095e-35
decision_type=2 2 2 2 2 2 2 2 2
left_child=1 -1 3 -2 6 -6 7 -5 -4
right_child=2 -3 8 4 5 -7 -8 -9 -10
leaf_value=-0.070860105215684921 0.099511304175081444 0.33147968142495399 0.041792158328804084 -0.12384688163820777 0.05337248289083233 -0.11745668169412314 0.050810403797439452 -0.40515966545662402 -0.01582671070226541
leaf_weight=4.9795748740434638 47.635244904085994 10.349960148334501 358.35341310780495 12.060480002313851 88.626855127513409 50.442939954809844 5.2286527529358855 30.79875048995018 454.80574819678441
leaf_count=30 281 66 2490 97 645 347 33 175 3516
internal_value=0 0.201272 -0.00232315 -0.0434891 -0.0799278 -0.00864019 -0.285531 -0.326592 0.00956804
internal_weight=0 15.3295 1047.95 234.793 187.158 139.07 48.0879 42.8592 813.159
internal_count=7680 96 7584 1578 1297 992 305 272 6006
is_linear=0
shrinkage=0.3


Tree=24
num_leaves=10
num_cat=0
split_feature=10 9 0 9 9 9 8 8 4
split_gain=4.78646 7.88271 6.35309 4.868 6.07594 4.52877 4.24421 18.6269 7.28062
threshold=5.5000000000000009 873.50000000000011 18.500000000000004 649.50000000000011 437.50000000000006 206.50000000000003 7.5000000000000009 6.5000000000000009 2031.0000000000002
decision_type=2 2 2 2 2 2 2 2 2
left_child=6 2 5 4 -4 -2 7 -1 -9
right_child=1 -3 3 -5 -6 -7 -8 8 -10
leaf_value=0.011177360285255036 -0.24218791416087165 0.27207818185897908 -0.29504936884153221 -0.63860459408177073 0.14642486732578225 0.084270677652357504 -0.01911383311701359 0.37295019348606984 0.011572728614683983
leaf_weight=629.50319075491279 5.3589490922167924 4.5125798285007468 12.83874654769898 2.5806459113955489 3.4968727678060523 12.51192909106612 363.32995366863906 18.204069156199697 6.9199952241033307
leaf_count=4097 98 41 181 18 16 69 2986 128 59
internal_value=0 -0.0971458 -0.143209 -0.263783 -0.200149 -0.0146317 0.00688367 0.0213137 0.273968
internal_weight=0 41.2997 36.7871 18.9163 16.3356 17.8709 1017.96 654.627 25.1241
internal_count=7693 423 382 215 197 167 7270 4284 187
is_linear=0
shrinkage=0.3


Tree=25
num_leaves=10
num_cat=0
split_feature=7 9 7 4 4 1 4 4 9
split_gain=4.02395 7.05131 4.54703 6.33491 5.42946 4.31913 4.98085 4.8848 4.49225
threshold=27.500000000000004 154.50000000000003 28.500000000000004 317.50000000000006 1759.5000000000002 7.5000000000000009 13742.500000000002 7169.5000000000009 379.50000000000006
decision_type=2 2 2 2 2 2 2 2 2
left_child=5 -2 4 -4 -3 6 7 -1 -8
right_child=1 2 3 -5 -6 -7 8 -9 -10
leaf_value=-0.012000542049796413 -0.29544414791481999 -0.19105228798203092 0.15963028569150112 -0.066723359259953638 0.14157137360149871 0.035829940749981477 -0.072359734042214324 0.1329557831380089 -0.54951173362650996
leaf_weight=709.395079347305 10.502178440336136 23.115721723064784 18.451949944719672 27.632546795532107 5.3555930219590655 243.21460240473971 4.833136952482163 21.433074711821973 2.7245171070098877
leaf_count=5196 205 153 113 193 36 1669 32 157 17
internal_value=0 -0.0668065 -0.0341572 0.0240948 -0.128137 0.00116692 -0.0102548 -0.00772728 -0.250543
internal_weight=0 85.058 74.5558 46.0845 28.4713 981.6 738.386 730.828 7.55765
internal_count=7771 700 495 306 189 7071 5402 5353 49
is_linear=0
shrinkage=0.3


Tree=26
num_leaves=10
num_cat=0
split_feature=4 7 7 8 4 4 7 4 7
split_gain=4.45799 5.12415 5.50495 6.92549 4.67057 6.87075 6.00915 5.77482 5.16658
threshold=800.50000000000011 20.500000000000004 27.500000000000004 7.5000000000000009 1101.5000000000002 1175.0000000000002 3.5000000000000004 1274.0000000000002 12.500000000000002
decision_type=2 2 2 2 2 2 2 2 2
left_child=-1 4 -3 -4 -2 6 -6 -7 -9
right_child=1 2 3 -5 5 7 -8 8 -10
leaf_value=-0.013958912787862885 0.083719798249316066 0.13538918009700818 0.062546809690866872 -0.25945302312583973 0.12336565117931035 0.18699718296783108 -0.31804928847174768 0.030486090647254833 -0.053478518949386329
leaf_weight=603.98389579774812 61.533963597379625 66.181235115043819 24.827224338892847 7.7942418949678531 3.6353259012103072 14.490457707084714 10.881148544140158 148.96561414562166 118.15896277315915
leaf_count=4509 425 495 204 74 24 103 73 998 849
internal_value=0 0.0253206 0.0857502 -0.0150886 0.00860305 -0.00703454 -0.207397 0.00338143 -0.0066622
internal_weight=0 456.468 98.8027 32.6215 357.665 296.132 14.5165 281.615 267.125
internal_count=7754 3245 773 278 2472 2047 97 1950 1847
is_linear=0
shrinkage=0.3


Tree=27
num_leaves=10
num_cat=0
split_feature=1 8 8 9 8 8 6 8 5
split_gain=4.94703 5.10478 4.25233 4.23631 6.78033 6.67245 5.86065 5.98556 14.1303
threshold=1.0000000180025095e-35 4.5000000000000009 1.0000000180025095e-35 531.50000000000011 1.0000000180025095e-35 8.5000000000000018 1.0000000180025095e-35 7.5000000000000009 1.0000000180025095e-35
decision_type=2 2 2 2 2 2 2 2 2
left_child=1 2 -1 5 -5 6 7 -2 -9
right_child=3 -3 -4 4 -6 -7 -8 8 -10
leaf_value=0.0098892341727314127 0.00016879271246261499 0.016394682115017635 0.2116193375948236 -0.14557484202192977 0.049781915429442485 0.05646382154740795 -0.11186550431136673 0.077642514560548812 -0.14168650183103457
leaf_weight=14.131688069552181 430.59379518404603 83.639237145427614 28.063328326679766 17.317783949896693 192.25671043805778 101.26623945496976 64.764116398990154 38.010998880490661 86.197606976609677
leaf_count=85 2764 651 170 146 1397 830 570 214 873
internal_value=0 0.0593809 0.144287 -0.00396893 0.0335615 -0.0148844 -0.0265552 -0.0165735 -0.0745556
internal_weight=0 125.834 42.195 930.407 209.574 720.833 619.567 554.802 124.209
internal_count=7700 906 255 6794 1543 5251 4421 3851 1087
is_linear=0
shrinkage=0.3


Tree=28
num_leaves=10
num_cat=0
split_feature=9 4 4 1 4 10 9 4 9
split_gain=4.33822 2.81286 5.31391 2.79448 3.48347 2.70599 3.46639 2.17259 8.92637
threshold=1275.5000000000002 623.50000000000011 280.50000000000006 10.500000000000002 912.50000000000011 10.500000000000002 558.50000000000011 947.50000000000011 1150.5000000000002
decision_type=2 2 2 2 2 2 2 2 2
left_child=3 2 -2 5 -5 7 -7 -1 -9
right_child=1 -3 -4 4 -6 6 -8 8 -10
leaf_value=-0.010324137347124202 0.22023053939091403 0.28692243356628755 -0.24235547889237596 0.024578627462388196 -0.42252878848054565 -0.27577460604174542 0.13448381363736991 0.022855048731182166 -0.43118117310736109
leaf_weight=619.721494727768 5.5708312094211596 7.4730654396116725 3.5548276044428349 3.07483185827732 3.0478431032970548 6.5612659230828267 2.4763959348201752 385.39286171970889 3.8114522844552985
leaf_count=4592 67 94 37 24 22 105 16 2723 39
internal_value=0 0.152041 0.0391899 -0.001994 -0.202009 -0.00076621 -0.163058 0.000707667 0.018271
internal_weight=0 16.5987 9.12566 1024.09 6.12267 1017.96 9.03766 1008.93 389.204
internal_count=7719 198 104 7521 46 7475 121 7354 2762
is_linear=0
shrinkage=0.3


Tree=29
num_leaves=10
num_cat=0
split_feature=7 7 7 3 9 9 2 3 9
split_gain=4.48964 3.75298 3.64413 4.50522 8.63934 4.00107 2.99641 5.80588 3.74979
threshold=6.5000000000000009 1.0000000180025095e-35 12.500000000000002 1.0000000180025095e-35 416.50000000000006 80.500000000000014 1.0000000180025095e-35 1.0000000180025095e-35 577.50000000000011
decision_type=2 2 2 2 2 2 2 2 2
left_child=1 -1 3 4 -2 -5 7 -4 -8
right_child=2 -3 6 5 -6 -7 8 -9 -10
leaf_value=0.11413002202374981 -0.19671692250802478 -0.046415660079779868 0.26830721560518167 0.30654122166243963 0.148754603160446 0.051355216564746668 0.0021164498052217658 0.019410645814899621 -0.061005490394259176
leaf_weight=13.771847112104295 17.611937870271507 231.66147832991555 9.7846153290010971 5.5850750477984539 10.183785837143658 181.3834774531424 401.4569318331778 56.820016563870013 107.22209258005023
leaf_count=93 168 1578 73 107 69 1197 3144 449 820
internal_value=0 -0.0373533 0.00908883 0.0424231 -0.0700434 0.0591787 -0.00336202 0.0564112 -0.0112005
internal_weight=0 245.433 790.048 214.764 27.7957 186.969 575.284 66.6046 508.679
internal_count=7698 1671 6027 1541 237 1304 4486 522 3964
is_linear=0
shrinkage=0.3


Tree=30
num_leaves=10
num_cat=0
split_feature=0 7 9 9 9 4 4 9 10
split_gain=2.93174 21.3405 2.27155 3.00537 2.25375 7.32909 4.41597 4.41044 5.04063
threshold=6.5000000000000009 6.5000000000000009 335.50000000000006 133.50000000000003 249.50000000000003 462.50000000000006 -69.999999999999986 264.50000000000006 2.5000000000000004
decision_type=2 2 2 2 2 2 2 2 2
left_child=1 -1 3 -3 5 6 -2 -6 -9
right_child=4 2 -4 -5 7 -7 -8 8 -10
leaf_value=-0.42796622946897855 -0.25919972735733265 0.35055861561039614 0.37361622106642622 0.065501426266216314 0.10933015260588454 0.014572379648603655 -0.055101635340551187 -0.01036470832874766 0.066640849350957557
leaf_weight=5.4434898383915451 10.024353832472114 4.9413253944367197 6.782632013782858 9.9292612262070161 36.568916788324714 230.63236929662526 162.7402349433396 475.9615081101656 91.025784008204937
leaf_count=39 179 32 62 72 220 1859 1585 3060 571
internal_value=0 0.0967041 0.230311 0.162365 -0.0030689 -0.020426 -0.0671238 0.00853383 0.00201001
internal_weight=0 27.0967 21.6532 14.8706 1006.95 403.397 172.765 603.556 566.987
internal_count=7679 205 166 104 7474 3623 1764 3851 3631
is_linear=0
shrinkage=0.3


Tree=31
num_leaves=10
num_cat=0
split_feature=1 8 5 7 0 7 0 8 4
split_gain=3.3731 3.37707 28.2616 21.6662 6.7685 5.74369 9.6436 5.88182 7.67148
threshold=1.0000000180025095e-35 1.0000000180025095e-35 1.0000000180025095e-35 19.500000000000004 23.500000000000004 17.500000000000004 19.500000000000004 9.5000000000000018 471.50000000000006
decision_type=2 2 2 2 2 2 2 2 2
left_child=-1 2 -2 4 -4 6 -3 8 -7
right_child=1 5 3 -5 -6 7 -8 -9 -10
leaf_value=0.042536507908072889 0.22316493989812786 0.045190224906974906 -0.2731788587422489 0.32750252567436589 -0.013012610441200365 -0.11831271427935473 -0.035300704906100468 0.10914347195980434 -0.015630578430904155
leaf_weight=126.90643436461687 42.951167993247509 252.03290201770142 29.550336346030235 8.4928914383053762 12.935885878279803 119.30662131099962 285.67591367289424 19.284754037857056 145.066937554162
leaf_count=924 273 1799 177 47 74 1035 2155 185 1115
internal_value=0 -0.00963071 0.0442184 -0.106726 -0.194237 -0.0157946 0.00242845 -0.0503245 -0.0620032
internal_weight=0 915.297 93.9303 50.9791 42.4862 821.367 537.709 283.658 264.374
internal_count=7784 6860 571 298 251 6289 3954 2335 2150
is_linear=0
shrinkage=0.3


Tree=32
num_leaves=10
num_cat=0
split_feature=9 10 7 8 8 8 8 8 8
split_gain=3.20787 6.42547 5.42867 11.6953 37.5907 10.4249 15.1297 14.5117 9.41308
threshold=251.50000000000003 3.5000000000000004 13.500000000000002 3.5000000000000004 1.5000000000000002 8.5000000000000018 9.5000000000000018 7.5000000000000009 6.5000000000000009
decision_type=2 2 2 2 2 2 2 2 2
left_child=1 2 5 4 -4 7 -7 8 -1
right_child=-2 -3 3 -5 -6 6 -8 -9 -10
leaf_value=0.023022666449168609 0.018511534907982206 -0.15128411901175226 -0.045929672164403239 -0.10016977403405265 0.53425826296225531 0.41409734388277258 -0.032443019856178319 -0.18668562847093714 0.36217989672206008
leaf_weight=137.56710693472996 613.18812972865999 29.074073248077184 57.790584288537502 117.04920434951782 12.036803562194107 14.171588305383922 13.040610473603008 30.284563547931612 7.6576599813997737
leaf_count=870 3963 504 376 1293 64 76 96 436 54
internal_value=0 -0.015549 -0.00537418 -0.0422432 0.0548625 0.0286183 0.200941 0.00177558 0.0412039
internal_weight=0 418.672 389.598 186.877 69.8274 202.722 27.2122 175.509 145.225
internal_count=7732 3769 3265 1733 440 1532 172 1360 924
is_linear=0
shrinkage=0.3


Tree=33
num_leaves=10
num_cat=0
split_feature=4 7 0 7 4 0 1 7 0
split_gain=3.62156 5.27908 5.63254 4.8882 4.70269 4.19237 3.52756 4.75004 3.13343
threshold=486.50000000000006 2.5000000000000004 8.5000000000000018 3.5000000000000004 1158.5000000000002 17.500000000000004 7.5000000000000009 1.0000000180025095e-35 30.500000000000004
decision_type=2 2 2 2 2 2 2 2 2
left_child=8 2 -2 4 5 -3 7 -4 -1
right_child=1 3 6 -5 -6 -7 -8 -9 -10
leaf_value=0.032950751155561432 -0.45396713321216176 -0.23733829566543263 0.1364840341626703 -0.013161001449864811 0.23539525935304739 0.20318463551283508 0.067872533561478099 -0.17850136090446686 -0.027050119389299441
leaf_weight=365.20754454180133 3.8465441614389411 4.5483402451500323 5.0123768765479317 482.01459602778777 13.948208188638089 3.209231635555625 10.788845021277664 27.407512709498405 99.610812644707039
leaf_count=2887 26 30 37 3658 96 20 73 178 778
internal_value=0 -0.0158652 -0.111822 -0.00687563 0.131975 -0.0547646 -0.0801363 -0.129463 0.0200887
internal_weight=0 550.776 47.0553 503.72 21.7058 7.75757 43.2087 32.4199 464.818
internal_count=7783 4118 314 3804 146 50 288 215 3665
is_linear=0
shrinkage=0.3


Tree=34
num_leaves=10
num_cat=0
split_feature=7 7 8 8 7 10 1 4 7
split_gain=2.72008 10.6725 5.2809 12.0141 11.7541 6.27476 5.83741 4.34937 4.14056
threshold=8.5000000000000018 9.5000000000000018 2.5000000000000004 3.5000000000000004 6.5000000000000009 1.5000000000000002 5.5000000000000009 1927.0000000000002 3.5000000000000004
decision_type=2 2 2 2 2 2 2 2 2
left_child=2 -2 5 4 -4 -1 -5 -7 -8
right_child=1 -3 3 6 -6 7 8 -9 -10
leaf_value=-0.0028892666644693148 0.24957293647135997 -0.00048830158507060569 -0.21721411890022518 -0.051332212732696544 0.22818926726731525 0.33431215077573001 0.14848482735433369 -0.01275308116767024 -0.0028552106567385242
leaf_weight=49.976878816261888 15.585580842569469 688.80976260919124 50.298912696540356 123.59247235022485 5.8603330804035059 9.7396628027781826 27.183448646217585 4.8326909970492116 40.239667388144881
leaf_count=304 113 5413 313 957 46 66 180 33 326
internal_value=0 0.00508811 -0.0285647 -0.0485158 -0.17033 0.0477788 -0.0126137 0.220088 0.0583243
internal_weight=0 704.395 311.724 247.175 56.1592 64.5492 191.016 14.5724 67.4231
internal_count=7751 5526 2225 1822 359 403 1463 99 506
is_linear=0
shrinkage=0.3


Tree=35
num_leaves=10
num_cat=0
split_feature=8 8 7 8 7 7 7 7 8
split_gain=2.83232 11.9112 5.46528 8.97998 57.9653 12.4518 7.25214 8.53208 6.43528
threshold=1.5000000000000002 2.5000000000000004 27.500000000000004 4.5000000000000009 6.5000000000000009 26.500000000000004 23.500000000000004 3.5000000000000004 4.5000000000000009
decision_type=2 2 2 2 2 2 2 2 2
left_child=-1 -2 3 4 -3 -6 7 -5 -4
right_child=1 2 8 6 5 -7 -8 -9 -10
leaf_value=-0.025269411012838711 0.30331956244563812 -0.13115654606664279 -0.26720895828689634 0.083660369354973729 0.38985053422393429 -0.021432534120212017 0.097559061836118663 -0.026653610546999794 -0.025835822438105765
leaf_weight=257.03245851397514 12.228104788810013 50.118193967267871 13.180798180401323 72.893986443057656 41.998733495362103 7.8464836645871392 60.773559713270515 464.49469253490679 39.435245495289564
leaf_count=1705 80 314 103 497 282 63 510 3826 393
internal_value=0 0.0111353 0.00632623 0.0133588 0.0965294 0.325216 -0.000557754 -0.011674 -0.0867943
internal_weight=0 762.97 750.742 698.126 99.9634 49.8452 598.162 537.389 52.616
internal_count=7773 6068 5988 5492 659 345 4833 4323 496
is_linear=0
shrinkage=0.3


Tree=36
num_leaves=10
num_cat=0
split_feature=10 0 8 8 8 10 7 0 0
split_gain=1.95941 2.90047 3.58436 1.91727 7.39896 5.02716 4.97751 6.58661 4.93617
threshold=10.500000000000002 12.500000000000002 5.5000000000000009 1.5000000000000002 2.5000000000000004 1.0000000180025095e-35 16.500000000000004 10.500000000000002 11.500000000000002
decision_type=2 2 2 2 2 2 2 2 2
left_child=3 -2 -3 5 -5 6 -1 -8 -7
right_child=1 2 -4 4 -6 8 7 -9 -10
leaf_value=-0.021595197213989881 0.2165351948232718 -0.074294886872851865 -0.56091724802331133 0.25585997722365811 0.0061253608992360006 0.13405013244910208 -0.24727274264692153 0.15809270876811046 -0.069652911410167426
leaf_weight=60.203862963244319 1.4485250008292485 4.0236790984636173 1.9710915219038723 10.707367703318594 743.11788972141221 11.460991553962229 3.9124041702598324 34.643514405936003 142.35033108107746
leaf_count=354 19 68 32 80 5921 72 36 221 962
internal_value=0 -0.151077 -0.242525 0.00213518 0.00971464 -0.0204801 0.0323145 0.116289 -0.0543773
internal_weight=0 7.4433 5.99477 1006.4 753.825 252.571 98.7598 38.5559 153.811
internal_count=7765 119 100 7646 6001 1645 611 257 1034
is_linear=0
shrinkage=0.3


Tree=37
num_leaves=10
num_cat=0
split_feature=7 8 8 8 7 7 7 4 8
split_gain=1.89047 13.3978 8.82264 12.7566 6.55682 14.2374 4.65698 4.10501 3.75655
threshold=19.500000000000004 1.0000000180025095e-35 5.5000000000000009 6.5000000000000009 24.500000000000004 22.500000000000004 25.500000000000004 -221.49999999999997 1.0000000180025095e-35
decision_type=2 2 2 2 2 2 2 2 2
left_child=8 6 -3 -4 5 -5 -2 -6 -1
right_child=1 2 3 4 7 -7 -8 -9 -10
leaf_value=-0.072525678843189251 0.36159549830197824 -0.055961779346731452 0.36280494466443919 0.015626646018021995 -0.43192643479819909 0.39651100941474776 0.12064018199483419 -0.030890897260757597 0.00034079232571746816
leaf_weight=70.414107779040933 10.974455736577509 127.19530453591142 11.100597135256974 38.604783331044018 2.2868956038728347 11.331655090674756 21.269686136394739 48.784728556638584 654.40163894090801
leaf_count=420 68 1088 66 352 32 78 166 446 5005
internal_value=0 0.022593 -0.00190843 0.059413 0.0256616 0.102836 0.203735 -0.0498642 -0.00674935
internal_weight=0 271.548 239.304 112.109 101.008 49.9364 32.2441 51.0716 724.816
internal_count=7721 2296 2062 974 908 430 234 478 5425
is_linear=0
shrinkage=0.3


Tree=38
num_leaves=10
num_cat=0
split_feature=9 4 6 4 9 10 10 3 9
split_gain=2.95347 7.25187 3.65746 3.55635 4.29939 3.47222 3.41626 3.34853 2.61329
threshold=551.50000000000011 -1.0000000180025095e-35 1.0000000180025095e-35 -1.0000000180025095e-35 408.50000000000006 7.5000000000000009 5.5000000000000009 2.5000000000000004 797.50000000000011
decision_type=2 2 2 2 2 2 2 2 2
left_child=3 -2 5 4 -1 6 7 -3 -4
right_child=1 2 8 -5 -6 -7 -8 -9 -10
leaf_value=-0.17400554045591179 0.23449122369568526 0.014473621506571816 0.037495171017368246 0.00095414762442291119 0.07431051753750724 0.25432130107747614 -0.26110337359559321 -0.1916656920803054 0.22592842807704216
leaf_weight=21.848977133515294 15.315700214356182 160.85626099910587 14.419696107506754 747.10857682570349 8.7006434798240644 4.7868917733430854 4.3178482912480822 7.2934267967939368 12.22287981957197
leaf_count=309 101 1246 75 5716 40 34 30 60 110
internal_value=0 0.0362603 0.021235 -0.0031562 -0.10327 0.00562165 -0.00146114 0.00539602 0.124598
internal_weight=0 219.213 203.897 777.658 30.5496 177.254 172.468 168.15 26.6426
internal_count=7721 1656 1555 6065 349 1370 1336 1306 185
is_linear=0
shrinkage=0.3


end of trees

feature_importances:
Column_8=74
Column_9=65
Column_7=58
Column_4=44
Column_0=42
Column_10=22
Column_1=13
Column_3=12
Column_5=10
Column_6=7
Column_2=4

parameters:
[boosting: gbdt]
[objective: binary]
[metric: auc,l2]
[tree_learner: serial]
[device_type: cpu]
[linear_tree: 0]
[data: ]
[valid: ]
[num_iterations: 200]
[learning_rate: 0.3]
[num_leaves: 10]
[num_threads: -1]
[deterministic: 0]
[force_col_wise: 0]
[force_row_wise: 0]
[histogram_pool_size: -1]
[max_depth: 6]
[min_data_in_leaf: 20]
[min_sum_hessian_in_leaf: 0.001]
[bagging_fraction: 0.866696]
[pos_bagging_fraction: 1]
[neg_bagging_fraction: 1]
[bagging_freq: 1]
[bagging_seed: 3]
[feature_fraction: 0.701665]
[feature_fraction_bynode: 1]
[feature_fraction_seed: 2]
[extra_trees: 0]
[extra_seed: 6]
[early_stopping_round: 2]
[first_metric_only: 0]
[max_delta_step: 0]
[lambda_l1: 0]
[lambda_l2: 0.125604]
[linear_lambda: 0]
[min_gain_to_split: 0]
[drop_rate: 0.1]
[max_drop: 50]
[skip_drop: 0.5]
[xgboost_dart_mode: 0]
[uniform_drop: 0]
[drop_seed: 4]
[top_rate: 0.2]
[other_rate: 0.1]
[min_data_per_group: 100]
[max_cat_threshold: 32]
[cat_l2: 10]
[cat_smooth: 10]
[max_cat_to_onehot: 4]
[top_k: 20]
[monotone_constraints: ]
[monotone_constraints_method: basic]
[monotone_penalty: 0]
[feature_contri: ]
[forcedsplits_filename: ]
[refit_decay_rate: 0.9]
[cegb_tradeoff: 1]
[cegb_penalty_split: 0]
[cegb_penalty_feature_lazy: ]
[cegb_penalty_feature_coupled: ]
[path_smooth: 0]
[interaction_constraints: ]
[verbosity: -1]
[saved_feature_importance_type: 0]
[max_bin: 255]
[max_bin_by_feature: ]
[min_data_in_bin: 3]
[bin_construct_sample_cnt: 200000]
[data_random_seed: 1]
[is_enable_sparse: 1]
[enable_bundle: 1]
[use_missing: 1]
[zero_as_missing: 0]
[feature_pre_filter: 1]
[pre_partition: 0]
[two_round: 0]
[header: 0]
[label_column: ]
[weight_column: ]
[group_column: ]
[ignore_column: ]
[categorical_feature: ]
[forcedbins_filename: ]
[objective_seed: 5]
[num_class: 1]
[is_unbalance: 0]
[scale_pos_weight: 1]
[sigmoid: 1]
[boost_from_average: 1]
[reg_sqrt: 0]
[alpha: 0.9]
[fair_c: 1]
[poisson_max_delta_step: 0.7]
[tweedie_variance_power: 1.5]
[lambdarank_truncation_level: 30]
[lambdarank_norm: 1]
[label_gain: ]
[eval_at: ]
[multi_error_top_k: 1]
[auc_mu_weights: ]
[num_machines: 1]
[local_listen_port: 12400]
[time_out: 120]
[machine_list_filename: ]
[machines: ]
[gpu_platform_id: -1]
[gpu_device_id: -1]
[gpu_use_dp: 0]
[num_gpu: 1]

end of parameters

pandas_categorical:null
