tree
version=v3
num_class=1
num_tree_per_iteration=1
label_index=0
max_feature_idx=44
objective=binary sigmoid:1
feature_names=Column_0 Column_1 Column_2 Column_3 Column_4 Column_5 Column_6 Column_7 Column_8 Column_9 Column_10 Column_11 Column_12 Column_13 Column_14 Column_15 Column_16 Column_17 Column_18 Column_19 Column_20 Column_21 Column_22 Column_23 Column_24 Column_25 Column_26 Column_27 Column_28 Column_29 Column_30 Column_31 Column_32 Column_33 Column_34 Column_35 Column_36 Column_37 Column_38 Column_39 Column_40 Column_41 Column_42 Column_43 Column_44
feature_infos=[0:75] [0:11] [0:2] [0:3] [-6847:81204] [0:1] [0:1] [0:30] [0:11] [2:3881] [0:35] [0:1] [2144:81204] [847:3881] [621.94444444444446:2144] [300.14999999999998:847] none none none none [0:1] [0:1] [0:1] [0:1] [0:1] [0:1] [0:1] none [0:1] [0:1] [0:1] [0:1] [0:1] none none [0:1] [0:1] [0:1] [0:1] [0:1] [0:1] [0:1] [0:1] [0:1] [0:1]
tree_sizes=3254 3233 3251 3266 3258 3245 3258 3253 3282 3258 3271 3251 3259 3263 3266 3241 3264 3270 3275 3238 3257 3243 3257 3262 3280 3265 3267

Tree=0
num_leaves=30
num_cat=0
split_feature=9 9 5 9 4 8 8 5 8 9 0 8 9 0 8 8 10 0 4 3 4 8 9 9 26 0 4 4 15
split_gain=1345.06 407.227 328.856 96.9603 87.2532 71.0185 61.0313 54.9819 47.1276 35.9632 35.8452 36.4239 34.3528 33.731 32.8019 31.8018 30.101 29.7793 24.2107 24.1629 19.2419 18.9454 18.3782 15.8155 17.7437 14.9452 17.7912 13.1861 11.7169
threshold=176.50000000000003 475.50000000000006 1.0000000180025095e-35 114.50000000000001 52.500000000000007 9.5000000000000018 9.5000000000000018 1.0000000180025095e-35 7.5000000000000009 654.50000000000011 42.500000000000007 9.5000000000000018 392.50000000000006 11.500000000000002 6.5000000000000009 3.5000000000000004 2.5000000000000004 41.500000000000007 86.500000000000014 1.5000000000000002 976.50000000000011 9.5000000000000018 395.50000000000006 323.50000000000006 1.0000000180025095e-35 11.500000000000002 947.50000000000011 947.50000000000011 369.40107043143729
decision_type=2 2 2 2 2 2 2 2 2 2 2 2 2 2 2 2 2 2 2 2 2 2 2 2 2 2 2 2 2
left_child=3 2 4 21 17 8 7 16 14 -3 11 13 -10 -6 20 -9 18 -2 -5 23 22 -1 -4 24 27 -20 -27 -15 -22
right_child=1 9 5 6 10 -7 -8 15 12 -11 -12 -13 -14 19 -16 -17 -18 -19 25 -21 28 -23 -24 -25 -26 26 -28 -29 -30
leaf_value=-0.41893098261494166 -0.22461408959109241 0.10584519264499798 -0.28258408615677622 -0.31353854512192703 0.17649277242378011 0.21233370318453812 0.11213082243464845 -0.16128958946598337 -0.37719405615447654 0.22299383337196868 0.26161898083470403 0.24827027243561803 -0.12311809335523363 -0.33186307245795188 0.26778491464785348 -0.4213715847630316 -0.3794245791121893 0.25745920671576938 0.10797110197834733 0.069925766820977925 0.055197800414249376 -0.12648728767080808 -0.0017260073037743684 0.038072691760205973 -0.016100641175107927 -0.22862850692184056 -0.024805818623595349 -0.091490394141382728 -0.15736011066255412
leaf_weight=320.81218627095222 51.389821439981461 172.38042046129704 69.101847276091576 22.950794041156769 55.381263881921768 13.471118241548536 17.213095530867577 23.699189499020576 116.00129596889019 282.64401791989803 42.409075945615768 37.669238045811653 26.193841025233269 18.959351599216461 6.2366288155317298 96.293548911809921 24.447584956884384 5.2387682050466529 13.221653088927267 102.28071257472038 15.716304615139959 9.2302106469869596 10.477536410093306 36.920842587947845 32.18100468814373 31.931539535522461 35.922981977462769 17.213095530867577 28.439027398824692
leaf_count=1286 206 691 277 92 222 54 69 95 465 1133 170 151 105 76 25 386 98 21 53 410 63 37 42 148 129 128 144 69 114
internal_value=-0.0925736 0.0322915 -0.0651496 -0.338392 0.0519113 -0.228901 -0.248029 -0.273317 -0.251225 0.178862 0.0898523 0.0651081 -0.330644 0.03831 -0.163796 -0.370469 -0.181901 -0.17752 -0.134406 0.000918107 -0.186822 -0.410812 -0.245292 -0.0665486 -0.123562 -0.082723 -0.120997 -0.218922 -0.0809495
internal_weight=0 1140.31 685.281 595.723 399.643 285.638 265.68 248.467 272.166 455.024 343.015 300.606 142.195 262.936 129.971 119.993 128.475 56.6286 104.027 207.555 123.735 330.042 79.5794 105.274 68.3535 81.0762 67.8545 36.1724 44.1553
internal_count=6959 4571 2747 2388 1602 1145 1065 996 1091 1824 1375 1205 570 1054 521 481 515 227 417 832 496 1323 319 422 274 325 272 145 177
is_linear=0
shrinkage=1


Tree=1
num_leaves=30
num_cat=0
split_feature=9 9 5 9 8 5 4 8 4 8 9 8 9 10 9 8 6 3 42 8 8 7 8 8 8 8 8 7 8
split_gain=896.575 214.261 189.247 118.888 63.9474 55.4298 42.7014 35.433 30.9795 28.2992 26.5853 24.4729 22.5555 21.9932 19.9653 20.3496 18.9115 17.1215 15.5638 15.5145 15.2116 15.1828 15.0503 13.7541 13.4658 12.9776 12.1624 11.7894 15.1467
threshold=206.50000000000003 475.50000000000006 1.0000000180025095e-35 129.50000000000003 9.5000000000000018 1.0000000180025095e-35 52.500000000000007 9.5000000000000018 107.50000000000001 7.5000000000000009 766.50000000000011 3.5000000000000004 392.50000000000006 2.5000000000000004 77.500000000000014 9.5000000000000018 1.0000000180025095e-35 1.5000000000000002 1.0000000180025095e-35 6.5000000000000009 8.5000000000000018 15.500000000000002 8.5000000000000018 6.5000000000000009 9.5000000000000018 1.0000000180025095e-35 1.0000000180025095e-35 15.500000000000002 8.5000000000000018
decision_type=2 2 2 2 2 2 2 2 2 2 2 2 2 2 2 2 2 2 2 2 2 2 2 2 2 2 2 2 2
left_child=3 2 6 14 5 8 20 9 -5 19 18 17 -11 21 -1 25 24 -7 -3 -4 -2 23 -23 -10 26 -16 -8 -28 -29
right_child=1 10 7 4 -6 11 16 -9 13 12 -12 -13 -14 -15 15 -17 -18 -19 -20 -21 -22 22 -24 -25 -26 -27 27 28 -30
leaf_value=-0.30763048016350675 -0.09404127768035693 0.21012513835246099 -0.063437887218327202 -0.19942697426093559 0.23351178134950953 -0.15004480791806751 0.27762612451336754 0.23192413204186174 0.067290611140599962 -0.2359444504082705 0.27199878630752722 -0.25084685596365625 -0.024586972776584917 -0.18746885948459968 -0.019802943504838234 0.090865639280383104 -0.046845847823028912 0.18563754907956853 0.10325947443282074 0.28518825162481298 0.21427743213132736 0.01206172332894927 -0.32080013051074308 0.30165230421538175 0.28069608430865334 -0.23840417163658911 0.17411778283806034 0.10952688882625461 -0.14142622757198961
leaf_weight=166.71871784329414 39.984708487987518 161.59048439562321 103.72896391153336 33.250475272536278 22.586592569947243 16.860547691583633 27.63306687772274 11.618549749255179 46.979433879256248 90.01029759645462 205.92934504151344 105.10329994559288 26.150776371359825 17.277628466486931 11.616942822933195 8.2192207872867566 16.618131309747696 8.9049795269966143 84.504965960979462 4.9114245176315299 7.1515553891658774 35.070577248930931 5.9563583880662909 12.420415222644804 39.129971355199814 189.20347321033478 126.2728622853756 70.572844386100769 10.717176228761671
leaf_count=696 162 650 420 136 91 68 111 47 189 373 834 437 105 71 48 33 67 36 340 20 29 141 24 50 159 787 508 284 43
internal_value=0 0.115776 0.034672 -0.180215 -0.0871211 -0.113162 0.130589 -0.102476 -0.0303947 -0.120204 0.218713 -0.208185 -0.188651 0.0179545 -0.255431 -0.213207 0.159164 -0.0327887 0.173694 -0.0465245 -0.0456204 0.0539998 -0.039329 0.118265 0.171702 -0.225834 0.153049 0.135878 0.075823
internal_weight=0 1026.53 574.5 680.169 304.41 281.824 338.08 236.42 150.955 224.801 452.025 130.869 116.161 117.704 375.758 209.04 290.944 25.7655 246.095 108.64 47.1363 100.427 41.0269 59.3998 274.326 200.82 235.196 207.563 81.29
internal_count=6959 4152 2328 2807 1243 1152 1363 965 611 918 1824 541 478 475 1564 868 1172 104 990 440 191 404 165 239 1105 835 946 835 327
is_linear=0
shrinkage=0.2


Tree=2
num_leaves=30
num_cat=0
split_feature=9 9 9 41 11 8 43 9 8 8 0 8 0 8 8 41 3 9 7 25 0 8 8 7 7 3 36 38 7
split_gain=653.293 144.704 83.7996 82.3915 54.5293 39.4146 41.0317 35.5491 26.1364 32.4112 25.4877 24.704 25.1841 22.6059 37.7786 20.6865 17.8137 17.4982 15.9692 15.8357 15.7766 15.2733 14.7375 51.1426 14.6275 14.4185 9.30572 8.5176 8.46372
threshold=206.50000000000003 392.50000000000006 129.50000000000003 1.0000000180025095e-35 1.0000000180025095e-35 9.5000000000000018 1.0000000180025095e-35 636.50000000000011 9.5000000000000018 3.5000000000000004 41.500000000000007 9.5000000000000018 7.5000000000000009 7.5000000000000009 6.5000000000000009 1.0000000180025095e-35 1.5000000000000002 77.500000000000014 3.5000000000000004 1.0000000180025095e-35 6.5000000000000009 9.5000000000000018 8.5000000000000018 15.500000000000002 19.500000000000004 1.5000000000000002 1.0000000180025095e-35 1.0000000180025095e-35 4.5000000000000009
decision_type=2 2 2 2 2 2 2 2 2 2 2 2 2 2 2 2 2 2 2 2 2 2 2 2 2 2 2 2 2
left_child=2 3 17 8 10 6 13 15 9 24 11 12 -5 14 25 -3 19 -1 -11 28 -19 -22 -15 -24 -2 -4 -21 -20 -14
right_child=1 7 5 4 -6 -7 -8 -9 -10 18 -12 -13 16 22 -16 -17 -18 20 27 26 21 -23 23 -25 -26 -27 -28 -29 -30
leaf_value=-0.27382569377772786 -0.01612851565282954 0.050605320204896942 -0.15447413452595216 0.30621265052588376 -0.18476950274867565 0.18121191345367191 0.1527293571754775 0.21759137420096752 0.24916439442596899 0.062608308622390682 0.27332109841126212 0.26867389758882299 0.102562697711026 -0.24385375146150975 0.28527676923316947 0.16452520313833341 0.10388000330340433 0.15219669110644118 -0.22558926839617879 0.11294937499807177 -0.20428789277133072 0.070933532888239753 0.29193148655762124 -0.27513214860089424 0.26800437325171922 -0.023014018903307495 -0.16159030098281515 -0.11318011328102634 -0.13918439552228762
leaf_weight=157.39215436577797 40.445949748158455 113.44720183312893 82.718740433454514 15.079660087823866 26.343909114599228 21.181839287281036 23.195334747433662 285.99914644658566 8.3817001879215223 11.799194574356077 34.869443967938423 26.312872931361198 6.4338027983903876 72.37055629491806 10.436418563127516 146.82491284608841 85.022114470601082 5.1395482569932929 67.208101645112038 31.334129691123962 183.48202453553677 8.2176402658224088 9.5964802205562609 16.878061398863792 8.3510756492614728 56.044244214892387 5.4228694438934317 47.730594962835312 39.253490105271339
leaf_count=715 165 460 346 62 112 88 94 1206 35 49 146 112 26 318 43 601 346 22 288 127 806 33 40 73 34 231 22 204 159
internal_value=0 0.0995722 -0.158293 0.0160945 0.0863458 -0.078867 -0.0994537 0.168875 -0.0870234 -0.103694 0.115947 0.0891223 0.0626218 -0.123279 -0.073765 0.115049 0.0398972 -0.223669 -0.156863 -0.0262995 -0.183011 -0.192346 -0.197318 -0.0680865 0.0345764 -0.101635 0.0709273 -0.179556 -0.104448
internal_weight=0 1000.26 646.653 453.989 270.072 292.422 271.24 546.271 183.917 175.535 243.728 208.859 182.546 248.045 149.199 260.272 167.466 354.231 126.738 82.4443 196.839 191.7 98.8451 26.4745 48.797 138.763 36.757 114.939 45.6873
internal_count=6963 4154 2809 1887 1112 1233 1145 2267 775 740 1000 854 742 1051 620 1061 680 1576 541 334 861 839 431 113 199 577 149 492 185
is_linear=0
shrinkage=0.2


Tree=3
num_leaves=30
num_cat=0
split_feature=9 9 5 9 5 4 4 0 25 0 9 4 43 0 37 3 9 43 7 4 43 26 1 0 9 0 4 9 4
split_gain=449.349 99.685 82.8111 70.1591 53.3648 35.5123 28.2558 20.1655 16.1074 15.3193 14.4166 19.3266 13.9314 13.0083 12.7894 11.4223 10.042 9.97884 22.1791 10.4124 8.98375 8.85169 8.81853 8.39232 7.63338 7.60113 7.89938 7.26913 7.12053
threshold=210.50000000000003 551.50000000000011 1.0000000180025095e-35 114.50000000000001 1.0000000180025095e-35 38.500000000000007 223.50000000000003 42.500000000000007 1.0000000180025095e-35 10.500000000000002 363.50000000000006 976.50000000000011 1.0000000180025095e-35 12.500000000000002 1.0000000180025095e-35 1.0000000180025095e-35 77.500000000000014 1.0000000180025095e-35 27.500000000000004 1759.5000000000002 1.0000000180025095e-35 1.0000000180025095e-35 7.5000000000000009 24.500000000000004 133.50000000000003 8.5000000000000018 428.50000000000006 662.50000000000011 1424.0000000000002
decision_type=2 2 2 2 2 2 2 2 2 2 2 2 2 2 2 2 2 2 2 2 2 2 2 2 2 2 2 2 2
left_child=3 2 5 16 6 15 9 13 12 -5 11 20 24 -7 -13 -2 -1 18 19 21 -4 -15 -23 -17 -8 -18 -27 -3 -26
right_child=1 27 10 4 -6 7 8 -9 -10 -11 -12 14 -14 17 -16 23 25 -19 -20 -21 -22 22 -24 -25 28 26 -28 -29 -30
leaf_value=-0.24781194475723126 -0.3151971758023478 0.12295309476664958 -0.14918192384520323 0.14675490189961979 -0.1621859568025035 0.17868877242475037 -0.17331548980183734 0.25389254851470539 0.11194125069374772 -0.16388608274812261 0.010402974658654234 0.0539572453487017 0.27396893002586614 -0.0067095088632132503 -0.22634134584425231 -0.10393611192115999 0.033079575247250616 0.2103433995613489 -0.25030311481590917 0.14760288844405972 0.091537391338747193 0.052481297591653167 0.24309657084123604 0.077919411773202191 -0.075511366039523103 -0.23416144822556759 -0.13013750869733304 0.18992214640886518 0.07161518754016985
leaf_weight=140.94504536688328 5.7818965762853614 93.228292033076286 101.11693668365479 6.9095824509859076 155.54850298166275 68.347927302122116 14.722570419311522 41.26460999250412 67.992899745702744 49.34256449341774 99.670929208397865 44.745860442519188 5.3589527904987326 64.001499652862549 7.1415491104125968 22.627612456679344 6.9250168353319159 19.815936431288719 8.2252923995256406 56.164773926138878 6.3032777756452552 35.01326759159565 13.173253163695334 17.669844418764114 30.106735870242119 57.854865357279778 63.896345496177673 246.13372917473316 22.642507985234261
leaf_count=715 24 391 450 29 718 292 64 184 283 215 411 192 22 266 31 93 31 83 34 234 26 145 55 73 126 275 301 1106 94
internal_value=0 0.0848775 0.0365549 -0.133677 -0.0747986 0.0996447 -0.00560501 0.124274 0.0422768 -0.124836 -0.0492418 -0.0864799 -0.0230588 0.10366 0.0137041 -0.0635222 -0.210419 0.0771865 0.0617282 0.0776232 -0.134722 0.0421228 0.106424 -0.024216 -0.0483705 -0.168714 -0.180274 0.171719 -0.0122834
internal_weight=0 950.426 611.064 622.246 352.624 352.086 197.076 306.007 140.824 56.2521 258.979 159.308 72.8308 264.742 51.8874 46.0794 269.621 196.394 176.578 168.353 107.42 112.188 48.1865 40.2975 67.4718 128.676 121.751 339.362 52.7492
internal_count=6963 4090 2593 2873 1551 1483 833 1293 589 244 1110 699 306 1109 223 190 1322 817 734 700 476 466 200 166 284 607 576 1497 220
is_linear=0
shrinkage=0.2


Tree=4
num_leaves=30
num_cat=0
split_feature=9 9 5 4 9 8 8 0 8 8 9 8 8 0 8 0 0 4 8 8 4 3 9 26 7 26 8 3 9
split_gain=309.942 92.1951 81.1102 37.3967 34.3545 31.1709 27.2386 25.8424 25.7964 27.028 18.0835 14.5659 14.3887 13.5703 15.5244 17.3898 12.7056 12.5089 12.2638 12.6439 15.0486 14.8718 9.77448 11.6159 9.12024 9.08009 9.99069 8.27125 8.04071
threshold=164.50000000000003 446.50000000000006 1.0000000180025095e-35 102.50000000000001 88.500000000000014 1.0000000180025095e-35 9.5000000000000018 42.500000000000007 9.5000000000000018 7.5000000000000009 797.50000000000011 8.5000000000000018 6.5000000000000009 40.500000000000007 9.5000000000000018 11.500000000000002 7.5000000000000009 1175.0000000000002 1.0000000180025095e-35 1.5000000000000002 2139.5000000000005 1.0000000180025095e-35 379.50000000000006 1.0000000180025095e-35 11.500000000000002 1.0000000180025095e-35 2.5000000000000004 1.0000000180025095e-35 355.50000000000006
decision_type=2 2 2 2 2 2 2 2 2 2 2 2 2 2 2 2 2 2 2 2 2 2 2 2 2 2 2 2 2
left_child=4 2 3 11 -1 -6 7 16 9 12 -3 25 17 14 15 -5 -7 22 -17 20 -20 -21 23 -4 27 28 -27 -18 -2
right_child=1 10 8 13 5 6 -8 -9 -10 -11 -12 -13 -14 -15 -16 18 24 -19 19 21 -22 -23 -24 -25 -26 26 -28 -29 -30
leaf_value=-0.21250259442983055 -0.2071065246620048 0.10136724983270379 -0.1670757909784556 0.17144421086920766 0.13472216847783988 0.079877253282274657 0.12121682513795032 0.19378617381074334 0.20272163019206024 -0.15275889167841125 0.18640194273288593 0.16755270610694328 0.29546613130267824 0.20021190516557469 0.21448266559762957 0.18599964655268197 -0.26054258686645992 0.05965094261359604 -0.15521120056486995 -0.15751356897553159 0.15029455489548546 0.07087372653991908 0.1179428454495509 -0.0059243460599406536 -0.1909957354287799 0.23258466873017111 -0.073246785919482998 -0.081605665645285042 0.015940774398320878
leaf_weight=159.42785614728928 28.789679676294327 275.37783193588257 44.047118574380875 48.525976911187172 21.307561621069908 9.2298237681388837 17.767489120364189 8.9005458950996381 12.546216204762457 123.36030440032482 159.29950475692749 9.1318224519491178 5.0361282527446738 47.433440625667572 31.622886583209038 19.258906379342079 11.670961096882818 37.732326701283455 27.610239297151566 12.214535206556318 7.9670706540346137 114.90584051609039 8.6493228077888471 29.974136844277382 126.87113027274609 5.2671167701482799 16.299662545323372 77.193646609783173 8.2169808447360975
leaf_count=895 124 1207 192 213 93 40 74 40 54 591 776 39 21 223 151 83 57 155 114 50 33 476 35 129 624 22 69 368 34
internal_value=0 0.0617009 0.0133134 0.0726045 -0.138772 -0.0954155 -0.115116 -0.133277 -0.0722483 -0.0864679 0.132697 -0.0617112 -0.0209507 0.102032 0.0839399 0.0656317 -0.146591 -0.0352756 0.0370461 0.0189324 -0.0857368 0.0484328 -0.0786934 -0.102265 -0.156432 -0.0984964 0.00478952 -0.106345 -0.157999
internal_weight=0 1073.27 638.59 377.244 432.369 272.941 251.634 233.866 261.346 248.799 434.677 67.7053 125.439 309.539 262.105 230.483 224.966 120.403 181.957 162.698 35.5773 127.12 82.6706 74.0213 215.736 58.5734 21.5668 88.8646 37.0067
internal_count=6982 4791 2808 1631 2191 1296 1203 1129 1177 1123 1983 288 532 1343 1120 969 1089 511 756 673 147 526 356 321 1049 249 91 425 158
is_linear=0
shrinkage=0.2


Tree=5
num_leaves=30
num_cat=0
split_feature=9 9 5 10 8 4 8 7 8 8 10 10 9 7 8 10 15 9 8 7 4 8 38 36 4 8 5 8 8
split_gain=216.691 63.2468 54.7741 32.0534 26.6946 25.6861 22.0028 19.822 17.7729 19.3838 17.6038 16.146 15.1561 14.9425 22.4898 11.2215 10.0311 9.98258 9.97719 16.6353 9.63652 10.1352 9.98591 9.11167 8.79407 8.32616 7.92132 12.521 23.2408
threshold=164.50000000000003 446.50000000000006 1.0000000180025095e-35 1.5000000000000002 3.5000000000000004 67.500000000000014 9.5000000000000018 3.5000000000000004 9.5000000000000018 7.5000000000000009 1.0000000180025095e-35 2.5000000000000004 797.50000000000011 4.5000000000000009 1.5000000000000002 2.5000000000000004 369.57693035391418 96.500000000000014 1.5000000000000002 7.5000000000000009 1452.0000000000002 1.0000000180025095e-35 1.0000000180025095e-35 1.0000000180025095e-35 1986.0000000000002 6.5000000000000009 1.0000000180025095e-35 6.5000000000000009 7.5000000000000009
decision_type=2 2 2 2 2 2 2 2 2 2 2 2 2 2 2 2 2 2 2 2 2 2 2 2 2 2 2 2 2
left_child=3 2 5 4 10 -2 7 16 9 15 13 23 -3 -1 17 20 -6 -15 -12 -20 22 -22 -4 25 -13 -7 27 -9 -29
right_child=1 12 8 -5 6 11 -8 26 -10 -11 18 24 -14 14 -16 -17 -18 -19 19 -21 21 -23 -24 -25 -26 -27 -28 28 -30
leaf_value=-0.10217795060838325 -0.065094314193226741 0.083832134710140532 -0.10007742286668182 -0.20125556986329843 -0.1013347350522357 0.083919976681508995 0.072054174339092156 -0.18559501687749211 0.17447212216234886 -0.13095017808212589 -0.14016551415845901 -0.092255156625842286 0.16419695386408889 -0.12848521544280475 0.45667389021191762 -0.15456705587617481 0.20841237658402451 0.15061778370819409 -0.15012035112888036 0.36113654580583521 -0.076348131196264921 0.17701109872463427 0.046277671718443623 -0.021166642924791684 0.11774901694041072 0.16101236213463838 -0.20495088490865659 0.42375956768395917 -0.087077630344705587
leaf_weight=10.360249459743498 54.760295882821083 267.42238061130047 38.169644340872765 133.3542143702507 7.482129141688346 159.87259021401405 20.436509311199188 34.05596062541008 11.818723872303961 116.04293857514858 28.980971768498421 29.088356226682663 146.20510697364807 6.7619290649890926 7.7477593272924414 19.453823447227478 8.4456142634153348 17.519604489207268 5.0006338953971845 4.3496073782444 8.5843167901039141 21.306699365377426 35.649313971400261 22.427832365036011 10.482888132333754 88.00514167547226 93.350586876273155 3.8645739108324078 19.600880607962608
leaf_count=50 239 1207 167 764 39 705 91 185 54 591 149 127 776 41 37 86 43 76 26 20 35 88 156 97 47 416 548 18 104
internal_value=0 0.051954 0.011295 -0.121223 -0.081113 0.0607605 -0.122476 -0.146444 -0.0605375 -0.072466 0.0149828 0.0830655 0.112392 0.103261 0.170225 -0.0170769 0.0641649 0.0719357 -0.0827093 0.0935727 0.00929045 0.104194 -0.0295516 0.100513 -0.0358984 0.111542 -0.168808 -0.108975 0.00367755
internal_weight=0 1029.29 615.663 401.311 267.957 364.637 187.236 166.8 251.025 239.207 80.7208 309.877 413.627 42.3895 32.0293 123.164 15.9277 24.2815 38.3312 9.35024 103.71 29.891 73.819 270.306 39.5712 247.878 150.872 57.5214 23.4655
internal_count=6982 4791 2808 2191 1427 1631 1028 937 1177 1123 399 1392 1983 204 154 532 82 117 195 46 446 123 323 1218 174 1121 855 307 122
is_linear=0
shrinkage=0.2


Tree=6
num_leaves=30
num_cat=0
split_feature=9 5 10 8 8 8 8 8 9 42 7 9 7 7 8 7 8 7 9 26 8 10 7 8 7 1 41 8 8
split_gain=162.538 60.6818 37.6122 28.6467 35.4311 27.736 33.6002 32.353 18.9207 20.4564 17.4828 16.9258 16.683 13.2606 12.3033 20.3637 24.4994 16.7421 13.8146 12.2575 9.81419 12.9134 10.6304 9.58309 8.41992 8.41538 7.76792 7.76548 7.67417
threshold=351.50000000000006 1.0000000180025095e-35 3.5000000000000004 3.5000000000000004 9.5000000000000018 1.0000000180025095e-35 6.5000000000000009 7.5000000000000009 668.50000000000011 1.0000000180025095e-35 18.500000000000004 162.50000000000003 19.500000000000004 3.5000000000000004 9.5000000000000018 12.500000000000002 8.5000000000000018 22.500000000000004 168.50000000000003 1.0000000180025095e-35 1.0000000180025095e-35 2.5000000000000004 6.5000000000000009 2.5000000000000004 13.500000000000002 3.5000000000000004 1.0000000180025095e-35 2.5000000000000004 6.5000000000000009
decision_type=2 2 2 2 2 2 2 2 2 2 2 2 2 2 2 2 2 2 2 2 2 2 2 2 2 2 2 2 2
left_child=1 2 5 12 13 -1 10 -8 9 23 11 -7 20 28 15 16 -9 -17 -16 -14 24 22 -22 -2 -3 -11 -13 -24 -5
right_child=8 3 -4 4 -6 6 7 14 -10 25 -12 26 19 -15 18 17 -18 -19 -20 -21 21 -23 27 -25 -26 -27 -28 -29 -30
leaf_value=0.17718755454722065 0.16271381666143392 0.010122599882159883 -0.17227153290954528 -0.07049166891377269 0.13248074698649895 -0.09015536393161111 0.29418182144467647 -0.061934574206341325 0.1373645058414609 -0.081903032979574186 -0.12357607986342434 -0.11602199010832043 0.025108062283417987 -0.17744668848686523 -0.044400603982177378 -0.18378543718881851 0.31252949555491227 0.078945876020078576 0.19557177197385689 0.37740740169329745 -0.038060604807766768 -0.1972225959536929 0.066704224224795799 0.067632801642641127 -0.21823401914724996 0.033807910550416855 0.05470752455424388 0.36341591623125574 0.22507642685339727
leaf_weight=36.704204007983208 57.369345039129257 9.4786603599786776 48.890604645013809 18.213628932833675 16.845646485686302 67.01131035387516 22.318891063332558 14.432267844676971 195.78305111825466 43.420849427580833 79.654424205422401 11.486877009272574 9.9776484221220034 241.40495774149895 14.063505366444586 30.310273602604866 12.855549976229668 13.848131418228148 28.763956636190414 6.1525083333253852 17.761371955275536 9.1915201991796476 8.9420948028564435 164.78288061916828 19.539219751954079 58.438136115670204 99.87611049413681 5.6663312315940848 3.8629089295864096
leaf_count=170 263 41 276 92 78 361 104 70 1090 189 403 49 48 1461 64 150 62 65 160 26 85 48 42 752 96 259 438 25 19
internal_value=0 -0.0537022 -0.00688462 -0.11487 -0.145901 0.0120279 -0.00352499 0.0765309 0.0883051 0.0585061 -0.0459658 -0.0110763 -0.0143047 -0.163902 0.0329974 -0.0178746 0.116768 -0.101429 0.117142 0.16632 -0.0564063 0.00613576 0.0658629 0.0924765 -0.144662 -0.0156664 0.0366863 0.189482 -0.0151841
internal_weight=0 847.253 480.216 367.036 280.327 431.326 394.621 136.593 519.794 324.011 258.029 178.374 86.7094 263.481 114.274 71.4462 27.2878 44.1584 42.8275 16.1302 70.5792 41.5613 32.3698 222.152 29.0179 101.859 111.363 14.6084 22.0765
internal_count=6986 4433 2372 2061 1650 2096 1926 675 2553 1463 1251 848 411 1572 571 347 132 215 224 74 337 200 152 1015 137 448 487 67 111
is_linear=0
shrinkage=0.2


Tree=7
num_leaves=30
num_cat=0
split_feature=9 5 10 9 0 8 0 8 8 0 3 9 7 8 8 8 8 9 7 7 8 7 7 8 7 9 1 10 0
split_gain=113.464 39.267 28.9357 25.9888 22.1286 21.4291 19.6139 17.7976 18.5262 17.514 19.7688 16.9192 15.5443 16.3529 12.957 19.0941 21.8087 10.9671 11.1499 9.43295 13.9647 9.02241 8.86595 12.388 10.7991 8.82345 7.80129 7.67917 7.56582
threshold=251.50000000000003 1.0000000180025095e-35 3.5000000000000004 668.50000000000011 11.500000000000002 9.5000000000000018 42.500000000000007 3.5000000000000004 9.5000000000000018 6.5000000000000009 1.5000000000000002 77.500000000000014 3.5000000000000004 3.5000000000000004 1.0000000180025095e-35 6.5000000000000009 7.5000000000000009 367.50000000000006 27.500000000000004 12.500000000000002 9.5000000000000018 3.5000000000000004 21.500000000000004 1.0000000180025095e-35 5.5000000000000009 126.50000000000001 7.5000000000000009 1.0000000180025095e-35 43.500000000000007
decision_type=2 2 2 2 2 2 2 2 2 2 2 2 2 2 2 2 2 2 2 2 2 2 2 2 2 2 2 2 2
left_child=1 2 4 5 26 6 9 -3 -9 -2 12 -6 -11 22 -13 21 -17 -15 -19 -18 -21 -16 23 -14 -25 -23 -1 -26 -27
right_child=3 7 -4 -5 11 -7 -8 8 -10 10 -12 14 13 17 15 16 19 18 -20 20 -22 25 -24 24 27 28 -28 -29 -30
leaf_value=0.042662525469250791 0.21598232592731126 -0.027327189964571848 -0.18647966123243179 0.11964178584027947 -0.17353483324523872 0.17516814642012193 0.18939715835099424 -0.16591892570520095 0.081821295232767599 0.10826882114056452 0.055512844437471467 0.15436241122925975 -0.13023430268832795 -0.14231677227769682 0.054290515656737148 0.30349742758255949 0.12537816109918828 -0.017927740098304952 -0.24588277219247928 -0.13128868294405335 0.11183376723766524 -0.17883335070099568 0.17017890814867154 -0.12729927382707304 0.290598542854971 -0.071347631719021629 0.20317558388936865 0.057671015875618681 0.13017562261214241
leaf_weight=24.061803907155991 15.605543300509451 61.73622927069664 36.029171317815781 181.53035815060139 25.870545014739037 38.205454245209694 25.548017293214798 189.03695368766785 12.624507427215574 28.356692239642143 175.86216576397419 18.447807416319847 19.236690476536751 68.144791752099991 21.69295297563076 12.143752187490461 19.689880445599556 94.006919234991074 8.9900711774826032 25.242207139730453 14.511196985840796 29.504015430808067 14.650172308087347 8.3123121410608274 7.7371917665004757 75.450146660208702 24.577253237366676 19.329474791884422 7.8338477760553351
leaf_count=115 77 312 232 1090 196 210 139 1292 60 125 806 86 86 346 101 59 100 417 39 127 75 185 67 36 34 335 118 85 36
internal_value=0 -0.0638335 -0.01836 0.0545161 0.00215564 0.0318674 0.0204398 -0.121543 -0.150257 0.0108784 0.00346069 -0.0218821 -0.0306361 -0.0471984 -0.00408364 -0.018585 0.0645936 -0.0803198 -0.0388443 0.0138032 -0.0422737 -0.062933 0.0346277 -0.00286673 0.0671812 -0.0856099 0.12493 0.128053 -0.0517721
internal_weight=0 598.452 335.055 705.516 299.025 523.985 485.78 263.398 201.661 460.232 444.626 250.386 268.764 240.408 224.516 206.068 71.587 171.142 102.997 59.4433 39.7534 134.481 69.2658 54.6157 35.379 112.788 48.6391 27.0667 83.284
internal_count=6986 3429 1765 3557 1533 2467 2257 1664 1352 2118 2041 1300 1235 1110 1104 1018 361 802 456 302 202 657 308 241 155 556 233 119 371
is_linear=0
shrinkage=0.2


Tree=8
num_leaves=30
num_cat=0
split_feature=9 9 3 0 0 9 6 10 5 14 0 10 1 1 10 9 9 39 15 5 5 43 42 9 0 14 10 3 15
split_gain=80.7831 27.7118 25.1184 15.7365 17.2085 11.783 10.9911 10.6188 9.93701 11.2325 8.8701 8.70466 7.43958 7.98606 7.38442 7.47452 6.42855 8.138 6.10834 5.73278 5.70658 5.63959 7.4913 5.41262 5.45158 4.98706 4.96051 4.50882 5.67931
threshold=114.50000000000001 383.50000000000006 1.5000000000000002 10.500000000000002 41.500000000000007 77.500000000000014 1.0000000180025095e-35 1.5000000000000002 1.0000000180025095e-35 1392.5539492352375 7.5000000000000009 1.0000000180025095e-35 7.5000000000000009 1.0000000180025095e-35 2.5000000000000004 262.50000000000006 1023.5000000000001 1.0000000180025095e-35 363.72249125638962 1.0000000180025095e-35 1.0000000180025095e-35 1.0000000180025095e-35 1.0000000180025095e-35 351.50000000000006 18.500000000000004 1470.5449779652272 2.5000000000000004 2.5000000000000004 362.56963188835567
decision_type=2 2 2 2 2 2 2 2 2 2 2 2 2 2 2 2 2 2 2 2 2 2 2 2 2 2 2 2 2
left_child=5 2 3 19 11 -1 10 20 -3 -10 -4 12 13 -5 21 -16 17 27 -15 -2 -7 22 -12 24 26 -14 -13 28 -11
right_child=1 8 6 4 -6 7 -8 -9 9 16 14 23 25 18 15 -17 -18 -19 -20 -21 -22 -23 -24 -25 -26 -27 -28 -29 -30
leaf_value=-0.18711362850949531 0.11565831860583589 0.088283309681374683 0.23624073074502847 0.034812580291604528 0.078648076493527772 0.023509607680590024 -0.096090311740937753 -0.18484061640407379 -0.27937385917091234 0.21256539228069396 0.068145401342818532 -0.02957274396631538 -0.098682783304787913 -0.25606928416172575 -0.12383168976309339 0.084808231151701996 0.11487990302869629 0.23693890715193222 -0.073997322540584817 -0.038341997079842136 -0.095970521379673879 0.15941359488332027 -0.031816893356989839 0.038794626775066773 -0.14446159441638792 0.084459005250390129 -0.16621991203942224 -0.14953828200437269 0.010592694406716979
leaf_weight=78.388670846819878 31.200457111001015 211.89300276339054 9.6073353886604291 25.222262591123581 33.20855937153101 32.312903352081776 21.362167790532112 26.80856628715992 4.2074193060398093 5.2996302992105475 137.70140627026558 42.323662266135216 7.1749799177050582 7.9409857168793669 18.689769230782989 10.303418070077894 32.898052453994751 6.160404607653617 68.575019814074039 13.644516162574289 30.904539704322815 19.354417592287064 37.998157799243927 9.6618001461029035 90.664651155471802 26.935583606362343 13.852703623473642 6.2586876749992362 165.1337435990572
leaf_count=696 155 1163 50 135 185 185 109 202 21 25 680 229 37 44 100 47 222 30 368 85 210 93 202 44 501 140 79 31 815
internal_value=0 0.0184728 -0.00843588 -0.041672 -0.0569784 -0.130486 0.0398266 -0.0804669 0.05741 0.0275446 0.0524198 -0.0724852 -0.0352661 -0.062302 0.0440626 -0.0495176 0.0341202 0.0193347 -0.0943312 0.0688899 -0.0351749 0.0580576 0.0464998 -0.104591 -0.114119 0.0451239 -0.0643611 0.0111436 0.0174365
internal_weight=0 1057.27 625.422 370.405 325.56 168.415 255.017 90.026 431.851 219.958 233.655 292.352 135.849 101.738 224.047 28.9932 215.751 182.852 76.516 44.845 63.2174 195.054 175.7 156.503 146.841 34.1106 56.1764 176.692 170.433
internal_count=6883 5590 3283 2002 1762 1293 1281 597 2307 1144 1172 1577 724 547 1122 147 1123 901 412 240 395 975 882 853 809 177 308 871 840
is_linear=0
shrinkage=0.2


Tree=9
num_leaves=30
num_cat=0
split_feature=9 9 4 37 7 0 8 8 8 8 8 10 7 9 8 8 8 0 4 42 7 7 4 7 8 8 41 0 0
split_gain=58.1042 18.6227 21.0744 18.1599 12.9181 16.0156 15.9029 14.2195 12.9487 15.5321 27.0184 18.02 13.5548 10.6043 10.49 10.2851 9.29524 8.41704 8.2535 8.18104 8.09791 11.2174 8.44459 7.88644 30.03 8.82752 7.80208 7.50493 6.74766
threshold=114.50000000000001 383.50000000000006 -69.999999999999986 1.0000000180025095e-35 3.5000000000000004 10.500000000000002 4.5000000000000009 2.5000000000000004 9.5000000000000018 3.5000000000000004 1.5000000000000002 1.0000000180025095e-35 5.5000000000000009 77.500000000000014 4.5000000000000009 1.0000000180025095e-35 9.5000000000000018 36.500000000000007 13742.500000000002 1.0000000180025095e-35 27.500000000000004 23.500000000000004 976.50000000000011 16.500000000000004 8.5000000000000018 8.5000000000000018 1.0000000180025095e-35 36.500000000000007 31.500000000000004
decision_type=2 2 2 2 2 2 2 2 2 2 2 2 2 2 2 2 2 2 2 2 2 2 2 2 2 2 2 2 2
left_child=13 2 -2 4 6 19 7 -4 9 10 11 -7 -12 -1 -5 -13 -15 -17 26 -6 21 23 28 24 -11 -25 -3 -16 -23
right_child=1 18 3 14 5 8 -8 -9 -10 20 12 15 -14 16 27 17 -18 -19 -20 -21 -22 22 -24 25 -26 -27 -28 -29 -30
leaf_value=-0.17520915298863665 -0.19252708344277425 0.022654361847892684 0.16434438466778412 0.013811036891967589 0.12295608650835042 0.089593343837602618 0.16979953286386484 -0.13344089286624247 0.1118041159800392 -0.077564062911930062 -0.048947544099893762 0.054134365587816625 0.29212811759056267 -0.088723264873806773 -0.16687970300166402 -0.14936485385373416 0.14650973478088208 0.11080035072693435 -0.22146454907231661 -0.15394014616566673 -0.18216461373011511 0.051938002591571303 0.20723137412650755 -0.064673554939397193 0.22991748479593663 -0.23319082980710237 0.077488410855839795 -0.0084184351472483352 -0.24261176697620909
leaf_weight=68.116549104452133 23.098313145339489 205.27405439317226 9.615747809410097 31.840279057621956 52.413873106241226 40.985483847558498 43.057716682553291 17.188071295619011 30.168394759297371 88.409729324281216 5.933211117982867 17.50927846878767 19.373531892895699 78.533350542187691 46.792894311249256 46.0405448153615 6.9248486310243598 5.2311017364263526 4.0603546053171149 4.2491776645183554 18.919560685753822 12.586954079568391 10.617285072803496 33.705724962055683 14.365040391683577 19.751549288630486 210.6148390173912 16.072558373212814 3.6207566335797301
leaf_count=696 144 1084 44 157 282 193 210 78 180 517 28 83 87 569 291 216 28 26 22 25 104 70 52 188 77 114 1201 96 21
internal_value=0 0.0152027 -0.0070686 0.000358016 0.0157637 0.00258984 0.0951476 -0.0256273 -0.0127202 -0.0240052 0.0284373 -0.0147711 0.212724 -0.116479 -0.0796419 -0.0771449 -0.0689695 -0.122061 0.0476069 0.101103 -0.0590612 -0.0459071 0.072669 -0.0664224 -0.0337415 -0.128417 0.0504792 -0.126727 -0.0188133
internal_weight=0 1031.5 611.547 588.448 493.743 423.881 69.8615 26.8038 367.218 337.05 135.073 109.766 25.3067 153.575 94.7057 68.7809 85.4582 51.2716 419.949 56.6631 201.977 183.057 26.825 156.232 102.775 53.4573 415.889 62.8655 16.2077
internal_count=6883 5590 3283 3139 2595 2263 332 122 1956 1776 633 518 115 1293 544 325 597 242 2307 307 1143 1039 143 896 594 302 2285 387 91
is_linear=0
shrinkage=0.2


Tree=10
num_leaves=30
num_cat=0
split_feature=9 9 5 8 4 7 8 10 3 5 4 43 9 10 7 9 7 3 14 15 2 3 9 7 14 14 4 7 8
split_gain=49.7594 19.9828 18.1114 16.9649 16.5467 14.4728 16.2154 13.3917 11.3478 10.6599 10.4994 9.45973 8.60575 7.79269 7.34517 7.31865 7.01779 6.76423 6.92777 6.57341 6.56767 6.81939 6.38164 6.17295 7.18633 8.92092 8.38835 5.83357 9.28319
threshold=194.50000000000003 797.50000000000011 1.0000000180025095e-35 9.5000000000000018 246.50000000000003 26.500000000000004 1.0000000180025095e-35 2.5000000000000004 1.5000000000000002 1.0000000180025095e-35 122.50000000000001 1.0000000180025095e-35 359.50000000000006 1.5000000000000002 25.500000000000004 749.50000000000011 21.500000000000004 1.0000000180025095e-35 1524.1058732958945 369.57693035391418 1.0000000180025095e-35 1.5000000000000002 395.50000000000006 12.500000000000002 1473.1171241942041 1500.0646373999518 529.50000000000011 20.500000000000004 7.5000000000000009
decision_type=2 2 2 2 2 2 2 2 2 2 2 2 2 2 2 2 2 2 2 2 2 2 2 2 2 2 2 2 2
left_child=2 3 5 4 11 6 -1 10 -4 15 -8 12 20 16 17 -6 -10 -12 19 -19 -2 -22 -14 24 -11 26 -26 -25 -29
right_child=1 -3 8 -5 9 -7 7 -9 13 23 14 -13 22 -15 -16 -17 -18 18 -20 -21 21 -23 -24 27 25 -27 -28 28 -30
leaf_value=0.19949625339482313 -0.22732971881692488 0.10904680061174291 -0.14549298054763521 0.13513942260011982 0.063542515853527992 -0.15428054063228572 -0.10328526643677889 -0.1520414273871693 -0.034733733904381628 -0.087325853709394649 -0.1140343745369381 0.12329395222494709 0.11926076771367321 -0.16882361920534442 0.24975554931785904 -0.168610631678486 0.16256785736112744 0.037004912816396431 -0.024946924314832773 0.18480415179836404 -0.11152461026094412 0.010716090734662372 -0.02772895862274688 -0.069531674668523419 -0.0076710243915500331 0.026393237189772236 0.3154931624666048 0.11840412741835636 -0.081848936005642359
leaf_weight=14.473678655922411 12.129896551370619 106.36518652737141 112.16279179602861 44.316898517310619 236.31657867133617 27.692179694771767 27.557408228516579 24.809595845639706 27.888897970318794 14.969895988702772 12.525743670761583 13.306268721818922 13.008967682719229 11.666827671229838 5.4916925728321067 5.1232928335666648 9.2087080404162389 37.388400867581367 38.450077772140503 17.514963619410992 54.654564268887043 27.179182454943657 95.507451638579369 71.306145519018173 4.857034519314765 53.54837104678154 8.9002791270613653 20.073348239064217 16.42473191767931
leaf_count=69 68 778 961 291 1214 204 179 215 214 70 75 67 62 102 27 34 60 212 213 92 316 136 461 370 25 265 41 97 93
internal_value=0 0.0285367 -0.0604113 0.0160898 0.00784772 -0.0210384 1.49233e-05 -0.0181353 -0.110582 0.0304507 0.00620651 -0.0373208 -0.0481351 -0.0296644 0.033617 0.0583004 0.0156538 0.0213593 0.0400028 0.0853155 -0.0922873 -0.0710947 -0.00967247 -0.00498035 0.0361607 0.0640384 0.204892 -0.0363995 0.0283914
internal_weight=0 797.988 366.831 691.623 647.306 205.904 178.212 163.738 160.927 431.52 138.928 215.786 202.48 48.7644 111.371 241.44 37.0976 105.879 93.3534 54.9034 93.9636 81.8337 108.516 190.08 82.2756 67.3057 13.7573 107.804 36.4981
internal_count=7011 4388 2623 3610 3319 1286 1082 1013 1337 2209 798 1110 1043 376 619 1248 274 592 517 304 520 452 523 961 401 331 66 560 190
is_linear=0
shrinkage=0.2


Tree=11
num_leaves=30
num_cat=0
split_feature=9 9 0 9 8 0 7 4 4 2 8 42 43 4 8 7 9 7 0 8 0 7 14 12 7 0 7 14 7
split_gain=34.7885 15.593 15.3627 19.1544 14.7175 12.202 10.7024 10.6692 9.11802 12.4795 8.92328 12.5018 8.49534 9.97153 8.02352 10.0452 7.95243 7.78761 7.71076 6.36615 6.14236 7.66461 10.3074 6.5664 6.09976 6.06752 5.96535 6.27235 5.92051
threshold=176.50000000000003 63.500000000000007 43.500000000000007 797.50000000000011 9.5000000000000018 7.5000000000000009 27.500000000000004 856.50000000000011 479.50000000000006 1.5000000000000002 5.5000000000000009 1.0000000180025095e-35 1.0000000180025095e-35 538.50000000000011 4.5000000000000009 7.5000000000000009 631.50000000000011 4.5000000000000009 12.500000000000002 3.5000000000000004 21.500000000000004 18.500000000000004 1474.083664289022 51452.500000000007 6.5000000000000009 14.500000000000002 17.500000000000004 1524.2423658301498 27.500000000000004
decision_type=2 2 2 2 2 2 2 2 2 2 2 2 2 2 2 2 2 2 2 2 2 2 2 2 2 2 2 2 2
left_child=1 -1 3 4 5 17 8 10 9 19 12 18 -7 -14 -9 -16 26 -2 -12 -3 -17 22 -22 -24 -11 -26 27 -13 -23
right_child=2 6 -4 -5 -6 7 -8 14 -10 24 11 16 13 -15 15 20 -18 -19 -20 -21 21 28 23 -25 25 -27 -28 -29 -30
leaf_value=-0.17614112250224478 -0.1052164146417832 -0.036276499536127306 0.14379086490167645 0.099166158350299821 0.1267838634790098 -0.075644961182803006 -0.17614359551373654 0.06804303432719358 0.0085202858261241663 -0.10012454477719782 0.13981097713291851 0.013374552189812969 0.11984719063091365 -0.17311887446476434 0.077845273553958927 0.010815164265476795 0.10019268852998597 0.16922637852878475 0.014603673054848738 -0.15454995800583929 -0.33956840304741104 0.07516231775237367 0.11791802896664259 -0.12456483776472396 0.1415451811981604 -0.054179562931672622 -0.18761606913659959 -0.1431319720590592 -0.1579508389045555
leaf_weight=38.090001605451107 4.6483379527926472 28.552190266549587 38.844863623380661 95.859966643154621 36.446025356650352 170.75019190460443 20.808717533946037 96.241992332041264 129.23150428384542 10.604987159371374 25.643382743000984 25.520958349108696 18.744796082377437 5.6861170679330817 41.895060509443283 56.121390573680401 9.7846017032861692 23.94665290415287 80.364320695400238 51.542183458805084 7.4975355416536322 15.82043629139662 5.1037085726857212 23.419369772076607 18.141348600387577 9.2968935370445234 17.513704061508179 16.564119733870029 5.4859151095151892
leaf_count=491 27 182 269 755 254 839 163 474 837 64 138 145 99 30 208 288 53 140 428 441 37 82 25 120 114 75 111 94 28
internal_value=0 -0.0571447 0.0217776 0.0156429 0.00393255 -0.00303381 -0.0399667 -0.0089442 -0.0282012 -0.0682466 -0.0305087 0.00224335 -0.0598751 0.0496941 0.0228169 -0.0053226 -0.0635132 0.12364 0.0453716 -0.112842 -0.0362286 -0.0819984 -0.137662 -0.0799767 0.0258723 0.0754308 -0.0909593 -0.0491187 0.0130413
internal_weight=0 306.268 821.903 783.059 687.199 650.753 268.178 622.158 247.369 118.138 370.572 175.391 195.181 24.4309 251.585 155.343 69.3834 28.595 106.008 80.0944 113.448 57.327 36.0206 28.5231 38.0432 27.4382 59.5988 42.0851 21.3064
internal_count=7011 2367 4644 4375 3620 3366 1876 3199 1713 876 1937 969 968 129 1262 788 403 167 566 623 580 292 182 145 253 189 350 239 110
is_linear=0
shrinkage=0.2


Tree=12
num_leaves=30
num_cat=0
split_feature=9 9 6 0 0 10 0 4 1 1 4 1 14 0 14 9 15 3 4 0 4 9 14 15 1 9 14 15 10
split_gain=26.7789 12.8545 19.4412 14.8471 16.8412 14.7446 8.69414 7.53536 7.07674 6.76008 6.35772 6.27676 8.49953 6.03722 5.5924 7.44428 5.34889 5.17995 6.41944 5.38832 8.82443 5.17708 5.11955 5.64926 5.16232 5.5812 7.67527 5.731 5.13668
threshold=61.500000000000007 531.50000000000011 1.0000000180025095e-35 42.500000000000007 46.500000000000007 1.0000000180025095e-35 7.5000000000000009 131.50000000000003 7.5000000000000009 1.0000000180025095e-35 454.50000000000006 3.5000000000000004 1543.4238526475967 13.500000000000002 1490.5838934486035 371.50000000000006 371.18338732381284 1.5000000000000002 152.50000000000003 29.500000000000004 1612.5000000000002 139.50000000000003 1531.7893391695995 365.0997811904511 8.5000000000000018 920.50000000000011 1525.6267536879261 370.0580096099647 1.5000000000000002
decision_type=2 2 2 2 2 2 2 2 2 2 2 2 2 2 2 2 2 2 2 2 2 2 2 2 2 2 2 2 2
left_child=-1 2 3 5 -5 8 21 -8 9 -2 13 -12 -13 -11 -10 -16 -14 18 -9 -19 -21 -7 23 -3 25 -25 28 -28 -27
right_child=1 22 -4 4 -6 6 7 17 14 10 11 12 16 -15 15 -17 -18 19 -20 20 -22 -23 -24 24 -26 26 27 -29 -30
leaf_value=-0.18275146147781376 0.079799593364790436 0.094357384909007788 -0.096524537163257762 0.28217365646589715 0.027225545911039251 0.29655332558365388 -0.091839037195419956 0.1787909664665398 0.011024047223550798 0.036125436646174951 -0.048973184084613181 0.081414496030583358 0.02115966740844866 -0.084374899545987869 0.079702226989909433 0.27929802556872318 -0.27917880748109086 0.03130285126190991 -0.055548057508508747 -0.18088634330833531 0.048917428282579757 0.041369829290669652 0.091923302473056509 -0.039979425216201604 0.084263379108095018 0.17480381217148921 0.057455442225221476 -0.34685529600151505 -0.0074601550812744243
leaf_weight=31.503387182950974 41.735538084059954 37.389136172831059 89.644912969321012 14.916980408132074 32.118701450526714 3.8038576245307949 83.991299565881491 4.3876541033387175 34.257648065686226 22.827303841710091 32.631425246596336 64.28083186224103 4.8549711257219297 58.689403600990772 44.339596703648567 8.7251053005456907 4.0602075234055519 90.833056092262268 142.91785679385066 13.469644874334337 12.540583185851572 13.248398222029207 64.151910051703453 79.909455716609955 27.253037475049496 15.497472040355211 2.4549694433808318 2.4845168143510818 10.036565519869326
leaf_count=470 243 240 586 95 217 17 561 25 193 133 181 349 26 354 257 50 22 508 872 77 69 78 426 463 183 132 21 21 86
internal_value=0 0.00303719 -0.00888886 0.00194804 0.110059 -0.00558269 -0.0329437 -0.0398157 0.0259995 0.00748073 -0.00878838 0.0235124 0.0559327 -0.0506174 0.0742831 0.11467 -0.122707 -0.0231411 -0.0480253 0.008297 -0.0711796 0.104679 0.0437765 0.0259317 0.00708763 -0.0122413 0.0600011 -0.158299 0.104314
internal_weight=0 1057.45 818.275 728.63 47.0357 681.594 365.192 348.14 316.402 229.08 187.344 105.827 73.196 81.5167 87.3224 53.0647 8.91518 264.149 147.306 116.843 26.0102 17.0523 239.177 175.025 137.636 110.383 30.4735 4.93949 25.534
internal_count=6955 6485 4913 4327 312 4015 2207 2112 1808 1308 1065 578 397 487 500 307 48 1551 897 654 146 95 1572 1146 906 723 260 42 218
is_linear=0
shrinkage=0.2


Tree=13
num_leaves=30
num_cat=0
split_feature=43 7 8 8 8 8 8 7 0 0 0 7 35 4 4 14 1 7 15 8 26 1 4 0 0 8 0 3 0
split_gain=10.8706 12.034 20.7217 21.6243 17.3925 28.122 14.6229 13.7346 12.9844 11.7761 9.64952 7.56967 7.32525 9.68668 7.15606 7.08232 10.3791 6.88636 6.28257 5.97234 11.7701 7.92981 5.95782 5.71876 7.01563 5.55608 5.49843 5.49042 5.42848
threshold=1.0000000180025095e-35 14.500000000000002 8.5000000000000018 9.5000000000000018 7.5000000000000009 6.5000000000000009 9.5000000000000018 3.5000000000000004 42.500000000000007 11.500000000000002 53.500000000000007 8.5000000000000018 1.0000000180025095e-35 1583.5000000000002 744.50000000000011 1466.2363230090182 1.5000000000000002 8.5000000000000018 365.00064460269772 1.0000000180025095e-35 1.0000000180025095e-35 1.5000000000000002 3962.0000000000005 12.500000000000002 33.500000000000007 3.5000000000000004 51.500000000000007 1.5000000000000002 10.500000000000002
decision_type=2 2 2 2 2 2 2 2 2 2 2 2 2 2 2 2 2 2 2 2 2 2 2 2 2 2 2 2 2
left_child=1 2 4 17 5 12 8 -6 9 25 -5 -9 13 28 -11 16 -16 -4 -18 -2 21 -21 -15 -17 27 -3 -10 -25 -1
right_child=19 6 3 10 7 -7 -8 11 26 14 -12 -13 -14 22 15 23 18 -19 -20 20 -22 -23 -24 24 -26 -27 -28 -29 -30
leaf_value=0.091984221795218368 0.1133251604535768 0.16053035823104844 0.12747541667813095 0.071253444991406789 0.16094967198355464 0.27936897268779787 0.091171447473326672 -0.13161169057696384 0.24697074921689635 -0.085509519788047161 -0.30976844334242221 -0.034242949163730267 -0.039136082497719063 0.14045996110152922 0.085573897887751368 0.17240542586264085 -0.08804694909164594 0.40674378422812707 -0.30965510353041586 0.18742486813192605 0.18597790337504405 -0.11756416608196051 0.012716848730901134 -0.085069619446399874 0.072493863269451606 0.0055957458567664599 0.0018935235426149966 0.0086345757249497081 -0.010361226138938147
leaf_weight=23.89184508472681 47.666620835661888 11.169217541813849 5.9012986682355431 26.755695953965191 10.229503560811279 16.200741477310658 35.882063612341881 54.687634333968163 8.1081041842699033 203.10729678720236 2.4842844679951659 76.979450825601816 80.369874570518732 41.920679364353418 7.1499477252364185 6.1155293993651858 12.120923053473236 11.15940150991082 9.1307071782648546 3.6251315772533443 9.6406423449516279 20.891120329499245 22.433113254606724 55.012919954955578 26.21733134239912 45.488069199025631 6.4036260321736327 45.401555877178907 138.74357075616717
leaf_count=131 292 61 35 194 60 96 241 420 54 1452 16 566 515 233 47 39 79 68 60 21 45 117 130 383 175 298 42 280 805
internal_value=0 -0.00773509 0.0134956 0.140401 0.000743789 0.0263433 -0.0307784 -0.0575246 -0.0409148 -0.0473805 0.0345223 -0.0750069 0.0126031 0.030965 -0.0605673 -0.0289746 -0.118761 0.316112 -0.187869 0.0679362 0.00392108 -0.0698072 0.0963422 -0.00941583 -0.0187976 0.0372012 0.142254 -0.0428581 0.00489399
internal_weight=0 983.064 511.757 46.3007 465.456 323.56 471.307 141.897 435.425 420.913 29.24 131.667 307.359 226.989 364.256 161.149 28.4016 17.0607 21.2516 81.8235 34.1569 24.5163 64.3538 132.747 126.632 56.6573 14.5117 100.414 162.635
internal_count=6955 6480 3269 313 2956 1910 3211 1046 2970 2874 210 986 1814 1299 2515 1063 186 103 139 475 183 138 363 877 838 359 96 663 936
is_linear=0
shrinkage=0.2


Tree=14
num_leaves=30
num_cat=0
split_feature=0 3 7 7 10 7 7 0 4 7 43 0 4 1 10 4 1 39 7 4 4 0 7 4 1 4 4 0 4
split_gain=8.87477 10.8856 9.78084 11.9103 10.9526 8.90562 8.93041 7.98891 7.63934 8.97135 6.7732 6.39756 5.8122 5.68574 6.53139 5.49407 5.41424 6.8012 5.94861 5.51519 5.4733 6.09452 5.39478 5.07611 4.54493 4.38993 4.30005 7.96648 4.52899
threshold=42.500000000000007 1.0000000180025095e-35 12.500000000000002 20.500000000000004 2.5000000000000004 7.5000000000000009 1.0000000180025095e-35 17.500000000000004 196.50000000000003 26.500000000000004 1.0000000180025095e-35 8.5000000000000018 800.50000000000011 8.5000000000000018 1.0000000180025095e-35 162.50000000000003 7.5000000000000009 1.0000000180025095e-35 3.5000000000000004 43.500000000000007 82.500000000000014 20.500000000000004 6.5000000000000009 1729.0000000000002 6.5000000000000009 8325.5000000000018 3650.0000000000005 24.500000000000004 296.50000000000006
decision_type=2 2 2 2 2 2 2 2 2 2 2 2 2 2 2 2 2 2 2 2 2 2 2 2 2 2 2 2 2
left_child=1 12 5 7 8 6 23 25 10 -10 15 22 24 -9 -15 -5 17 19 -18 -13 21 -21 -8 -3 -1 -4 28 -28 -7
right_child=-2 2 3 4 -6 26 11 13 9 -11 -12 16 -14 14 -16 -17 18 -19 -20 20 -22 -23 -24 -25 -26 -27 27 -29 -30
leaf_value=-0.12251914402332131 0.081885079036709899 0.22118266297726891 0.0048226553795880202 -0.022614363785086744 -0.063509456631335989 0.10485460436219758 -0.16064984902143128 -0.088163216282623941 0.12091722781377752 0.013620337454348231 0.19045251856458995 -0.1088965083547338 -0.0045541313160318867 0.11178632007355312 -0.066141643575543738 -0.26730728786489683 0.13256690962024439 0.15004349089072094 0.0052544923991659611 0.29495666476144028 -0.017039088565056405 -0.046331683636202277 0.10244107830461878 -0.051661369231475608 0.016323449727291998 -0.21420678085873282 0.27146507745101306 -0.026790166757435004 0.026836734050850238
leaf_weight=54.22533705830574 53.036181271076202 10.956963270902632 121.9499115459621 44.048039052635431 47.175360072404146 48.018679510802031 15.847585763782265 127.94536680728197 66.988112803548574 58.194212384521961 5.0666193366050711 24.489171601831913 43.658073056489229 13.173112545162438 20.427624113857746 3.5506111681461325 24.5436095520854 9.1944489404559118 35.640495214611292 4.4166830629110327 114.70292218774557 3.468061625957489 3.5135655850172034 3.3801017999649039 11.27245796844363 3.3063232973217955 9.8429071418941003 5.3701603263616553 78.282398391515017
leaf_count=432 384 64 800 305 380 314 97 875 402 387 29 165 289 84 144 19 136 50 226 25 698 21 22 21 82 20 59 33 482
internal_value=0 -0.00169377 0.00552477 -0.012675 0.0217438 0.0292947 0.00657502 -0.0396712 0.0444649 0.0712734 -0.0193236 -0.0028786 -0.0612114 -0.0689974 0.00419061 -0.0432859 0.00706698 -0.0125834 0.0577943 -0.0231925 -0.00572334 0.150644 -0.111618 0.157256 -0.0986773 -0.0017328 0.0693026 0.168519 0.0567754
internal_weight=0 1012.65 903.493 511.825 225.023 391.668 250.154 286.802 177.848 125.182 52.6653 235.817 109.156 161.546 33.6007 47.5987 216.455 156.271 60.1841 147.077 122.588 7.88474 19.3612 14.3371 65.4978 125.256 141.514 15.2131 126.301
internal_count=7045 6661 5858 3445 1522 2413 1525 1923 1142 789 353 1440 803 1103 228 324 1321 959 362 909 744 46 119 85 514 820 888 92 796
is_linear=0
shrinkage=0.2


Tree=15
num_leaves=30
num_cat=0
split_feature=8 8 8 7 7 8 1 8 7 7 3 8 15 7 8 14 7 0 10 7 4 4 15 7 4 0 6 7 7
split_gain=7.89812 37.8972 13.0323 10.3931 9.51294 10.9538 10.9871 10.8944 44.9468 57.1865 10.2122 9.43246 9.22007 8.25595 8.42893 7.28089 7.08065 9.79175 7.8599 6.93334 6.2472 6.12151 5.42739 5.19015 4.9702 5.41079 4.9083 4.83676 8.16002
threshold=7.5000000000000009 6.5000000000000009 9.5000000000000018 3.5000000000000004 1.0000000180025095e-35 4.5000000000000009 7.5000000000000009 1.5000000000000002 5.5000000000000009 26.500000000000004 1.5000000000000002 5.5000000000000009 371.36408398879672 19.500000000000004 10.500000000000002 1550.1813800812495 28.500000000000004 11.500000000000002 1.0000000180025095e-35 4.5000000000000009 2031.0000000000002 400.50000000000006 371.08187025424587 1.5000000000000002 4088.0000000000005 17.500000000000004 1.0000000180025095e-35 8.5000000000000018 9.5000000000000018
decision_type=2 2 2 2 2 2 2 2 2 2 2 2 2 2 2 2 2 2 2 2 2 2 2 2 2 2 2 2 2
left_child=1 4 3 -2 11 7 -7 16 10 -10 -9 -1 -12 14 -4 27 17 -6 -19 21 -3 -20 -16 -8 25 26 -25 -5 -29
right_child=2 20 13 15 5 6 23 8 9 -11 12 -13 -14 -15 22 -17 -18 18 19 -21 -22 -23 -24 24 -26 -27 -28 28 -30
leaf_value=-0.023206952973813238 0.12839641467620594 0.29565383576340859 -0.092547171816588364 -0.098636836141745066 0.12389858012721254 -0.052164827689984407 0.27706966384131926 -0.1546099073431873 0.2782953914091128 -0.094307013406636928 0.09081377885692736 0.3261274578647872 -0.21788527136954242 0.15408534761297432 0.14458283008015854 0.16095485252808159 0.11162257775077507 0.030219271204594136 0.2914636243340491 -0.06384779534844727 0.089435085927564911 -0.028074525671522511 -0.077746580868977219 0.171179450501624 -0.18417816971485154 -0.011254113932018018 -0.083824453915528119 0.29251192310482149 -0.039976528991281922
leaf_weight=5.297753691673277 14.151852734386919 20.493563704192642 18.376040991395712 61.683042749762535 19.085117638111115 198.4483525827527 3.3133598417043677 28.286817088723183 53.984840746968985 23.347829926759005 17.71416370943189 6.7667864859104156 4.4549912922084323 23.719985093921423 16.661521140486006 6.3245933502912512 19.900438778102398 70.163885429501534 3.7995238676667196 128.70009680837393 8.9042876884341222 5.3085954189300537 5.5712272673845282 16.683130968362097 3.4320391416549674 24.772724844515324 3.3667921759188166 2.5277307704091063 242.17430030182004
leaf_count=32 86 114 132 469 112 1330 19 174 305 157 96 38 24 170 126 50 127 394 19 847 58 31 44 100 21 170 21 15 1764
internal_value=0 0.0153731 -0.0204112 -0.0366121 0.00504319 0.00158135 -0.0308075 0.0232014 0.070491 0.165911 -0.0759365 0.177578 0.0255654 0.0615783 0.00640706 -0.0442599 -0.0013555 -0.0114662 -0.0241379 -0.051822 0.235567 0.112934 0.088417 0.051112 0.0330909 0.0514539 0.127426 -0.0487345 -0.0359916
internal_weight=0 666.225 391.19 326.862 636.827 624.763 250.016 374.746 127.789 77.3327 50.456 12.0645 22.1692 64.3288 40.6088 312.71 246.958 227.057 207.972 137.808 29.3979 9.10812 22.2327 51.568 48.2547 44.8226 20.0499 306.385 244.702
internal_count=7045 4189 2856 2384 4017 3947 1661 2286 756 462 294 70 120 472 302 2298 1530 1403 1291 897 172 50 170 331 312 291 121 2248 1779
is_linear=0
shrinkage=0.2


Tree=16
num_leaves=30
num_cat=0
split_feature=8 7 8 8 8 8 8 2 8 0 40 7 0 0 15 15 0 7 2 7 7 15 4 0 4 0 15 15 7
split_gain=9.93873 9.36487 19.1927 11.3505 13.8822 9.95985 40.1966 7.85335 8.74419 6.55373 6.35311 6.2749 7.62911 6.55007 6.00142 5.53904 5.38247 5.27823 5.23837 5.21971 5.02543 4.7598 4.75097 4.50367 6.6682 5.94493 6.14659 6.97925 5.25882
threshold=9.5000000000000018 14.500000000000002 8.5000000000000018 7.5000000000000009 6.5000000000000009 3.5000000000000004 1.5000000000000002 1.5000000000000002 4.5000000000000009 55.500000000000007 1.0000000180025095e-35 28.500000000000004 11.500000000000002 34.500000000000007 362.36747768337557 371.64251038177468 42.500000000000007 8.5000000000000018 1.0000000180025095e-35 5.5000000000000009 22.500000000000004 379.54822426874324 1254.5000000000002 23.500000000000004 800.50000000000011 27.500000000000004 369.91782259832377 370.41265743290433 6.5000000000000009
decision_type=2 2 2 2 2 2 2 2 2 2 2 2 2 2 2 2 2 2 2 2 2 2 2 2 2 2 2 2 2
left_child=1 2 3 4 10 6 11 15 -9 18 14 12 -3 -14 -1 16 -7 -4 -2 -12 -10 -5 -22 28 25 -25 -27 -28 -16
right_child=9 5 17 21 -6 7 -8 8 20 -11 19 -13 13 -15 23 -17 -18 -19 -20 -21 22 -23 -24 24 -26 26 27 -29 -30
leaf_value=-0.15478668750664204 0.25769454576948519 0.12208906121077248 0.084063717635520202 -0.04998299231305945 0.22128243978205689 -0.061426846703487817 0.28253883236527455 -0.16932330126192033 -0.017543609935873481 -0.15250538900960184 0.015894882665671066 0.07899859929198659 -0.084145596394151631 0.041575850461611871 -0.0019581918702612079 -0.15519737740523934 0.12063205142797691 0.30439694530335448 0.07274900307726534 0.15364105404853931 0.12218307687363428 0.13047865682849935 -0.033183111026971808 -0.18064176790099226 0.032327506118191802 0.040167725769327291 -0.28897337679756746 -0.039688774341244751 0.070218348891861501
leaf_weight=8.5160083919763547 6.7181617841124526 9.8845115900039655 8.1208298504352587 133.81776707991958 13.415230449289082 188.05135298147798 19.334548380225897 10.57409458234906 59.208816342055798 4.1268724128603926 21.333502203226089 19.891385808587074 80.183844249695539 20.557026922702789 83.558750212192535 24.824738461524248 6.3065928295254698 10.257265653461216 47.834377460181713 22.526130899786949 25.882069773972034 5.6734484396874896 10.986679174005983 13.092315595597027 54.248525779694319 24.374080874025822 5.5238521657884148 18.755995307117701 77.627899695187807
leaf_count=51 45 62 51 1010 94 1411 113 66 393 29 129 131 539 140 480 183 47 65 373 131 183 40 70 80 334 151 38 117 474
internal_value=0 -0.00556034 0.0135215 0.00578173 0.0253406 -0.0256449 0.0169932 -0.0452504 -0.000719593 0.0788694 0.0170627 -0.023211 -0.0418439 -0.0584176 0.00612211 -0.0668709 -0.0552445 0.211531 0.0975182 0.0875137 0.0185655 -0.0422325 0.0760488 0.0113177 -0.0186911 -0.0634209 -0.030461 -0.100784 0.0329046
internal_weight=0 976.527 500.842 482.464 342.972 475.686 149.851 325.834 106.652 58.6794 329.557 130.517 110.625 100.741 285.697 219.183 194.358 18.3781 54.5525 43.8596 96.0776 139.491 36.8687 277.181 115.995 61.7462 48.6539 24.2798 161.187
internal_count=7030 6583 3245 3129 2079 3338 985 2353 712 447 1985 872 741 679 1725 1641 1458 116 418 260 646 1050 253 1674 720 386 306 155 954
is_linear=0
shrinkage=0.2


Tree=17
num_leaves=30
num_cat=0
split_feature=9 9 15 4 4 2 15 9 6 0 9 7 14 14 0 14 15 14 14 14 14 1 4 12 4 4 0 0 4
split_gain=24.4471 14.6521 11.2894 11.047 6.54387 6.37124 8.40069 6.06735 5.89883 5.24666 5.78405 4.98959 4.99217 5.12669 7.58185 4.88718 8.14978 6.25333 4.95918 5.64337 5.95128 4.7127 5.43556 4.81349 5.4661 10.2799 6.25267 4.81308 4.69287
threshold=344.50000000000006 61.500000000000007 360.59669584508123 -69.999999999999986 13742.500000000002 1.0000000180025095e-35 370.84289194926799 612.50000000000011 1.0000000180025095e-35 21.500000000000004 480.50000000000006 1.0000000180025095e-35 1550.501510899606 1524.1058732958945 41.500000000000007 1485.4070747783417 369.40107043143729 1519.9343476367569 1480.8996253329683 1477.8118738160447 1455.7634748460941 1.0000000180025095e-35 643.50000000000011 51452.500000000007 5931.5000000000009 1812.5000000000002 24.500000000000004 42.500000000000007 -264.49999999999994
decision_type=2 2 2 2 2 2 2 2 2 2 2 2 2 2 2 2 2 2 2 2 2 2 2 2 2 2 2 2 2
left_child=1 -1 -2 -3 5 6 -4 -8 11 10 -7 -5 13 21 -15 18 -17 -18 19 20 -11 22 -13 24 25 27 -26 -23 -12
right_child=2 3 4 8 -6 9 7 -9 -10 15 28 12 -14 14 -16 16 17 -19 -20 -21 -22 23 -24 -25 26 -27 -28 -29 -30
leaf_value=-0.17851177558842402 -0.26502525947654748 -0.17895501101271438 0.15280529156835493 0.14887100208529525 -0.17920344891941398 0.0070223225838004517 -0.15198416145199151 0.096490343869057249 -0.074763352344135878 0.018548519090958223 -0.10026866003118924 -0.011882579305711427 0.11654308813285355 -0.05038189966379563 0.088802543370502793 0.12292207743132158 -0.15302064119484704 0.016326157075133511 -0.25171639752240266 0.17607712427054878 -0.13652497241990175 -0.018948552899134486 0.14561121722880874 0.031063427175307735 0.248322942538897 -0.14288139281948511 -0.05317380840173086 0.19014059119520671 0.083505358021231962
leaf_weight=24.063548624515533 4.49180694669485 16.610783640295267 39.53984135761857 7.4902277775108805 4.9950153902173033 73.897250134497881 7.0586882643401605 7.7795816920697689 59.437077894806862 21.345462061464787 5.4153687581419936 16.303974729031324 11.536740157753227 181.26174736395478 16.706553854048252 26.610259987413883 9.3748016804456693 76.215249568223953 3.9244928807020178 4.3754995279014102 17.838090915232897 102.30388852581382 18.327978484332561 86.182055467739701 5.415016293525694 29.389471732079983 4.9126772880554199 4.1352444179356089 135.35681784152985
leaf_count=471 27 180 226 47 27 395 35 53 456 129 30 120 75 1229 120 165 59 472 23 30 108 718 118 565 32 194 35 31 860
internal_value=0 -0.0271932 0.035273 -0.0205478 0.0386646 0.041395 0.105118 -0.0227414 -0.0155562 0.0320194 0.0524059 -0.00821977 -0.0108325 -0.0141069 -0.0384549 0.00454006 0.0272868 -0.00295205 -0.0489513 -0.0282078 -0.052824 0.00398364 0.0722946 -0.00632321 -0.0283972 -0.0391666 0.108809 -0.0100305 0.0761277
internal_weight=0 584.077 438.218 560.013 433.726 428.731 54.3781 14.8383 543.403 374.353 214.669 483.966 476.475 464.939 197.968 159.684 112.2 85.5901 47.4835 43.5591 39.1836 266.97 34.632 232.338 146.156 135.829 10.3277 106.439 140.772
internal_count=7030 4391 2639 3920 2612 2585 314 88 3740 2271 1285 3284 3237 3162 1349 986 696 531 290 267 237 1813 238 1575 1010 943 67 749 890
is_linear=0
shrinkage=0.2


Tree=18
num_leaves=30
num_cat=0
split_feature=43 10 5 8 1 7 7 14 14 15 8 8 7 28 4 15 7 7 4 4 15 14 1 10 7 4 20 3 4
split_gain=5.82446 7.32301 6.19175 4.31381 4.16094 6.38564 7.75123 4.56098 4.17858 3.73684 3.54787 9.62312 46.9464 5.15273 8.47071 4.52932 4.47701 4.36853 4.43958 4.55608 4.2256 4.68977 4.17128 5.03284 4.04174 4.82739 4.35727 3.96928 3.91429
threshold=1.0000000180025095e-35 2.5000000000000004 1.0000000180025095e-35 10.500000000000002 1.0000000180025095e-35 23.500000000000004 26.500000000000004 1528.5318522717359 1405.5189198568769 364.67538049392277 1.5000000000000002 3.5000000000000004 8.5000000000000018 1.0000000180025095e-35 1063.5000000000002 370.82673825311139 3.5000000000000004 13.500000000000002 936.00000000000011 443.50000000000006 368.42744732232933 1480.0730384358214 5.5000000000000009 1.5000000000000002 7.5000000000000009 58.500000000000007 1.0000000180025095e-35 1.5000000000000002 122.50000000000001
decision_type=2 2 2 2 2 2 2 2 2 2 2 2 2 2 2 2 2 2 2 2 2 2 2 2 2 2 2 2 2
left_child=3 9 -3 4 5 7 -7 8 -1 -2 15 12 13 14 -12 17 22 18 19 20 21 -6 23 28 25 -18 -26 -16 -13
right_child=1 2 -4 -5 10 6 -8 -9 -10 -11 11 16 -14 -15 27 -17 24 -19 -20 -21 -22 -23 -24 -25 26 -27 -28 -29 -30
leaf_value=0.24170728638573802 0.21491668566768984 0.11169700100962168 -0.17150411411655944 0.078740900785137555 -0.046655775496355668 0.25073951470254058 0.0094837037591495484 -0.062495933941713239 0.022514137596642392 0.065705384305139239 -0.095279030431299677 -0.10210327381960552 0.26386580972032808 -0.20127146563296769 -0.0057363285297998869 0.016389232553472761 -0.15122019701174305 -0.10044474668453621 -0.087856179193927117 0.15361484906962905 -0.09532241551778127 0.20995932217781663 0.10256338820049325 -0.14506775630014665 -0.0099737800756917669 -0.033784442871446746 -0.18387277026433491 0.21355031521785195 0.080773431626008182
leaf_weight=3.2336251921951762 7.5403531789779654 4.2747104838490459 8.6710899919271469 23.978370726108551 5.870925281196838 10.013016778975727 10.911388244479893 26.653428277000785 61.151676645502448 48.062225062400103 25.59990455955267 5.750708386301997 28.136636056005955 8.1477866135537607 6.7057944126427156 41.888351645320654 18.083428371697664 54.518807217478752 21.864351402968168 8.0659365952014905 12.333395399153231 4.829021617770195 23.534710023552179 7.5762513242661944 416.67276250012219 58.854744736105204 5.379814099520444 5.9925317130982876 18.793388713151217
leaf_count=21 45 26 62 205 38 64 84 178 409 305 163 34 174 47 43 276 149 374 130 47 80 29 145 52 3086 414 45 38 113
internal_value=0 0.0561024 -0.0773581 -0.00415024 -0.00642217 0.0295509 0.127885 0.00641274 0.0351832 0.0875609 -0.0116097 -0.00501956 0.0622021 -0.0613741 -0.0295463 -0.0392689 -0.0141035 -0.0609372 -0.0197473 0.0287278 -0.0171884 0.0730933 0.0394815 -0.00754599 -0.0201114 -0.0621318 -0.0123911 0.101651 0.0368193
internal_weight=0 68.5484 12.9458 914.541 890.562 111.963 20.9244 91.0387 64.3853 55.6026 778.599 629.228 74.5827 46.446 38.2982 149.371 554.646 107.482 52.9636 31.0993 23.0333 10.6999 55.6551 32.1203 498.991 76.9382 422.053 12.6983 24.5441
internal_count=6876 438 88 6438 6233 756 148 608 430 350 5477 4503 465 291 244 974 4038 698 324 194 147 67 344 199 3694 563 3131 81 147
is_linear=0
shrinkage=0.2


Tree=19
num_leaves=30
num_cat=0
split_feature=9 9 9 8 8 8 30 8 8 7 8 9 8 7 0 0 4 1 9 7 7 7 0 9 9 8 7 0 7
split_gain=21.8959 5.81701 5.79171 5.70984 17.3012 7.51095 6.66364 4.88296 11.0022 13.6623 5.92893 6.33147 5.44666 4.8015 4.61055 5.13412 4.7327 3.92657 5.15861 4.42439 3.91634 6.84529 3.85602 4.42098 4.49633 4.87673 6.37801 5.39488 4.22291
threshold=144.50000000000003 59.500000000000007 551.50000000000011 7.5000000000000009 6.5000000000000009 8.5000000000000018 1.0000000180025095e-35 4.5000000000000009 1.5000000000000002 6.5000000000000009 3.5000000000000004 122.50000000000001 1.0000000180025095e-35 5.5000000000000009 33.500000000000007 31.500000000000004 235.50000000000003 8.5000000000000018 504.50000000000006 2.5000000000000004 6.5000000000000009 12.500000000000002 28.500000000000004 1172.0000000000002 577.50000000000011 1.0000000180025095e-35 19.500000000000004 16.500000000000004 24.500000000000004
decision_type=2 2 2 2 2 2 2 2 2 2 2 2 2 2 2 2 2 2 2 2 2 2 2 2 2 2 2 2 2
left_child=1 -1 14 4 6 -5 7 8 12 -10 11 -11 -3 -9 15 -2 -17 18 19 -16 -7 -22 23 24 -4 26 27 -26 -27
right_child=2 3 22 5 -6 20 -8 13 9 10 -12 -13 -14 -15 17 16 -18 -19 -20 -21 21 -23 -24 -25 25 28 -28 -29 -30
leaf_value=-0.16747329866091851 -0.0007939009471474791 0.018729427769860151 0.15091746303008191 -0.17623728547983547 0.27595105704450607 -0.22115924988959379 0.2599160606751143 -0.0039187575695835706 -0.12092038952825451 0.39063543902108655 -0.0036948576982417623 0.066319829632985022 -0.13882736626628769 -0.16929474859769403 0.16027257759386271 -0.22687576021263647 -0.022414704768349458 0.11797938423755534 -0.16788612587193494 0.017764308182494647 0.16792241437766048 -0.063475657360315352 -0.00042042738432723114 0.14338160284926738 0.031159886941778944 0.061886741454267515 0.15287732941264109 -0.27188205060492177 -0.04921387692100565
leaf_weight=18.83576468937099 445.70955645292997 13.201290834695099 13.940291129052637 27.169933062046766 6.7675605565309516 3.2142474055290249 2.332217648625373 10.336275059729816 7.7237472087144878 6.6262118667364103 4.124073661863803 3.982427179813385 25.133254997432232 21.587619323283434 9.3318931199610216 7.3193220533430603 11.101262886077164 20.4563167989254 4.9407203048467627 80.403407100588083 6.5770684853196171 18.194502577185631 61.947947259992361 20.852925699204206 3.5625710338354093 94.847642078995705 3.0419903546571723 5.9692417681217194 15.62111374735832
leaf_count=431 2690 77 70 323 36 15 17 77 59 35 40 21 240 253 57 44 65 121 28 561 33 158 429 182 25 628 27 36 98
internal_value=0 -0.0635991 0.0142733 -0.050675 -0.0224059 -0.102233 -0.0448943 -0.0538254 -0.0202343 0.089799 0.200591 0.276815 -0.0849969 -0.116578 0.00377369 -0.00512271 -0.107255 0.0395134 0.0220639 0.033337 -0.0286726 -6.79913e-05 0.0418795 0.0584338 0.0450591 0.0325407 -0.0834221 -0.162451 0.0460353
internal_weight=0 175.806 799.046 156.97 101.815 55.1558 95.0471 92.7149 60.791 22.4565 14.7327 10.6086 38.3345 31.9239 579.262 464.13 18.4206 115.132 94.676 89.7353 27.9858 24.7716 219.784 157.836 136.983 123.043 12.5738 9.53181 110.469
internal_count=6876 1815 5061 1384 855 529 819 802 472 155 96 56 317 330 3566 2799 109 767 646 618 206 191 1495 1066 884 814 88 61 726
is_linear=0
shrinkage=0.2


Tree=20
num_leaves=30
num_cat=0
split_feature=9 0 9 6 7 8 15 3 4 0 0 31 4 9 3 15 8 8 7 0 15 0 15 0 4 4 0 8 9
split_gain=13.8016 6.85571 6.11178 7.69506 4.89912 9.10582 8.38508 6.7083 6.27106 5.08458 7.31528 5.07413 4.82055 4.71936 4.23888 4.21583 4.21392 6.78974 4.1508 4.04536 4.65889 4.41041 3.94826 5.39747 4.0082 4.14218 4.06435 3.87914 4.15748
threshold=120.50000000000001 4.5000000000000009 531.50000000000011 1.0000000180025095e-35 3.5000000000000004 4.5000000000000009 371.56809145355174 1.5000000000000002 3558.0000000000005 53.500000000000007 41.500000000000007 1.0000000180025095e-35 9434.0000000000018 480.50000000000006 1.0000000180025095e-35 363.10006337135621 7.5000000000000009 6.5000000000000009 26.500000000000004 17.500000000000004 370.48729809817058 10.500000000000002 364.56866131800024 20.500000000000004 4925.5000000000009 -1.0000000180025095e-35 17.500000000000004 7.5000000000000009 164.50000000000003
decision_type=2 2 2 2 2 2 2 2 2 2 2 2 2 2 2 2 2 2 2 2 2 2 2 2 2 2 2 2 2
left_child=12 -2 3 4 5 6 11 22 -7 10 15 -3 16 14 -5 -9 17 18 19 20 -1 -22 23 -6 25 -24 -26 28 -17
right_child=1 2 -4 13 7 8 -8 9 -10 -11 -12 -13 -14 -15 -16 27 -18 -19 -20 -21 21 -23 24 -25 26 -27 -28 -29 -30
leaf_value=-0.039584072089753626 0.17519537933389859 0.060526747442604847 0.032827630730268086 -0.19617096597689265 0.120460489491968 0.13517271227781719 -0.28528381958844129 -0.099516978635005873 -0.10899806796118522 -0.19780899946153607 0.21340762862875773 -0.14492915705651949 0.17507739929258137 -0.27548550720428888 -0.035431161278387462 0.12948433863833994 -0.12676850615548041 0.17790092142844977 -0.18803068242536317 -0.08511941645171639 -0.05627113812701378 0.25606124914195821 -0.14497827547240025 -0.034386369281193388 -0.30884635080798661 -0.021055703317057545 -0.06950596970165239 -0.013784724305965029 0.030565719229580623
leaf_weight=14.892332419753076 9.1312098912894708 19.06441047042609 232.10812475159764 7.098382379859685 16.217676438391209 38.314614571630955 4.0697722285985938 10.767694164067505 4.3692902810871592 3.6292550563812247 7.6527485065162173 5.9136455655097953 2.7454830128699532 3.7801953554153434 52.429801724851131 20.276200216263533 39.321097994223237 4.6563012301921836 8.5277151819318515 32.606539316475391 2.5427677184343329 4.7667219638824463 10.90634263306856 19.219192612916231 3.4805753938853732 218.53659969754517 11.63294683024287 61.481881897896528 97.07720385491848
leaf_count=147 67 99 1598 50 107 222 20 67 27 28 61 31 26 17 353 124 553 21 164 430 19 49 92 126 21 1429 73 401 518
internal_value=0 0.00710925 0.00520398 -0.00522294 0.00236657 0.0509471 -0.035127 -0.00492247 0.10927 0.0229348 0.0274536 0.0101179 -0.0679815 -0.0710032 -0.0559756 0.0194425 -0.0749312 -0.0442928 -0.06181 -0.0407491 0.024826 0.150554 -0.024914 0.0371241 -0.033957 -0.0272286 -0.132227 0.0268455 0.0481021
internal_weight=0 857.158 848.027 615.918 552.61 71.7317 29.0478 480.878 42.6839 200.885 197.256 24.9781 110.059 63.3084 59.5282 189.603 107.313 67.9924 63.3361 54.8084 22.2018 7.30949 279.993 35.4369 244.556 229.443 15.1135 178.835 117.353
internal_count=6940 5531 5464 3866 3446 399 150 3047 249 1199 1171 130 1409 420 403 1110 1383 830 809 645 215 68 1848 233 1615 1521 94 1043 642
is_linear=0
shrinkage=0.2


Tree=21
num_leaves=30
num_cat=0
split_feature=9 42 10 4 4 7 0 0 1 8 8 7 7 7 8 8 7 14 2 8 0 14 9 0 4 15 8 7 10
split_gain=11.1384 6.99385 7.08768 6.95942 5.64302 5.55764 6.22352 5.44925 5.00903 5.86506 6.30759 5.13537 4.73353 4.2954 4.09083 5.94016 6.08068 8.461 5.34754 4.92548 5.16217 6.43687 4.73848 3.99901 3.86065 3.75482 3.72147 4.29168 5.7888
threshold=222.50000000000003 1.0000000180025095e-35 3.5000000000000004 9434.0000000000018 18373.000000000004 27.500000000000004 57.500000000000007 6.5000000000000009 1.0000000180025095e-35 8.5000000000000018 3.5000000000000004 3.5000000000000004 20.500000000000004 6.5000000000000009 7.5000000000000009 9.5000000000000018 22.500000000000004 1521.5094751549289 1.5000000000000002 6.5000000000000009 20.500000000000004 1533.4694195923312 185.50000000000003 39.500000000000007 992.50000000000011 360.59669584508123 1.0000000180025095e-35 8.5000000000000018 1.0000000180025095e-35
decision_type=2 2 2 2 2 2 2 2 2 2 2 2 2 2 2 2 2 2 2 2 2 2 2 2 2 2 2 2 2
left_child=1 2 3 5 7 6 14 13 -3 10 23 -12 -11 -2 19 16 -16 -18 -17 20 21 -1 -23 26 -21 -9 -10 -28 -29
right_child=4 8 -4 -5 -6 -7 -8 25 9 12 11 -13 -14 -15 15 18 17 -19 -20 24 -22 22 -24 -25 -26 -27 27 28 -30
leaf_value=0.015548146229285154 -0.062111197935085641 0.031805245682015294 -0.12339157404119339 0.21186798451104083 -0.21721695140761521 -0.11557852525607862 -0.25518725281565063 -0.1363947285946274 -0.18743908515558827 -0.032641517602530978 0.011289318822532682 -0.19357333269159596 0.25208270117147985 0.20198662973593884 -0.10275620197398777 0.18639590239107029 0.26428097309549153 -0.11112284912772159 -0.050224376677146812 0.29548630206377674 -0.028624317275051315 0.20721264676024631 -0.027826170698296088 0.13638895714441787 0.010765956719636437 0.014906793943793526 -0.14322643511002209 0.2237860718026608 -0.06384914282583222
leaf_weight=48.091966904699802 2.9731450714170924 14.643074179068206 20.342634934931993 5.4989455193281165 3.7103395015001288 16.892299426719546 3.2088000923395148 6.1705997548997393 7.409286303445703 11.365061795338987 5.5899168793112031 36.245764475315809 2.4483889639377585 10.070366550236939 38.54257726855576 7.6237552389502508 4.331667233258484 4.4196220263838768 6.9393277876079082 4.2666899487376204 52.98431740142405 14.263843409717085 4.3399975150823584 3.8066183030605307 3.2489499915391207 597.05470624379814 6.5229837503284243 4.3168615847825986 6.3803916592150927
leaf_count=311 20 137 287 34 21 148 18 40 56 113 39 546 15 87 416 53 29 38 47 26 406 89 24 23 27 3767 55 20 48
internal_value=0 -0.0307704 -0.0119467 -0.00114022 0.0145205 -0.00719983 0.00257931 0.0160791 -0.0753081 -0.094034 -0.117325 -0.166378 0.0244153 0.141722 0.00757215 -0.0344528 -0.068745 0.078666 0.0755879 0.0280607 0.0178416 0.0546974 0.153043 -0.0436368 0.180231 0.0132548 -0.07348 -0.0207945 0.0567293
internal_weight=0 333.724 234.995 214.653 619.979 209.154 192.262 616.269 98.7283 84.0853 70.2718 41.8357 13.8135 13.0435 189.053 61.8569 47.2939 8.75129 14.5631 127.196 119.68 66.6958 18.6038 28.4361 7.51564 603.225 24.6295 17.2202 10.6973
internal_count=6940 3005 1953 1666 3935 1632 1484 3914 1052 915 787 585 128 107 1466 583 483 67 100 883 830 424 113 202 53 3807 179 123 68
is_linear=0
shrinkage=0.2


Tree=22
num_leaves=30
num_cat=0
split_feature=44 14 4 3 4 10 15 25 8 7 7 14 14 38 8 1 14 3 15 8 2 0 14 4 7 14 1 1 36
split_gain=4.40567 5.63557 6.82475 6.46833 8.39701 6.01113 8.20928 5.84475 5.47527 5.10881 4.97669 5.17475 6.87053 4.6932 4.71023 4.62051 5.58618 4.40994 4.2211 4.02901 3.94294 6.65712 5.27939 3.91553 5.84768 9.94225 5.3542 3.97065 3.83386
threshold=1.0000000180025095e-35 1487.2427361452067 6628.0000000000009 1.5000000000000002 261.50000000000006 1.0000000180025095e-35 365.16751721620466 1.0000000180025095e-35 7.5000000000000009 21.500000000000004 2.5000000000000004 1484.6710423185434 1477.0376301651884 1.0000000180025095e-35 4.5000000000000009 2.5000000000000004 1523.6864089080329 1.0000000180025095e-35 394.77663414359034 6.5000000000000009 1.5000000000000002 24.500000000000004 1547.510087483309 116.50000000000001 6.5000000000000009 1514.4884527307734 8.5000000000000018 5.5000000000000009 1.0000000180025095e-35
decision_type=2 2 2 2 2 2 2 2 2 2 2 2 2 2 2 2 2 2 2 2 2 2 2 2 2 2 2 2 2
left_child=1 2 3 8 9 15 13 -4 28 -5 -6 12 -12 14 -7 16 -3 -2 -8 -11 21 22 -17 -22 26 27 -25 -26 -1
right_child=17 5 7 4 10 6 18 -9 -10 19 11 -13 -14 -15 -16 20 -18 -19 -20 -21 23 -23 -24 24 25 -27 -28 -29 -30
leaf_value=-0.045385271390825016 -0.090859906253328473 0.072750267392381066 0.20055199364434687 0.12702020958397883 -0.21751534626784799 0.14676890648981689 -0.018431816067270877 -0.069546626820701882 -0.10807645822118817 -0.1441676256666086 -0.043064600547641475 -0.25044179378805514 0.11705507358134437 0.2392299367295174 -0.15893007693941019 -0.007987309939523856 -0.063021599516678711 0.051114500960562241 0.18733224042402036 0.12075806481080374 0.1844496798289359 0.065048309328383916 -0.21717142343307982 -0.12590979770012328 -0.26412320491258318 0.14965553623707259 0.10604204315370358 0.020690547342837158 0.079615058899903002
leaf_weight=69.873638492077589 9.1086420994251949 17.64372425340116 8.906088996678589 26.014613091945648 5.1512097120285025 4.2429650295525771 304.57362022809684 4.5766700915992251 59.428802590817213 5.6437577083706838 46.579309346154332 3.231913521885871 13.416654489934443 7.5978691894561052 3.0623671151697636 42.983408769592643 36.265239739790559 106.31805453263223 3.5767690930515519 3.246566254645586 12.727437807247041 69.125636026263237 4.9755291081964961 10.074550461024048 2.953565437346696 32.713751066476107 5.96259432286024 4.4347230438143015 10.970933351665733
leaf_count=515 92 131 62 182 32 28 2297 32 509 52 312 20 96 49 25 305 259 790 22 20 81 494 37 64 22 240 41 34 73
internal_value=0 -0.00206852 -0.0265786 -0.0343128 0.00368135 0.00913612 -0.00867115 0.109609 -0.0622076 0.082867 -0.0370277 -0.020837 -0.00663043 0.134006 0.0167723 0.0330899 -0.0183421 0.0395901 -0.0157637 -0.0462242 0.0480092 0.0255029 -0.0315734 0.0858442 0.0621524 0.102632 -0.0391102 -0.102097 -0.0280626
internal_weight=0 819.954 257.04 243.557 103.284 562.914 323.054 13.4828 140.273 34.9049 68.3791 63.2279 59.996 14.9032 7.30533 239.86 53.909 115.427 308.15 8.89032 185.951 117.085 47.9589 68.8666 56.1392 40.102 16.0371 7.38829 80.8446
internal_count=6916 6034 1905 1811 714 4129 2421 94 1097 254 460 428 408 102 53 1708 390 882 2319 72 1318 836 342 482 401 296 105 56 588
is_linear=0
shrinkage=0.2


Tree=23
num_leaves=30
num_cat=0
split_feature=9 9 7 20 10 9 9 8 21 9 2 7 9 15 8 8 8 7 7 8 7 37 9 8 8 7 8 22 9
split_gain=11.6407 5.31722 6.35694 4.45373 3.86397 5.01494 5.28681 4.40875 3.90053 4.09677 3.73826 3.35503 3.2317 3.67651 4.53952 3.36409 6.66725 5.41129 3.02764 5.32478 4.56612 4.90171 6.55348 4.27748 14.5947 6.38125 18.1204 5.63057 3.84164
threshold=77.500000000000014 933.50000000000011 2.5000000000000004 1.0000000180025095e-35 5.5000000000000009 649.50000000000011 456.50000000000006 4.5000000000000009 1.0000000180025095e-35 212.50000000000003 1.5000000000000002 21.500000000000004 131.50000000000003 371.74205339836578 10.500000000000002 3.5000000000000004 2.5000000000000004 7.5000000000000009 3.5000000000000004 9.5000000000000018 5.5000000000000009 1.0000000180025095e-35 654.50000000000011 3.5000000000000004 1.5000000000000002 15.500000000000002 8.5000000000000018 1.0000000180025095e-35 504.50000000000006
decision_type=2 2 2 2 2 2 2 2 2 2 2 2 2 2 2 2 2 2 2 2 2 2 2 2 2 2 2 2 2
left_child=-1 3 -3 4 8 6 7 10 12 -10 -6 -4 13 14 15 16 -2 -18 -14 20 21 22 -20 24 27 26 -25 -22 -26
right_child=1 2 11 -5 5 -7 -8 -9 9 -11 -12 -13 18 -15 -16 -17 17 -19 19 -21 23 -23 -24 25 28 -27 -28 -29 -30
leaf_value=-0.12181648365603044 -0.062127891005152369 -0.17077977408178049 0.058292983336720498 -0.13542163073836833 -0.071568365940185036 -0.26198714390512989 0.11747022002445306 -0.17075425363493058 0.31022700384116519 0.014188230703732275 0.1865202155203661 0.18480126588640108 0.045737837513894951 0.074931429743112662 0.20693497547841716 -0.087445302942514069 -0.028094695142930188 0.27048454018170859 -0.05084424379490432 0.075136587281410247 -0.0028434386072850593 -0.17334531371165052 0.16828101911040111 0.0047122836156987969 0.19874153860721971 -0.029506638141703324 0.2591280820697095 0.16072141396587047 -0.040484963165715773
leaf_weight=28.696767997927964 22.175840117037296 3.7568842992186537 40.728655528277159 8.7775383517146093 6.069982700049886 3.9934460148215285 6.6123763769865027 10.279541386291383 2.9890260808169833 4.1773228980600834 2.9572855941951275 10.396477200090883 83.151720229536295 11.291466498747466 2.3172274976968756 46.571923861280084 4.2913021668791789 4.8945299685001373 45.204375365749002 40.282356433570385 132.27250315248966 10.363619552925227 5.741516336798667 147.86966338194907 22.428789094090465 201.02149963192642 11.650410423055289 8.5228594988584501 2.8801886774599543
leaf_count=708 178 34 379 66 54 27 33 96 23 25 19 97 491 97 10 489 35 26 261 352 778 70 39 962 155 1253 82 47 30
internal_value=0 0.00656274 0.0666253 0.00264465 0.00416176 -0.0658697 -0.031553 -0.0841601 0.00678409 0.149084 0.0179937 0.0854582 0.00542815 -0.0298493 -0.0449402 -0.0536168 -0.00283588 0.136385 0.00998427 0.00522159 0.000375726 -0.0510677 -0.0248455 0.00640444 0.032912 -0.00583458 0.0239952 0.00755612 0.171277
internal_weight=0 903.67 54.882 848.788 840.011 29.9126 25.9192 19.3068 810.098 7.16635 9.02727 51.1251 802.932 91.5423 80.2508 77.9336 31.3617 9.18583 711.39 628.238 587.955 61.3095 50.9459 526.646 166.104 360.542 159.52 140.795 25.309
internal_count=6916 6208 510 5698 5632 229 202 169 5403 48 73 476 5355 835 738 728 239 61 4520 4029 3677 370 300 3307 1010 2297 1044 825 185
is_linear=0
shrinkage=0.2


Tree=24
num_leaves=30
num_cat=0
split_feature=9 4 8 4 1 3 10 10 8 4 2 4 9 8 4 9 9 4 14 9 6 9 42 14 14 3 25 9 9
split_gain=8.76279 9.89441 5.78619 8.45072 5.63829 5.50414 4.68821 4.62335 4.5372 7.77745 6.96599 6.73058 5.14634 7.53985 4.20322 4.90962 5.59053 5.39633 5.23675 5.60432 4.89909 6.10408 5.37626 4.16686 5.45237 5.60907 4.14777 3.89063 5.68835
threshold=404.50000000000006 -69.999999999999986 1.0000000180025095e-35 127.50000000000001 2.5000000000000004 1.0000000180025095e-35 2.5000000000000004 1.0000000180025095e-35 1.5000000000000002 58.500000000000007 1.5000000000000002 372.50000000000006 180.50000000000003 4.5000000000000009 1378.0000000000002 290.50000000000006 144.50000000000003 1927.0000000000002 1494.3815475887309 367.50000000000006 1.0000000180025095e-35 379.50000000000006 1.0000000180025095e-35 1412.3226618968999 1524.3356835914517 1.5000000000000002 1.0000000180025095e-35 1242.5000000000002 1150.5000000000002
decision_type=2 2 2 2 2 2 2 2 2 2 2 2 2 2 2 2 2 2 2 2 2 2 2 2 2 2 2 2 2
left_child=1 -1 3 -3 -5 7 14 -4 -8 10 -10 -11 13 -13 20 16 -16 -18 -17 -20 21 22 23 -7 26 -26 -25 28 -2
right_child=27 2 5 4 -6 6 8 -9 9 11 -12 12 -14 -15 15 18 17 -19 19 -21 -22 -23 -24 24 25 -27 -28 -29 -30
leaf_value=-0.16782595339944115 0.02466193629383167 0.20985626613111363 -0.0088973568527011288 -0.075388127423551901 0.064477516880614857 -0.12138934618948452 -0.13937761638642707 -0.13043029281539079 0.0051528221199869705 -0.20589823026663817 0.38541766424155022 0.12495097025693649 0.060366545375019759 -0.19827234506529948 -0.022980317416636618 -0.19477034099001739 0.1813179700930504 0.048716905355022024 -0.062710555806542459 0.17156513222934916 -0.086312578331641854 -0.15788888287126526 -0.051904663855468186 0.018244918910055634 -0.068355274757564102 0.040896518964104428 0.101051584117581 0.10876436919824724 -0.13651568897900496
leaf_weight=15.908867810852824 311.92165021598339 10.239847205579279 21.798442813567817 17.708203772082925 31.092900602146983 7.73786936700344 19.413124761544168 29.183637290261686 4.9593037338927379 9.249917656183241 2.6981152165681124 3.7171650212258127 16.370521023869514 9.3615914834663254 29.070898963138461 6.6304211728274849 16.025741375982761 50.367350917309523 13.308063119649889 5.3399425335228434 33.728486074134707 9.6239594407379609 57.778924569487572 54.182065619155765 38.846371315419674 35.590377664193511 43.630334235727787 20.709994096308947 8.5522327683866006
leaf_count=218 1926 56 210 109 214 57 189 330 69 120 22 28 102 147 283 43 99 329 89 34 295 52 511 380 283 236 298 214 81
internal_value=0 -0.0145119 -0.0101575 0.0489275 0.0134918 -0.0169219 -0.01008 -0.0790186 -0.059381 -0.0248248 0.153587 -0.0615368 -0.0136882 -0.105268 -0.00195168 0.0291906 0.0499119 0.0817661 -0.0485497 0.00692679 -0.0153537 -0.00553506 0.000928992 0.0179799 0.0245519 -0.0161895 0.0554863 0.0256875 0.0201684
internal_weight=0 593.562 577.654 59.041 48.8011 518.613 467.631 50.9821 65.7697 46.3566 7.65742 38.6992 29.4493 13.0788 401.861 120.742 95.464 66.3931 25.2784 18.648 281.118 247.39 237.766 179.987 172.249 74.4367 97.8124 341.184 320.474
internal_count=7024 4803 4585 379 323 4206 3666 540 677 488 91 397 277 175 2989 877 711 428 166 123 2112 1817 1765 1254 1197 519 678 2221 2007
is_linear=0
shrinkage=0.2


Tree=25
num_leaves=30
num_cat=0
split_feature=9 43 9 4 8 14 15 3 7 7 7 4 7 8 0 14 7 0 9 9 25 1 0 4 35 14 9 42 4
split_gain=6.08908 5.0602 6.18563 6.20735 6.64459 4.97904 6.0614 4.75896 4.61312 4.52901 9.43165 6.33461 5.00399 5.98153 4.63679 6.55967 6.44697 5.23111 5.0392 4.70282 6.38582 4.62191 4.19118 4.28984 4.01618 5.00419 4.38524 3.95178 4.43102
threshold=61.500000000000007 1.0000000180025095e-35 465.50000000000006 13742.500000000002 1.0000000180025095e-35 1526.9364212811304 364.71968670980965 1.5000000000000002 17.500000000000004 26.500000000000004 23.500000000000004 1424.0000000000002 17.500000000000004 9.5000000000000018 18.500000000000004 1528.7348510490044 3.5000000000000004 27.500000000000004 383.50000000000006 192.50000000000003 1.0000000180025095e-35 1.0000000180025095e-35 10.500000000000002 6.5000000000000009 1.0000000180025095e-35 1526.7150867736323 150.50000000000003 1.0000000180025095e-35 219.50000000000003
decision_type=2 2 2 2 2 2 2 2 2 2 2 2 2 2 2 2 2 2 2 2 2 2 2 2 2 2 2 2 2
left_child=-1 2 7 4 8 6 -6 9 -4 10 12 -11 14 -14 15 24 27 18 -18 -19 -21 -12 -23 -24 25 -2 -26 -16 -29
right_child=1 -3 3 -5 5 -7 -8 -9 -10 11 21 -13 13 -15 16 -17 17 19 -20 20 -22 22 23 -25 26 -27 -28 28 -30
leaf_value=-0.13146027057779522 0.068389537883970952 0.056132838728056557 -0.16490096037610336 -0.22885540487277167 0.098380463948778696 0.07321682370785168 -0.0041937295613835752 0.007902581420463314 0.06196760100723591 -0.15049200440728269 0.25254264919677843 0.044320492390228935 -0.10590182642304131 0.11303836359169697 0.11824542294243577 -0.062965813676480242 -0.1510027226340479 -0.10285833498696206 0.05093193316460766 -0.04867374184242252 0.11468012244981617 -0.136734865222537 -0.1355699221442811 0.14138334504320957 -0.1292517982978619 0.3244703610829161 0.037047947917754502 0.12357836482430795 -0.14012102193933468
leaf_weight=13.411669004708527 33.166335226967931 63.775064373388886 11.173598349094393 3.3913877308368674 27.479165028780699 87.358762543648481 131.17967079207301 239.01178668998182 4.8857432305812827 24.363285679370165 5.473489515483382 8.8868910651653987 50.552134618163109 5.1515099070966235 13.580303775146604 30.680901078507304 33.827988622710109 21.819082491099834 5.5412254258990279 25.560350006446242 14.679859349504111 3.5161723792552975 2.3229668196290723 12.314805813133715 7.8087344281375399 2.9643746130168429 26.689739808440208 3.599411029368639 6.4555379673838615
leaf_count=481 215 447 70 16 190 605 889 1596 32 240 33 72 433 40 88 218 325 217 28 171 109 26 31 103 83 20 178 24 44
internal_value=0 0.00202411 -0.00209603 0.0231514 0.0268135 0.0350024 0.0138083 -0.0137018 -0.0960798 -0.028926 -0.0212166 -0.098531 -0.0314301 -0.084883 -0.0181294 0.0136445 -0.0438234 -0.0657019 -0.122317 -0.0291415 0.0115504 0.098964 0.0474894 0.0946004 0.0471185 0.0932705 -0.00181703 0.0495201 -0.0444289
internal_weight=0 907.21 843.435 265.468 262.077 246.018 158.659 577.967 16.0593 338.955 305.705 33.2502 282.077 55.7036 226.374 101.31 125.064 101.429 39.3692 62.0593 40.2402 23.6274 18.1539 14.6378 70.6292 36.1307 34.4985 23.6353 10.0549
internal_count=7024 6543 6096 1802 1786 1684 1079 4294 102 2698 2386 312 2193 473 1720 714 1006 850 353 497 280 193 160 134 496 235 261 156 68
is_linear=0
shrinkage=0.2


Tree=26
num_leaves=30
num_cat=0
split_feature=9 10 10 9 35 8 9 8 8 8 42 9 0 9 15 15 0 9 8 8 9 1 1 9 10 14 15 14 41
split_gain=8.26348 4.91171 4.24963 5.02433 4.04731 3.72568 3.72498 3.69517 6.16236 14.5323 5.00212 5.11995 4.18767 3.56681 3.98008 6.19075 3.40845 7.23033 6.82212 4.79111 5.36292 9.29301 4.0716 3.8201 3.61752 5.7784 5.41773 4.41585 4.1293
threshold=284.50000000000006 2.5000000000000004 3.5000000000000004 395.50000000000006 1.0000000180025095e-35 1.0000000180025095e-35 1407.5000000000002 8.5000000000000018 7.5000000000000009 6.5000000000000009 1.0000000180025095e-35 152.50000000000003 57.500000000000007 170.50000000000003 368.5875295233497 370.7781137966474 14.500000000000002 206.50000000000003 1.0000000180025095e-35 4.5000000000000009 245.50000000000003 3.5000000000000004 1.5000000000000002 144.50000000000003 1.5000000000000002 1492.6409146707638 370.13155308780398 1526.7150867736323 1.0000000180025095e-35
decision_type=2 2 2 2 2 2 2 2 2 2 2 2 2 2 2 2 2 2 2 2 2 2 2 2 2 2 2 2 2
left_child=1 7 6 -4 -5 -3 -2 8 9 16 11 -10 -9 -7 -15 -16 17 -1 -19 22 -21 -22 23 -18 26 -26 27 -24 -28
right_child=2 5 3 4 -6 13 -8 12 10 -11 -12 -13 -14 14 15 -17 19 18 -20 20 21 -23 24 -25 25 -27 28 -29 -30
leaf_value=-0.010590565143403171 0.011517489064892224 0.10101690038393672 0.21812200170357599 0.00029960231273680476 0.14941432270336241 -0.14035764134714193 0.13451475583563896 0.047070260735440621 -0.13466695132799084 0.18048111014882995 -0.15064500353278418 0.016764971102028771 -0.19614669838078563 -0.13254486112398034 0.10239421080185428 -0.13339813675966558 -0.020594549226579134 -0.3720875914421739 -0.089343196623504706 -0.080051519411050404 -0.12816917933292571 0.19177696469989894 0.0074804368954220135 0.14444477712664122 -0.11446449755643379 0.18052333567282458 0.028342590467134877 0.20350637715609221 -0.12356729608572402
leaf_weight=45.195348781533539 428.72371361404657 4.2411910537630311 8.0684336982667428 24.044300947338343 9.977624446153639 25.174036607146263 9.6202170662581903 58.109367235563695 12.680078468285499 15.503668934106825 21.754921323619783 27.582368327304721 2.5196620449423781 10.526080062612893 12.063952911645176 6.4503645822405806 8.0152676869183797 4.0641576200723675 15.907680433243511 45.219576703384519 5.803057972341775 8.2518660351634008 30.137479624710977 17.439915902912617 3.3294023424386969 8.9721566215157491 10.299508435651658 4.9657539129257193 21.926046887412667
leaf_count=304 2781 32 50 156 62 522 110 530 197 104 394 207 17 80 84 49 73 25 98 428 35 46 208 94 23 57 68 32 154
internal_value=0 -0.0180061 0.0202321 0.0805883 0.0454609 -0.0716198 0.0143571 -0.00940232 -0.0183172 -0.00401236 -0.0743836 -0.0319231 0.0355411 -0.0858722 -0.0371675 0.0189841 -0.0168152 -0.055344 -0.154064 -0.00142542 -0.0466817 0.0598026 0.0241954 0.0930425 0.00177327 0.0994193 -0.0166292 0.0375173 -0.0753044
internal_weight=0 426.133 480.434 42.0904 34.0219 58.4556 438.344 367.677 307.048 245.031 62.0174 40.2624 60.629 54.2144 29.0404 18.5143 229.527 65.1672 19.9718 164.36 59.2745 14.0549 105.086 25.4552 79.6303 12.3016 67.3288 35.1032 32.2256
internal_count=7020 3861 3159 268 218 767 2891 3094 2547 1749 798 404 547 735 213 133 1645 427 123 1218 509 81 709 167 542 80 462 240 222
is_linear=0
shrinkage=0.2


end of trees

feature_importances:
Column_8=149
Column_9=113
Column_7=104
Column_0=83
Column_4=81
Column_14=39
Column_15=34
Column_10=33
Column_1=27
Column_3=25
Column_5=17
Column_43=11
Column_2=9
Column_42=9
Column_6=7
Column_26=6
Column_25=5
Column_41=5
Column_35=3
Column_36=3
Column_37=3
Column_38=3
Column_12=2
Column_20=2
Column_39=2
Column_11=1
Column_21=1
Column_22=1
Column_28=1
Column_30=1
Column_31=1
Column_40=1
Column_44=1

parameters:
[boosting: gbdt]
[objective: binary]
[metric: auc,l2]
[tree_learner: serial]
[device_type: cpu]
[linear_tree: 0]
[data: ]
[valid: ]
[num_iterations: 200]
[learning_rate: 0.2]
[num_leaves: 30]
[num_threads: -1]
[deterministic: 0]
[force_col_wise: 0]
[force_row_wise: 0]
[histogram_pool_size: -1]
[max_depth: 12]
[min_data_in_leaf: 20]
[min_sum_hessian_in_leaf: 0.001]
[bagging_fraction: 0.781106]
[pos_bagging_fraction: 1]
[neg_bagging_fraction: 1]
[bagging_freq: 2]
[bagging_seed: 3]
[feature_fraction: 0.793088]
[feature_fraction_bynode: 1]
[feature_fraction_seed: 2]
[extra_trees: 0]
[extra_seed: 6]
[early_stopping_round: 2]
[first_metric_only: 0]
[max_delta_step: 0]
[lambda_l1: 0]
[lambda_l2: 0.466791]
[linear_lambda: 0]
[min_gain_to_split: 0]
[drop_rate: 0.1]
[max_drop: 50]
[skip_drop: 0.5]
[xgboost_dart_mode: 0]
[uniform_drop: 0]
[drop_seed: 4]
[top_rate: 0.2]
[other_rate: 0.1]
[min_data_per_group: 100]
[max_cat_threshold: 32]
[cat_l2: 10]
[cat_smooth: 10]
[max_cat_to_onehot: 4]
[top_k: 20]
[monotone_constraints: ]
[monotone_constraints_method: basic]
[monotone_penalty: 0]
[feature_contri: ]
[forcedsplits_filename: ]
[refit_decay_rate: 0.9]
[cegb_tradeoff: 1]
[cegb_penalty_split: 0]
[cegb_penalty_feature_lazy: ]
[cegb_penalty_feature_coupled: ]
[path_smooth: 0]
[interaction_constraints: ]
[verbosity: -1]
[saved_feature_importance_type: 0]
[max_bin: 255]
[max_bin_by_feature: ]
[min_data_in_bin: 3]
[bin_construct_sample_cnt: 200000]
[data_random_seed: 1]
[is_enable_sparse: 1]
[enable_bundle: 1]
[use_missing: 1]
[zero_as_missing: 0]
[feature_pre_filter: 1]
[pre_partition: 0]
[two_round: 0]
[header: 0]
[label_column: ]
[weight_column: ]
[group_column: ]
[ignore_column: ]
[categorical_feature: ]
[forcedbins_filename: ]
[objective_seed: 5]
[num_class: 1]
[is_unbalance: 0]
[scale_pos_weight: 1]
[sigmoid: 1]
[boost_from_average: 1]
[reg_sqrt: 0]
[alpha: 0.9]
[fair_c: 1]
[poisson_max_delta_step: 0.7]
[tweedie_variance_power: 1.5]
[lambdarank_truncation_level: 30]
[lambdarank_norm: 1]
[label_gain: ]
[eval_at: ]
[multi_error_top_k: 1]
[auc_mu_weights: ]
[num_machines: 1]
[local_listen_port: 12400]
[time_out: 120]
[machine_list_filename: ]
[machines: ]
[gpu_platform_id: -1]
[gpu_device_id: -1]
[gpu_use_dp: 0]
[num_gpu: 1]

end of parameters

pandas_categorical:null
